date,hour,type,北京,天津,石家庄,唐山,秦皇岛,邯郸,保定,张家口,承德,廊坊,沧州,衡水,邢台,太原,呼和浩特,沈阳,大连,长春,哈尔滨,上海,南京,苏州,南通,连云港,徐州,扬州,无锡,常州,镇江,泰州,淮安,盐城,宿迁,杭州,宁波,温州,绍兴,湖州,嘉兴,台州,舟山,金华,衢州,丽水,合肥,福州,厦门,南昌,济南,青岛,郑州,武汉,长沙,广州,深圳,珠海,佛山,中山,江门,东莞,惠州,肇庆,南宁,海口,重庆,成都,贵阳,昆明,拉萨,西安,兰州,西宁,银川,乌鲁木齐,湘潭,株洲,包头,鄂尔多斯,营口,丹东,盘锦,葫芦岛,泉州,临沂,德州,聊城,滨州,淄博,枣庄,烟台,潍坊,济宁,泰安,日照,威海,东营,韶关,汕头,湛江,茂名,梅州,汕尾,河源,阳江,清远,潮州,揭阳,云浮,玉溪,菏泽,大同,长治,临汾,阳泉,赤峰,鞍山,抚顺,本溪,锦州,吉林,齐齐哈尔,牡丹江,大庆,芜湖,马鞍山,九江,洛阳,安阳,开封,焦作,平顶山,三门峡,宜昌,荆州,岳阳,常德,张家界,桂林,北海,柳州,三亚,绵阳,宜宾,攀枝花,泸州,自贡,德阳,南充,遵义,曲靖,咸阳,铜川,延安,宝鸡,渭南,金昌,嘉峪关,石嘴山,克拉玛依,巴音郭楞州,寿光,章丘,即墨,胶南,胶州,莱西,平度,蓬莱,招远,莱州,荣成,文登,乳山,吴江,昆山,常熟,张家港,太仓,句容,江阴,宜兴,金坛,溧阳,海门,临安,富阳,义乌,诸暨,瓦房店,信阳,周口,漳州,晋城,朔州,晋中,运城,忻州,吕梁,乌海,通辽,呼伦贝尔,巴彦淖尔,乌兰察布,兴安盟,锡林郭勒盟,阿拉善盟,阜新,辽阳,铁岭,朝阳,四平,辽源,通化,白山,松原,白城,延边朝鲜族自治州,鸡西,鹤岗,双鸭山,伊春,佳木斯,七台河,黑河,绥化,大兴安岭地区,蚌埠,淮南,淮北,铜陵,安庆,黄山,滁州,阜阳,宿州,六安,亳州,池州,宣城,莆田,三明,南平,龙岩,宁德,景德镇,萍乡,新余,鹰潭,赣州,吉安,宜春,抚州,上饶,鹤壁,新乡,濮阳,许昌,漯河,南阳,商丘,驻马店,黄石,十堰,襄阳,鄂州,荆门,孝感,黄冈,咸宁,随州,恩施土家族苗族自治州,衡阳,邵阳,益阳,郴州,永州,怀化,娄底,湘西州,梧州,防城港,钦州,贵港,玉林,百色,贺州,河池,来宾,崇左,广元,遂宁,内江,乐山,眉山,广安,达州,雅安,巴中,资阳,阿坝藏族羌族自治州,甘孜州,甘孜藏族自治州,凉山彝族自治州,六盘水,安顺,铜仁地区,毕节,黔西南布依族苗族自治州,黔东南苗族侗族自治州,黔东南州,黔南布依族苗族自治州,保山,昭通,丽江,普洱,临沧,楚雄州,红河州,文山州,西双版纳州,大理州,德宏州,怒江州,迪庆州,昌都,山南,日喀则,那曲地区,那曲,阿里地区,林芝,汉中,榆林,安康,商洛,白银,天水,武威,张掖,平凉,酒泉,庆阳,定西,陇南,临夏回族自治州,甘南州,海东地区,海北藏族自治州,黄南藏族自治州,海南藏族自治州,果洛藏族自治州,玉树藏族自治州,海西蒙古族藏族自治州,吴忠,中卫,固原,吐鲁番地区,哈密地区,昌吉州,博尔塔拉蒙古自治州,阿克苏地区,克孜勒苏柯尔克孜自治州,喀什地区,和田地区,伊犁哈萨克州,塔城地区,阿勒泰地区,石河子,五家渠,三沙,兰州新区,赣江新区,儋州,雄安新区,西咸新区
20250905,0,AQI,49,59,40,56,42,33,56,38,53,74,51,61,41,42,39,67,40,61,47,25,36,32,26,24,69,50,35,51,55,46,20,19,22,37,22,27,45,31,27,32,11,49,30,26,35,36,18,46,55,22,29,42,37,22,10,9,20,9,14,24,11,27,25,20,53,51,31,28,14,18,54,33,160,43,35,43,26,26,44,53,44,53,40,25,69,56,27,38,53,31,28,56,51,16,26,31,45,14,13,17,17,14,34,14,46,29,37,33,25,31,56,29,41,56,44,61,54,46,61,44,45,45,42,53,51,55,24,29,26,23,21,25,20,46,44,55,28,29,14,32,14,37,64,36,52,31,51,49,33,27,20,23,12,17,23,27,58,500,53,88,,,,,,,,,,,,,,,,,,,,,,,,,,,,,,17,49,31,22,45,31,25,41,32,500,55,42,243,41,54,33,62,49,66,37,58,40,44,26,52,35,40,21,59,69,39,43,51,25,39,44,25,40,28,41,52,39,27,34,44,45,21,36,37,48,51,26,21,30,26,42,27,41,26,27,19,32,27,39,30,29,34,24,37,21,59,23,56,24,43,44,53,47,32,28,22,33,40,54,27,38,48,43,44,33,66,32,42,40,36,42,32,23,37,35,13,22,29,89,103,68,59,64,27,43,23,,17,23,27,20,17,50,28,20,,17,29,53,19,34,37,20,34,19,34,23,28,23,21,26,22,17,23,,19,10,16,22,27,17,30,19,17,51,276,,18,,36,,22,51,30,37,30,27,23,60,308,51,184,125,37,50,59,500,500,500,436,65,26,43,35,25,,32,23,18,52,18
20250905,0,PM2.5,31,42,19,38,20,23,31,21,31,54,33,29,17,25,18,47,28,33,24,12,19,20,18,4,50,28,20,31,39,32,12,6,9,24,10,17,29,22,17,13,5,28,17,18,23,25,11,28,36,7,12,25,22,10,3,4,9,3,6,7,5,10,15,12,37,34,16,13,7,8,31,15,55,15,19,21,14,9,26,25,31,37,28,9,50,29,17,24,34,10,16,38,29,7,4,12,28,7,5,10,12,4,15,5,24,13,19,5,5,22,26,20,17,31,31,44,28,18,44,25,27,24,22,37,35,39,15,20,17,15,4,3,8,32,31,39,16,17,6,20,5,26,46,16,35,20,34,34,22,11,7,3,6,11,5,15,17,81,19,34,,,,,,,,,,,,,,,,,,,,,,,,,,,,,,9,34,18,3,24,22,7,29,15,116,39,21,137,24,38,17,21,31,44,24,41,25,18,13,21,23,28,10,29,22,27,25,26,13,27,23,11,22,13,18,34,27,19,24,23,28,11,24,24,32,36,14,5,14,17,27,19,20,16,19,10,18,13,27,18,15,24,14,25,4,32,13,30,14,28,19,37,26,18,18,11,23,27,38,19,26,32,30,31,18,31,11,14,21,24,25,21,13,21,13,8,9,20,66,77,49,42,46,15,30,16,,3,13,19,13,9,35,17,13,,10,20,36,6,20,26,13,24,9,18,16,17,14,10,8,3,5,6,,3,3,7,4,9,9,9,13,11,28,182,,3,,16,,9,34,21,16,6,19,3,17,68,36,68,71,14,25,32,329,226,326,149,32,3,11,15,8,,12,16,5,25,3
20250905,0,PM2.5_24h,36,38,18,43,26,18,24,22,31,43,33,22,9,18,22,24,23,18,21,13,23,17,19,9,26,25,22,36,33,28,14,14,18,25,10,14,26,27,18,11,6,23,21,14,23,20,20,21,28,7,11,19,19,12,7,6,14,6,9,13,9,11,14,6,35,25,13,9,7,9,29,25,22,9,18,21,24,17,22,21,21,37,28,14,37,26,32,30,17,9,22,24,20,9,5,16,25,13,6,8,13,9,14,7,20,19,18,9,5,22,22,16,10,27,23,24,21,20,32,18,22,17,25,30,33,27,11,16,16,11,11,5,10,17,19,30,16,14,6,15,4,23,35,16,35,22,24,20,15,10,9,5,7,17,8,36,28,25,10,35,,,,,,,,,,,,,,,,,,,,,,,,,,,,,,20,24,22,5,18,19,7,24,14,40,35,16,42,26,24,18,20,27,24,21,40,20,14,15,16,25,25,11,18,17,19,22,23,10,16,26,11,21,17,18,32,23,12,27,23,25,19,21,20,24,29,17,14,15,16,23,19,19,17,17,15,22,15,20,16,15,16,13,29,9,35,23,20,19,29,19,28,18,23,15,23,15,24,26,20,20,17,15,25,15,33,11,13,14,15,17,16,12,12,10,8,7,22,36,40,32,21,26,15,16,11,,6,14,15,14,10,23,14,13,,4,15,29,6,14,19,11,19,12,10,13,15,14,9,5,3,2,15,,1,5,6,7,9,9,32,19,35,36,26,,7,,16,,14,26,25,14,16,13,4,16,29,41,28,131,15,9,21,171,171,210,179,14,5,6,14,12,,24,16,8,32,8
20250905,0,PM10,49,63,40,61,42,32,62,38,55,79,52,71,41,42,39,84,37,72,47,25,36,32,25,14,68,50,35,51,45,37,20,11,19,37,22,27,45,31,27,32,11,49,30,26,35,30,18,46,60,18,13,42,37,22,10,9,20,7,14,23,11,27,25,20,54,52,31,28,14,14,58,33,270,43,35,43,26,22,44,55,38,34,36,25,84,61,27,38,56,14,28,61,51,15,11,23,45,14,9,17,,9,34,8,46,29,37,33,25,27,61,28,41,61,44,71,57,46,56,44,45,45,42,49,52,55,16,26,17,22,9,9,13,37,44,51,28,29,14,32,14,37,63,36,54,31,51,38,33,27,11,7,10,13,12,27,66,610,55,125,,,,,,,,,,,,,,,,,,,,,,,,,,,,,,16,35,31,11,45,28,7,38,32,668,51,42,380,41,48,33,73,49,81,37,45,40,44,26,53,35,29,21,68,87,39,43,51,25,33,44,25,40,27,41,53,36,26,32,44,45,21,36,37,48,38,26,12,30,26,42,25,41,26,24,18,32,27,37,22,29,29,24,37,12,67,23,61,24,43,44,55,47,32,28,22,33,40,44,24,38,48,39,38,33,81,32,42,40,36,42,32,23,37,35,13,22,26,99,112,59,65,63,27,42,21,,17,23,26,20,17,46,28,,,17,21,55,19,34,,20,29,19,34,14,28,23,21,11,8,17,10,,6,8,16,11,27,17,30,18,14,52,403,,10,,36,,17,51,26,37,30,24,6,70,426,31,318,199,37,50,68,1019,787,860,536,79,26,43,35,25,,24,19,18,53,10
20250905,0,PM10_24h,50,56,39,65,52,30,51,37,50,65,51,53,30,38,44,48,29,39,46,24,39,28,31,20,41,40,36,55,42,34,23,21,25,36,23,25,38,38,29,25,14,41,35,27,36,32,29,38,47,13,16,38,34,24,14,10,21,11,19,28,18,22,22,14,48,50,24,18,13,15,81,48,67,27,31,34,42,38,37,39,29,42,39,26,60,48,48,47,34,12,37,46,38,15,10,29,39,21,14,18,20,14,25,14,36,42,35,24,20,31,40,24,24,52,37,42,41,43,44,31,51,32,49,43,51,36,15,27,20,18,17,9,17,26,31,42,22,26,12,30,12,44,49,33,51,34,47,29,22,18,16,9,13,24,12,123,111,103,25,110,,,,,,,,,,,,,,,,,,,,,,,,,,,,,,34,43,34,16,45,30,9,37,34,137,50,31,124,42,46,47,76,47,44,38,49,33,35,26,34,40,36,25,46,49,36,37,42,30,28,50,25,36,33,35,52,33,28,32,42,38,27,30,33,33,40,30,21,27,25,34,29,34,33,28,30,38,28,35,21,33,22,23,36,23,58,35,45,27,47,43,38,37,35,24,35,23,35,39,31,28,26,24,38,20,62,26,30,26,23,36,24,21,24,23,16,25,25,54,80,41,45,44,25,21,11,,18,21,23,17,22,33,24,12,,11,17,39,13,28,16,20,23,20,22,14,27,22,17,8,6,8,27,,5,8,14,14,23,17,111,42,102,131,65,,13,,49,,22,45,34,30,39,26,13,35,98,202,62,389,56,28,42,551,514,555,668,36,15,21,28,31,,59,27,16,58,11
20250905,0,SO2,3,7,2,5,5,6,4,5,3,6,5,6,2,8,7,8,8,5,9,6,5,5,4,4,7,7,7,10,4,8,7,6,5,7,6,4,7,7,7,7,3,3,4,4,6,5,3,6,9,5,5,6,6,6,7,5,5,5,5,6,8,10,6,5,9,4,5,5,7,2,7,10,5,7,4,10,6,6,7,6,9,4,3,9,10,9,3,8,9,5,8,6,3,6,4,5,10,5,4,5,7,4,5,3,11,9,13,7,4,5,7,7,4,16,14,7,6,6,15,9,6,6,8,6,8,11,6,6,4,4,4,5,4,7,7,6,6,5,4,6,2,9,6,13,5,8,4,4,6,5,3,3,4,7,4,1,15,7,6,5,,,,,,,,,,,,,,,,,,,,,,,,,,,,,,4,4,7,2,3,5,3,5,3,7,6,6,9,10,6,4,8,23,4,8,5,6,10,11,7,5,2,6,9,13,7,5,7,10,7,8,5,7,6,9,10,4,4,6,5,5,4,8,6,6,6,5,4,16,5,6,11,9,6,6,10,10,4,32,4,5,3,2,4,7,4,3,8,7,7,8,3,9,4,4,4,6,6,7,5,9,3,4,8,6,10,3,4,4,5,9,15,6,14,7,5,7,4,7,11,5,5,7,6,8,8,,5,7,4,6,4,18,5,3,,3,9,9,10,7,7,7,7,6,5,6,6,5,6,3,3,8,1,,6,5,5,4,5,5,5,10,6,4,9,,5,,6,,5,18,8,9,10,17,3,9,3,4,8,6,4,7,7,4,5,5,3,4,3,3,9,5,,11,5,7,6,4
20250905,0,SO2_24h,3,8,3,5,5,8,3,5,4,4,5,7,3,10,7,8,8,5,8,6,5,5,5,5,6,7,6,9,4,9,8,6,7,7,6,4,6,7,6,6,3,3,4,4,7,5,4,6,9,5,5,5,6,6,7,5,5,6,5,6,8,8,5,5,9,4,6,5,6,2,10,16,8,6,6,9,9,7,8,7,6,5,4,8,10,10,5,8,8,5,6,6,3,8,4,5,10,6,4,6,7,4,6,4,9,12,7,6,5,5,5,7,4,18,11,8,7,7,7,7,6,6,7,6,8,7,6,6,4,4,4,4,4,4,7,6,6,5,4,6,3,9,7,11,5,8,5,4,6,4,3,3,6,7,4,2,37,10,6,4,,,,,,,,,,,,,,,,,,,,,,,,,,,,,,5,5,6,2,4,7,3,7,4,13,6,6,8,12,6,4,9,12,5,10,5,6,10,12,6,7,4,6,9,12,9,7,7,10,7,7,5,6,6,9,9,5,4,7,5,5,4,6,6,6,6,6,5,10,5,6,15,10,8,6,12,7,4,14,5,5,3,2,5,8,4,3,7,7,7,10,2,11,7,4,5,6,10,9,6,13,3,5,8,6,9,4,4,4,5,9,12,8,10,7,5,7,5,6,15,5,6,7,6,6,8,,5,10,4,6,5,10,4,3,,3,9,7,10,7,7,6,7,4,6,5,10,5,6,3,3,8,3,,6,5,6,6,5,4,34,9,9,7,9,,5,,8,,5,12,8,10,9,16,4,9,4,4,8,7,4,7,5,4,10,5,4,4,3,3,10,6,,9,6,7,6,4
20250905,0,NO2,18,22,15,17,27,13,33,11,19,21,22,34,27,20,19,65,20,51,28,25,23,26,22,7,23,15,31,25,19,11,13,10,10,30,16,15,24,20,21,10,17,27,29,15,23,14,24,34,37,13,9,22,15,28,18,9,20,10,9,48,16,15,11,11,20,31,10,17,21,11,6,11,13,48,13,13,14,10,32,25,30,12,20,18,51,26,13,26,21,8,18,19,34,17,8,13,22,9,7,9,11,9,10,5,26,13,25,18,21,12,23,6,14,48,19,19,37,25,35,23,8,31,9,16,18,46,11,13,9,9,9,8,7,12,20,14,8,14,9,17,7,18,12,23,6,13,20,8,10,12,11,7,24,9,8,7,21,9,30,16,,,,,,,,,,,,,,,,,,,,,,,,,,,,,,9,11,20,8,6,8,5,14,29,3,14,24,6,15,9,8,3,17,28,16,10,37,22,18,15,8,5,16,44,21,14,9,18,34,9,10,5,21,9,12,23,8,10,8,14,11,11,11,12,19,13,20,3,22,9,13,13,10,23,11,6,10,10,20,5,5,11,10,9,6,17,10,21,6,14,25,11,23,8,11,10,10,11,21,13,17,11,24,17,10,47,25,26,22,14,21,14,20,19,20,26,7,8,32,27,8,34,16,13,15,13,,25,10,6,2,11,11,7,5,,5,5,22,8,6,8,7,6,7,8,10,10,15,7,1,3,11,8,,2,2,9,12,10,13,4,14,21,12,5,,7,,6,,5,4,6,1,1,1,13,3,4,3,4,30,23,63,26,9,17,71,35,65,3,21,40,14,,5,24,4,19,12
20250905,0,NO2_24h,12,17,14,15,23,17,22,10,14,16,16,19,12,23,23,29,13,21,19,20,22,21,28,13,19,16,22,31,24,11,13,10,12,21,13,14,18,27,20,10,17,22,19,15,18,12,22,20,26,7,14,16,11,20,13,7,17,10,9,25,12,12,10,6,16,21,9,12,15,10,18,14,20,20,10,11,20,16,16,17,18,21,16,15,24,19,17,24,14,9,19,17,19,9,9,16,16,8,9,10,11,7,11,7,21,15,15,12,12,15,17,12,10,35,17,14,22,20,18,15,13,20,12,19,18,28,12,17,12,9,10,8,10,10,13,10,5,9,7,16,6,17,15,18,12,14,19,9,8,8,10,11,12,12,7,11,22,14,11,6,,,,,,,,,,,,,,,,,,,,,,,,,,,,,,9,10,17,15,11,15,10,20,24,14,14,15,7,23,12,9,6,13,17,18,10,18,17,15,12,10,9,14,23,15,11,10,18,22,13,11,7,15,12,10,22,12,5,11,13,8,13,10,12,11,11,14,8,14,8,8,13,12,11,12,6,8,6,17,9,12,14,11,11,7,14,11,12,9,13,16,9,14,13,9,10,7,10,18,13,11,5,9,13,8,24,12,16,11,8,15,11,13,12,12,21,8,11,18,24,11,25,14,15,10,7,,16,9,6,3,7,9,7,4,,4,7,11,10,6,8,8,5,6,5,8,9,10,6,4,3,7,14,,4,4,9,9,8,15,17,13,16,12,15,,6,,8,,10,8,5,5,9,5,15,3,13,7,9,12,11,24,11,8,15,26,23,17,2,15,16,16,,11,19,5,15,9
20250905,0,O3,75,89,88,86,90,95,69,95,31,108,89,65,64,75,83,20,67,10,57,33,67,68,50,77,61,92,54,72,106,85,65,61,71,46,40,49,76,77,74,60,36,63,43,51,73,89,43,33,61,70,92,58,71,34,20,30,32,30,36,8,27,47,59,31,57,61,49,29,44,56,82,67,77,38,65,64,69,82,49,17,53,97,63,59,69,68,80,51,62,99,88,65,71,52,82,99,76,37,42,43,47,45,49,45,99,27,22,31,9,62,62,91,45,42,71,45,10,15,63,20,74,7,72,129,108,24,77,93,83,73,68,79,64,94,54,56,30,29,46,54,30,28,67,20,62,71,49,32,46,46,64,75,27,54,74,73,61,93,40,70,,,,,,,,,,,,,,,,,,,,,,,,,,,,,,55,34,40,69,112,98,79,87,41,114,109,29,91,83,75,81,99,68,35,54,83,18,11,3,11,87,82,20,5,28,48,17,57,32,52,94,17,76,89,89,82,96,25,80,77,91,37,71,66,89,67,31,66,10,63,40,32,49,26,56,62,50,47,38,96,91,81,70,49,67,36,48,38,66,43,41,62,48,53,34,71,25,61,33,,36,32,21,36,15,18,35,30,27,27,28,67,20,29,8,5,45,74,32,68,61,10,24,7,50,5,,16,35,50,52,43,48,49,65,,42,27,34,40,26,19,35,47,51,12,38,13,15,31,82,71,47,74,,60,31,12,70,33,31,94,57,55,72,78,,59,,54,,71,86,95,102,,86,75,80,87,93,82,42,50,18,50,54,65,20,41,5,33,22,38,66,,102,28,34,88,57
20250905,0,O3_24h,,,,,,,,,,,,,,,,,,,,,,,,,,,,,,,,,,,,,,,,,,,,,,,,,,,,,,,,,,,,,,,,,,,,,,,,,,,,,,,,,,,,,,,,,,,,,,,,,,,,,,,,,,,,,,,,,,,,,,,,,,,,,,,,,,,,,,,,,,,,,,,,,,,,,,,,,,,,,,,,,,,,,,,,,,,,,,,,,,,,,,,,,,,,,,,,,,,,,,,,,,,,,,,,,,,,,,,,,,,,,,,,,,,,,,,,,,,,,,,,,,,,,,,,,,,,,,,,,,,,,,,,,,,,,,,,,,,,,,,,,,,,,,,,,,,,,,,,,,,,,,,,,,,,,,,,,,,,,,,,,,,,,,,,,,,,,,,,,,,,,,,,,,,,,,,,,,,,,,,,,,,,,,,,,,,,,,,
20250905,0,O3_8h,161,178,138,177,141,127,156,127,140,178,190,149,132,95,133,134,113,109,112,120,161,160,136,101,128,148,172,201,172,142,119,107,125,163,143,107,170,169,169,104,90,167,133,109,153,134,130,122,157,92,95,122,120,129,65,62,120,69,94,164,85,101,87,47,128,136,59,65,82,69,99,113,141,93,107,113,140,117,121,87,118,137,168,108,160,129,151,154,122,136,123,115,141,105,111,133,162,76,44,53,80,61,103,63,162,99,98,72,53,78,125,90,79,94,123,125,126,105,139,98,98,86,115,152,202,121,90,97,93,86,80,99,94,126,121,113,69,79,61,88,46,82,93,78,99,105,91,75,82,80,70,72,68,63,79,78,87,121,89,89,,,,,,,,,,,,,,,,,,,,,,,,,,,,,,101,78,134,67,131,104,79,126,86,108,136,80,85,133,123,117,126,135,127,123,120,109,97,76,81,113,114,65,118,107,108,99,103,112,65,141,56,125,136,134,146,131,90,148,139,128,123,93,141,146,137,111,95,88,118,134,101,100,114,110,117,111,99,116,85,100,78,75,50,81,64,67,114,70,73,132,115,116,136,84,121,76,99,77,126,98,66,69,88,72,155,68,81,86,69,96,101,70,83,68,27,105,107,101,152,114,60,94,23,106,35,,55,72,78,65,66,77,56,63,,50,52,69,52,44,48,39,48,58,51,57,64,58,52,66,79,76,79,,62,49,38,95,60,47,104,89,82,76,60,,71,,69,,71,118,116,84,100,81,86,99,120,108,62,90,87,100,84,89,89,82,98,95,76,64,89,98,,118,123,43,164,68
20250905,0,O3_8h_24h,124,133,117,134,114,113,115,110,79,147,142,118,110,87,96,73,85,49,77,67,105,115,92,85,99,98,131,126,113,107,88,84,96,105,79,62,132,121,109,67,46,109,82,65,100,106,75,75,110,84,91,82,93,87,36,46,79,49,64,91,50,77,73,42,93,106,50,47,67,62,89,90,113,80,92,90,111,93,85,45,70,113,107,87,118,89,104,98,91,110,110,84,113,82,84,112,130,50,41,38,61,49,64,59,142,46,54,58,37,66,95,88,65,68,93,83,67,43,105,47,87,32,94,134,168,49,78,91,86,76,73,86,74,98,96,82,47,56,53,70,38,58,78,46,82,90,69,58,64,67,66,67,51,57,75,66,77,109,71,79,,,,,,,,,,,,,,,,,,,,,,,,,,,,,,73,70,76,52,113,103,78,99,61,107,120,59,78,104,100,89,109,94,81,79,107,60,36,27,31,92,92,45,42,53,78,45,50,67,41,109,26,97,104,114,109,105,53,94,112,112,59,83,103,105,91,56,76,35,82,87,63,74,73,77,86,67,76,65,85,100,71,73,50,67,56,44,63,54,55,77,92,89,82,43,89,50,68,64,103,67,55,44,68,43,88,58,57,61,45,59,83,41,65,38,12,78,86,77,117,84,33,74,15,84,14,,27,53,68,56,58,67,53,63,,44,42,46,46,32,35,39,46,55,31,46,37,36,44,61,78,64,74,,57,42,24,82,48,32,97,60,69,71,47,,67,,61,,60,100,112,78,98,73,70,91,107,100,62,69,69,82,73,71,75,62,74,77,63,45,76,88,,105,57,40,122,63
20250905,0,CO,0.61,0.67,0.49,0.58,0.38,0.63,0.40,0.60,0.63,0.75,0.40,0.57,0.38,0.57,0.46,1.30,0.55,0.80,0.71,0.58,0.60,0.48,0.63,0.59,0.48,0.64,0.80,1.13,0.80,0.72,0.50,0.54,0.37,0.62,0.44,0.48,0.48,0.55,0.68,0.43,0.50,0.53,0.37,0.43,0.71,0.40,0.38,0.73,0.70,0.34,0.59,0.81,0.47,0.46,0.51,0.35,0.51,0.35,0.37,0.42,0.40,0.48,0.54,0.32,0.68,0.71,0.35,0.44,0.33,0.58,0.35,0.53,0.30,0.59,0.58,0.86,0.76,0.62,0.60,0.88,0.57,0.70,0.53,0.47,1.00,0.78,0.35,0.45,0.47,0.35,0.58,0.62,0.60,0.52,0.38,0.48,0.78,0.51,0.33,0.48,0.53,0.40,0.70,0.40,0.57,0.50,0.66,0.50,0.53,0.30,0.68,0.85,0.93,0.82,0.78,1.04,0.95,0.87,0.78,0.57,0.66,0.46,0.78,0.73,0.67,0.95,0.54,0.68,0.83,0.63,0.56,0.53,0.40,0.60,0.88,0.68,0.47,0.43,0.47,0.51,0.40,0.70,0.92,0.80,0.53,0.53,0.95,0.45,0.40,0.47,0.50,0.60,0.83,0.70,0.55,0.50,0.50,0.42,0.50,0.30,,,,,,,,,,,,,,,,,,,,,,,,,,,,,,0.38,0.90,0.57,0.70,0.40,0.43,0.74,0.73,0.87,0.33,0.53,0.25,0.40,0.50,0.60,0.30,0.35,0.64,1.05,0.75,0.67,0.45,0.55,0.45,0.65,0.45,0.55,0.60,0.80,0.67,0.63,0.68,0.73,0.77,0.45,0.60,0.25,0.62,0.40,0.67,0.55,0.75,0.60,0.38,0.48,0.38,0.35,0.67,0.80,0.57,0.53,0.97,0.53,0.60,0.55,0.83,0.55,0.55,0.30,0.66,0.55,0.46,0.53,0.60,0.66,0.42,0.70,0.67,0.62,0.63,0.73,0.33,0.53,0.75,0.75,0.57,0.72,1.00,0.47,0.70,0.63,0.47,0.87,0.70,0.70,0.53,0.43,0.43,0.70,0.40,0.87,0.47,0.57,0.63,0.60,0.67,0.60,0.60,0.60,0.70,1.03,0.43,0.55,1.08,0.80,0.70,0.57,0.70,0.75,0.67,0.50,,0.25,0.70,0.33,0.57,0.45,0.70,0.50,0.35,,0.25,0.35,0.50,0.40,0.45,0.50,0.45,0.30,0.35,0.55,0.60,0.55,0.55,0.45,0.20,0.15,0.20,0.40,,0.30,0.35,0.67,0.67,0.60,0.60,0.35,0.70,0.30,0.45,0.55,,0.70,,0.50,,0.25,0.70,0.50,0.40,0.40,0.50,0.40,0.60,0.30,0.30,0.13,0.60,0.25,0.80,0.45,0.55,0.15,0.70,0.70,1.05,0.10,0.40,0.40,0.30,,0.35,0.30,0.40,0.38,0.57
20250905,0,CO_24h,0.65,0.76,0.48,0.93,0.40,0.72,0.39,0.58,0.63,0.70,0.55,0.50,0.47,0.66,0.51,1.09,0.53,0.59,0.65,0.58,0.70,0.47,0.74,0.83,0.33,0.70,0.72,0.95,0.84,0.70,0.52,0.60,0.50,0.61,0.44,0.38,0.48,0.57,0.70,0.43,0.55,0.50,0.43,0.43,0.77,0.37,0.46,0.71,0.66,0.32,0.58,0.67,0.48,0.45,0.51,0.37,0.51,0.35,0.37,0.43,0.43,0.42,0.49,0.28,0.67,0.58,0.28,0.36,0.32,0.65,0.50,0.87,0.46,0.34,0.73,0.90,0.71,0.58,0.68,0.85,0.53,0.70,0.55,0.43,0.92,0.65,0.48,0.55,0.40,0.30,0.57,0.62,0.47,0.72,0.40,0.50,0.73,0.57,0.38,0.52,0.53,0.40,0.65,0.47,0.53,0.50,0.60,0.40,0.57,0.40,0.71,0.85,0.82,1.02,0.74,1.00,0.95,0.95,0.78,0.52,0.64,0.38,0.87,0.70,0.77,0.68,0.49,0.82,0.73,0.57,0.54,0.45,0.45,0.53,0.78,0.63,0.37,0.37,0.50,0.51,0.33,0.62,0.94,0.90,0.57,0.60,0.85,0.45,0.36,0.43,0.57,0.75,0.70,0.68,0.60,0.40,0.87,0.60,0.26,0.20,,,,,,,,,,,,,,,,,,,,,,,,,,,,,,0.50,0.90,0.57,0.98,0.42,0.53,0.82,0.73,0.83,0.57,0.60,0.35,0.50,0.63,0.70,0.30,0.40,0.68,0.83,0.75,0.88,0.50,0.55,0.65,0.60,0.55,0.60,0.63,0.70,0.60,0.57,0.78,0.77,0.67,0.45,0.70,0.35,0.50,0.42,0.67,0.65,0.70,0.50,0.47,0.52,0.43,0.47,0.70,0.85,0.50,0.57,1.27,0.63,0.57,0.55,0.77,0.85,0.72,0.28,0.66,0.55,0.48,0.50,0.53,0.66,0.40,0.60,0.53,0.62,0.55,0.70,0.30,0.53,0.70,0.72,0.87,0.58,0.70,0.57,0.60,0.80,0.43,0.85,0.70,0.80,0.47,0.37,0.22,0.65,0.35,0.83,0.50,0.47,0.50,0.57,0.60,0.53,0.50,0.50,0.60,0.93,0.43,0.65,0.77,0.67,0.68,0.47,0.60,0.75,0.60,0.60,,0.40,0.67,0.33,0.53,0.45,0.55,0.50,0.40,,0.30,0.35,0.40,0.40,0.45,0.50,0.55,0.27,0.35,0.50,0.60,0.45,0.45,0.40,0.20,0.15,0.25,0.40,,0.30,0.40,0.63,0.63,0.60,0.65,0.45,0.60,0.40,0.45,0.70,,0.60,,0.50,,0.30,0.80,0.60,0.40,0.50,0.50,0.50,0.30,0.43,0.50,0.33,0.50,0.20,0.45,0.35,0.55,0.20,0.40,0.35,0.55,0.10,0.40,0.30,0.40,,0.35,0.50,0.45,0.45,0.60
20250905,1,AQI,51,58,41,57,41,37,58,35,51,80,50,67,42,42,41,65,36,55,47,26,36,27,27,23,55,51,39,51,61,51,20,16,21,38,21,24,45,33,27,27,12,46,28,24,36,37,19,40,56,20,29,47,38,20,9,9,19,9,15,22,10,29,27,20,59,53,24,22,13,18,41,25,116,50,30,45,26,25,41,52,37,55,39,27,71,56,27,43,50,31,29,58,54,14,27,28,45,12,14,14,28,15,27,13,45,23,44,28,20,28,56,32,38,55,49,54,48,45,58,41,43,55,41,51,50,48,24,30,25,29,19,26,19,47,39,50,24,32,13,32,18,33,65,30,50,33,52,44,34,28,19,22,17,17,23,24,67,256,46,84,,,,,,,,,,,,,,,,,,,,,,,,,,,,,,24,42,30,21,36,30,25,51,31,143,61,40,500,39,43,29,51,55,58,43,60,34,37,21,49,32,31,24,55,57,36,40,44,25,33,47,26,40,29,44,53,37,30,36,43,44,17,36,39,47,43,26,18,27,26,41,32,35,34,29,19,34,27,40,29,29,33,46,34,22,62,23,58,20,38,44,54,46,31,27,20,30,43,47,26,39,43,31,50,32,69,28,41,41,31,46,32,23,34,34,14,30,27,88,106,68,49,54,27,41,21,,11,22,31,21,19,45,28,24,,16,26,49,14,31,26,27,33,16,31,26,30,33,19,27,19,14,25,,28,10,13,19,20,19,29,21,18,49,257,,42,,32,,30,57,27,35,25,26,20,56,175,37,75,118,51,50,65,500,500,500,447,91,11,38,38,26,,32,29,15,58,17
20250905,1,PM2.5,32,41,19,40,20,22,32,24,33,59,30,35,15,24,18,44,25,29,23,11,19,16,17,4,39,30,21,29,44,36,11,10,9,26,9,14,30,22,19,10,5,29,18,17,24,26,13,26,38,9,11,25,22,8,3,4,9,5,5,7,4,11,15,10,42,33,13,11,6,8,23,13,43,20,19,22,13,6,29,26,26,39,26,11,52,31,18,27,30,12,12,37,35,6,5,13,29,6,5,9,13,5,14,3,23,12,20,8,6,19,23,18,20,36,33,34,24,18,41,23,26,18,21,36,35,32,15,21,17,13,5,4,5,33,26,35,15,16,6,22,5,23,47,13,33,19,35,31,22,12,6,3,7,8,3,13,23,60,18,29,,,,,,,,,,,,,,,,,,,,,,,,,,,,,,15,29,17,3,17,21,5,36,15,57,44,21,164,23,30,14,19,26,33,25,43,21,15,13,14,22,22,11,23,21,25,24,23,10,21,23,13,23,15,23,33,26,14,25,26,29,12,24,26,33,30,14,6,14,17,27,18,20,17,19,8,19,13,28,12,10,23,15,24,5,40,16,26,12,23,21,38,25,22,18,9,19,30,27,18,27,27,21,35,17,36,10,14,22,21,26,20,14,23,15,8,8,18,65,80,49,32,38,16,29,12,,3,13,22,13,10,30,13,13,,11,18,34,6,22,18,14,22,9,18,18,19,16,13,9,3,3,3,,3,3,8,7,8,9,6,15,7,24,135,,16,,10,,10,31,16,16,6,11,3,18,52,26,29,65,18,21,31,297,257,303,153,46,3,3,14,17,,12,20,7,33,6
20250905,1,PM2.5_24h,36,38,18,43,25,18,24,22,31,44,33,23,9,19,22,25,22,19,21,14,23,17,19,8,26,25,22,36,33,28,14,13,18,25,10,15,26,27,19,12,6,24,20,15,23,21,19,21,28,7,11,19,19,12,7,6,14,6,9,13,9,11,14,7,35,25,13,9,7,8,29,25,23,10,18,22,24,17,22,21,21,36,28,14,38,27,32,30,18,9,21,25,20,9,5,15,25,12,6,8,13,9,14,7,20,19,18,9,5,22,22,16,10,28,23,25,21,20,32,18,22,17,25,30,33,27,11,16,15,12,11,5,10,18,19,30,16,14,6,16,4,23,35,16,35,22,24,21,15,10,9,5,7,15,7,34,28,27,10,35,,,,,,,,,,,,,,,,,,,,,,,,,,,,,,19,25,22,5,18,18,6,24,14,42,35,16,48,26,23,17,20,26,24,21,39,20,14,15,16,24,25,11,18,17,20,22,23,10,16,26,11,21,17,18,32,23,12,27,23,25,18,22,20,24,29,17,14,15,16,23,19,19,17,17,15,22,14,21,16,15,17,13,30,9,36,23,20,18,28,18,29,18,23,15,23,15,24,25,19,20,18,15,25,15,33,11,13,14,15,18,16,12,12,11,8,8,22,36,42,33,22,27,15,17,11,,6,14,16,14,10,24,15,13,,5,15,29,7,14,19,11,19,12,10,14,15,14,10,6,3,2,14,,2,5,6,7,9,9,31,18,33,35,31,,7,,16,,14,27,25,14,15,13,4,16,31,41,28,131,14,9,21,180,178,217,177,15,5,6,13,12,,24,17,8,32,7
20250905,1,PM10,51,60,41,64,41,37,66,35,51,85,50,83,42,42,41,79,35,60,47,26,36,27,27,14,51,52,39,52,51,40,16,15,19,38,21,24,45,33,27,27,12,46,28,24,36,30,19,40,62,19,17,47,38,20,9,9,19,9,15,22,10,29,27,20,55,56,24,22,13,17,41,25,182,50,30,45,26,17,40,54,33,31,39,27,75,62,27,43,50,23,29,65,58,14,14,24,45,12,14,14,28,15,27,10,45,23,44,28,20,28,61,32,38,59,49,57,48,45,63,41,43,59,41,47,50,48,16,24,20,29,10,11,19,43,39,48,24,32,8,32,18,33,65,30,50,33,54,37,34,28,17,9,17,12,12,24,84,389,46,118,,,,,,,,,,,,,,,,,,,,,,,,,,,,,,24,42,30,13,36,30,7,27,31,235,59,40,622,39,41,29,52,59,66,43,45,34,37,21,49,32,29,24,60,64,35,40,44,25,33,47,26,40,29,44,55,34,30,28,43,44,14,36,39,47,37,26,14,27,26,41,32,35,34,29,19,34,27,38,23,24,30,46,29,11,73,22,66,20,38,44,51,46,29,27,20,30,34,47,26,39,43,31,46,32,88,28,41,41,31,46,32,23,34,34,14,30,27,91,115,55,49,53,27,35,21,,11,22,27,21,19,45,28,24,,13,,,14,29,13,27,33,15,31,,30,33,17,17,9,11,8,,6,6,13,9,20,19,17,16,,49,390,,42,,32,,30,63,19,35,25,18,7,61,299,25,100,186,51,50,79,880,844,795,547,131,,38,38,26,,22,24,15,66,15
20250905,1,PM10_24h,51,56,39,65,51,31,52,36,50,66,52,54,31,37,44,49,29,40,46,24,40,28,31,20,42,41,37,55,42,35,23,20,24,36,23,25,39,38,29,26,14,41,34,27,36,33,28,38,48,13,16,38,34,24,14,10,21,11,19,27,17,22,22,14,48,51,25,18,13,14,80,48,73,28,31,34,40,37,37,39,29,40,39,25,60,50,47,47,35,12,36,47,40,14,10,28,39,21,14,18,20,13,25,14,36,42,35,24,20,31,41,24,24,52,37,42,42,43,44,31,50,32,49,43,51,37,14,27,19,18,16,9,17,26,32,42,22,27,11,30,12,43,49,33,50,34,46,29,23,19,15,9,12,22,11,119,108,118,26,113,,,,,,,,,,,,,,,,,,,,,,,,,,,,,,33,44,35,15,44,29,9,36,33,145,50,32,149,41,46,45,77,48,46,38,49,34,35,26,35,40,35,25,46,50,37,38,43,30,29,50,25,36,32,36,51,33,28,32,43,38,26,31,33,35,40,30,21,27,25,34,29,34,33,28,29,38,28,35,21,32,22,47,36,23,59,34,46,26,46,43,40,38,35,24,35,23,35,38,30,28,27,24,38,21,62,26,29,26,23,37,24,22,24,23,16,25,24,54,83,42,45,45,25,21,11,,18,21,23,18,22,33,24,12,,11,17,38,13,28,16,20,23,19,22,14,26,23,17,8,6,8,26,,5,8,14,14,23,17,109,40,96,126,79,,14,,48,,21,46,33,30,38,26,12,36,109,201,63,389,50,28,43,579,539,576,661,39,15,22,29,32,,58,26,16,58,11
20250905,1,SO2,3,7,3,4,5,6,3,5,3,6,5,6,2,8,6,8,7,5,9,6,5,5,3,4,6,7,7,11,5,9,8,7,5,7,6,4,7,7,6,7,3,3,3,4,6,5,3,6,9,5,5,5,6,6,7,5,5,6,4,5,8,11,7,5,9,4,4,4,7,2,7,10,5,7,4,10,6,6,8,7,8,5,3,9,10,9,3,8,10,5,4,5,4,5,5,5,10,5,4,5,8,4,5,3,12,9,18,6,5,6,8,7,4,19,18,6,6,5,10,6,6,6,7,6,8,9,5,6,4,7,4,5,4,5,6,7,5,6,4,5,3,9,6,11,5,8,4,4,10,5,3,3,3,7,4,3,14,8,6,4,,,,,,,,,,,,,,,,,,,,,,,,,,,,,,4,5,9,2,3,6,3,6,3,9,6,6,9,11,6,4,8,16,4,8,5,6,9,10,7,5,3,6,10,12,6,5,7,11,7,8,5,6,7,9,9,4,4,7,5,5,5,8,6,8,6,4,4,13,4,6,14,8,7,6,12,8,3,26,4,4,3,2,4,7,4,3,9,7,7,10,3,12,4,3,4,5,6,9,5,11,4,5,7,6,10,4,5,6,4,9,16,6,30,7,5,6,4,6,11,5,6,7,7,7,8,,5,8,3,6,4,7,3,4,,4,9,7,10,7,6,6,6,5,5,5,6,5,6,3,3,9,1,,6,4,5,4,5,5,5,9,6,5,6,,5,,6,,5,13,7,9,10,17,4,10,3,4,8,6,4,7,7,5,5,4,1,5,4,3,10,5,,9,5,7,6,4
20250905,1,SO2_24h,3,8,3,6,5,8,3,5,4,4,5,7,3,10,7,8,8,5,8,6,5,5,5,5,6,7,6,9,4,9,8,6,7,7,6,4,6,7,6,6,3,3,4,4,7,5,4,6,9,5,5,5,6,6,7,5,5,6,5,6,8,8,5,5,9,4,6,5,6,2,10,16,7,6,6,9,9,7,8,7,7,5,4,8,11,10,5,8,8,5,6,6,3,8,4,5,10,6,4,6,7,4,6,4,9,12,7,6,5,5,5,7,4,18,11,8,7,7,7,7,6,6,7,6,8,7,6,6,4,4,4,4,4,5,7,6,6,5,4,6,3,9,7,11,5,8,5,4,6,4,3,3,5,7,4,2,38,10,6,4,,,,,,,,,,,,,,,,,,,,,,,,,,,,,,5,5,6,2,4,6,3,7,4,12,6,6,8,12,6,4,8,12,6,10,5,6,10,12,6,6,4,6,9,12,9,7,7,10,7,7,5,6,6,9,9,5,4,7,5,5,4,6,6,6,6,6,5,10,5,6,15,10,8,6,12,7,4,15,5,5,3,2,5,8,4,3,7,7,7,10,2,11,7,4,5,6,10,9,6,13,3,5,8,6,10,5,4,4,5,10,12,8,10,7,5,7,5,6,15,5,6,7,6,6,8,,5,10,4,6,5,10,4,3,,3,9,7,10,7,7,6,7,4,6,5,10,5,6,3,3,8,3,,6,5,6,6,5,4,34,8,9,7,9,,5,,8,,5,12,8,10,9,16,4,9,4,4,8,7,4,7,5,4,9,5,4,5,3,3,10,6,,9,6,7,6,4
20250905,1,NO2,20,25,16,20,24,12,37,11,27,20,23,44,20,17,16,57,15,45,27,25,20,23,23,8,21,15,35,26,20,11,13,12,9,34,13,15,24,19,22,10,17,34,20,12,21,8,25,32,44,14,9,23,16,28,16,8,21,10,9,42,14,17,11,11,22,32,7,14,22,10,5,6,11,56,9,17,17,8,35,19,23,18,17,21,45,23,12,27,19,9,16,20,36,20,9,14,21,9,7,10,13,10,12,5,26,14,30,18,20,11,20,7,14,52,14,15,29,25,29,20,7,23,8,15,18,39,10,12,9,10,9,8,6,15,18,14,5,14,6,18,8,16,13,24,5,16,19,9,8,11,11,7,21,8,7,7,17,8,25,25,,,,,,,,,,,,,,,,,,,,,,,,,,,,,,9,8,21,8,6,9,5,13,36,2,14,19,5,13,8,5,2,14,20,20,11,30,23,16,12,7,5,19,38,16,13,7,23,35,6,11,9,21,10,10,28,9,8,8,15,12,12,12,16,22,11,15,5,22,8,11,15,8,18,11,5,12,9,21,6,4,10,11,8,6,15,8,21,7,13,23,12,17,8,10,11,8,10,19,12,12,9,16,13,9,62,17,29,27,11,24,15,22,21,18,21,5,9,23,28,8,27,13,10,12,10,,22,12,5,2,13,8,4,6,,4,5,17,8,6,8,7,5,6,6,6,9,18,7,1,5,9,8,,3,3,8,14,5,8,4,12,20,11,5,,4,,5,,4,2,2,1,1,2,9,2,4,3,4,21,27,66,21,6,11,43,38,66,2,22,24,18,,5,20,6,27,12
20250905,1,NO2_24h,13,17,14,16,22,17,22,10,14,16,16,21,13,22,22,30,13,22,20,21,21,21,27,12,19,16,23,30,24,11,13,10,11,21,13,14,18,25,20,10,17,21,19,15,18,12,22,20,26,8,14,17,11,21,13,7,17,10,9,25,12,12,10,6,17,22,9,11,15,10,17,14,19,21,10,12,19,16,17,17,19,20,16,15,25,20,16,24,14,9,19,17,19,10,10,16,16,8,9,10,11,7,11,7,21,15,15,12,12,15,17,12,10,35,17,15,22,20,18,15,12,20,12,19,18,28,12,16,12,9,10,9,10,10,14,10,5,9,6,15,6,17,15,18,12,14,19,9,7,8,10,10,13,12,7,11,21,14,12,7,,,,,,,,,,,,,,,,,,,,,,,,,,,,,,9,10,17,15,11,14,10,19,24,13,14,15,7,21,12,9,6,13,18,18,10,19,17,16,12,10,9,13,23,15,11,10,19,22,13,11,7,16,12,10,22,11,5,10,13,9,13,10,11,11,11,13,7,14,8,8,13,12,11,12,6,8,6,17,9,11,14,11,10,7,14,11,12,9,13,16,9,14,13,10,10,7,10,17,12,11,5,9,13,8,24,12,16,11,8,15,11,13,12,12,21,8,11,18,24,11,25,14,15,10,7,,15,9,6,3,8,9,7,4,,4,7,11,10,6,8,8,5,6,5,8,9,11,6,4,3,7,14,,4,4,9,10,8,14,16,13,16,11,13,,6,,8,,9,8,5,5,8,5,14,3,12,7,9,13,11,25,11,8,14,26,23,19,2,15,17,16,,11,18,5,16,9
20250905,1,O3,63,79,80,71,88,84,56,91,18,100,89,45,70,78,80,19,71,13,54,30,68,63,36,74,56,92,38,53,92,79,63,52,68,39,40,49,65,76,64,58,36,54,48,68,73,90,38,30,44,65,93,55,65,28,20,30,25,26,34,7,30,39,50,26,50,47,55,29,38,58,84,74,78,28,67,55,58,81,31,16,61,79,65,49,72,68,84,41,59,100,81,57,65,44,87,91,62,33,44,42,41,36,40,43,80,23,13,31,9,73,65,87,39,23,75,50,13,13,66,20,71,7,71,111,95,31,78,89,80,63,62,82,59,,51,57,29,26,40,49,25,30,64,15,57,62,46,28,46,41,60,70,26,55,74,71,59,102,42,55,,,,,,,,,,,,,,,,,,,,,,,,,,,,,,45,38,32,67,109,92,80,84,28,119,101,22,95,85,74,84,99,77,42,44,75,38,6,3,7,86,83,10,8,34,44,64,44,29,60,90,13,68,89,87,64,82,20,77,68,80,34,64,55,67,64,32,57,9,59,40,32,47,30,45,60,46,44,40,94,94,85,74,55,69,34,49,36,63,,39,54,58,48,35,61,24,60,42,,38,26,29,36,13,7,42,24,20,25,18,57,16,28,8,5,56,71,46,57,56,14,20,9,56,7,,15,31,48,53,39,45,53,55,,44,23,28,41,23,16,33,45,52,9,41,11,9,26,85,60,46,81,,89,31,8,61,47,36,93,65,57,61,74,,60,,53,,74,86,85,90,,84,65,75,83,97,91,51,45,10,43,59,77,38,36,4,36,19,47,49,,101,26,28,65,53
20250905,1,O3_24h,,,,,,,,,,,,,,,,,,,,,,,,,,,,,,,,,,,,,,,,,,,,,,,,,,,,,,,,,,,,,,,,,,,,,,,,,,,,,,,,,,,,,,,,,,,,,,,,,,,,,,,,,,,,,,,,,,,,,,,,,,,,,,,,,,,,,,,,,,,,,,,,,,,,,,,,,,,,,,,,,,,,,,,,,,,,,,,,,,,,,,,,,,,,,,,,,,,,,,,,,,,,,,,,,,,,,,,,,,,,,,,,,,,,,,,,,,,,,,,,,,,,,,,,,,,,,,,,,,,,,,,,,,,,,,,,,,,,,,,,,,,,,,,,,,,,,,,,,,,,,,,,,,,,,,,,,,,,,,,,,,,,,,,,,,,,,,,,,,,,,,,,,,,,,,,,,,,,,,,,,,,,,,,,,,,,,,,
20250905,1,O3_8h,,,,,,,,,,,,,,,,,,,,,,,,,,,56,,,,,,,,,,,,,,,,,,,,,,,,,,,,,,,,,,,,,,,,,,,,,,,,,,,,,,,,,,,,,,,,,,,,,,,,,,,,,,,,,,,,,,,,,,,,,,,,,,,,,,,,,,,,,,,,,,,,,,,,,,,,,,,,,,,,,,,,,,,,,,,,,,,,,,,,,,,,,,,,,,,,,,,,,,,,,,,,,,,,,,,,,,,,,,,,,,,,,,,,68,,,,,,,,,,,,,,,,,,,,,,,,,,,,,,,,,,,,,,,,,,,,,,,,,,,,,,,,,,,,,,,,,,,,,,,,,,,,,,,,,,,,,,,,,,,,,,,,,,,,,,,,,,,,,,,,,,,,,57,,,,,,,,,,,,,,,,,,,,,,,,,,,,,,,
20250905,1,O3_8h_24h,,,,,,,,,,,,,,,,,,,,,,,,,,,,,,,,,,,,,,,,,,,,,,,,,,,,,,,,,,,,,,,,,,,,,,,,,,,,,,,,,,,,,,,,,,,,,,,,,,,,,,,,,,,,,,,,,,,,,,,,,,,,,,,,,,,,,,,,,,,,,,,,,,,,,,,,,,,,,,,,,,,,,,,,,,,,,,,,,,,,,,,,,,,,,,,,,,,,,,,,,,,,,,,,,,,,,,,,,,,,,,,,,,,,,,,,,,,,,,,,,,,,,,,,,,,,,,,,,,,,,,,,,,,,,,,,,,,,,,,,,,,,,,,,,,,,,,,,,,,,,,,,,,,,,,,,,,,,,,,,,,,,,,,,,,,,,,,,,,,,,,,,,,,,,,,,,,,,,,,,,,,,,,,,,,,,,,,
20250905,1,CO,0.60,0.66,0.51,0.58,0.35,0.67,0.40,0.60,0.60,0.75,0.35,0.55,0.42,0.57,0.44,1.30,0.49,0.64,0.71,0.59,0.59,0.46,0.63,0.58,0.42,0.66,0.81,1.06,0.86,0.72,0.48,0.54,0.40,0.63,0.42,0.44,0.48,0.57,0.63,0.43,0.50,0.53,0.37,0.43,0.66,0.38,0.36,0.69,0.70,0.34,0.60,0.88,0.50,0.46,0.49,0.35,0.49,0.32,0.35,0.43,0.40,0.52,0.57,0.32,0.71,0.71,0.30,0.42,0.33,0.61,0.33,0.73,0.28,0.58,0.58,0.88,0.75,0.60,0.64,0.93,0.53,0.68,0.53,0.57,0.98,0.72,0.35,0.55,0.45,0.33,0.52,0.60,0.58,0.56,0.42,0.52,0.78,0.51,0.35,0.50,0.53,0.40,0.70,0.40,0.57,0.50,0.70,0.50,0.60,0.30,0.68,0.98,0.93,0.83,0.76,0.98,0.93,0.87,0.76,0.52,0.64,0.34,0.75,0.72,0.67,0.93,0.54,0.74,0.93,0.63,0.62,0.50,0.40,0.63,0.83,0.65,0.40,0.40,0.45,0.51,0.43,0.70,0.94,0.78,0.50,0.53,0.95,0.45,0.40,0.50,0.55,0.60,0.83,0.68,0.60,0.40,0.50,0.48,0.38,0.30,,,,,,,,,,,,,,,,,,,,,,,,,,,,,,0.45,0.90,0.57,0.64,0.42,0.47,0.72,0.77,0.93,0.33,0.53,0.25,0.35,0.53,0.60,0.30,0.35,0.62,0.88,0.75,0.70,0.45,0.50,0.40,0.60,0.45,0.55,0.60,0.73,0.63,0.57,0.55,0.70,0.80,0.45,0.60,0.30,0.58,0.42,0.67,0.57,0.82,0.50,0.38,0.50,0.38,0.32,0.67,0.97,0.57,0.47,0.93,0.53,0.57,0.55,0.80,0.70,0.57,0.38,0.66,0.55,0.46,0.50,0.60,0.70,0.32,0.70,0.65,0.62,0.60,0.75,0.33,0.47,0.77,0.73,0.57,0.70,1.05,0.47,0.70,0.63,0.43,0.83,0.65,0.70,0.50,0.43,0.30,0.65,0.40,0.83,0.43,0.55,0.60,0.57,0.67,0.60,0.60,0.60,0.70,0.97,0.43,0.53,0.95,0.87,0.68,0.53,0.65,0.75,0.65,0.50,,0.25,0.67,0.30,0.57,0.45,0.60,0.45,0.35,,0.30,0.35,0.50,0.40,0.45,0.50,0.45,0.30,0.35,0.55,0.60,0.55,0.55,0.45,0.20,0.15,0.20,0.30,,0.30,0.40,0.67,0.67,0.60,0.55,0.35,0.65,0.20,0.40,0.55,,0.60,,0.40,,0.20,0.60,0.40,0.40,0.40,0.50,0.40,0.30,0.23,0.30,0.13,0.50,0.20,0.80,0.45,0.50,0.10,0.45,0.65,1.00,0.10,0.30,0.35,0.30,,0.35,0.30,0.50,0.47,0.57
20250905,1,CO_24h,0.64,0.73,0.48,0.93,0.40,0.73,0.40,0.58,0.63,0.68,0.55,0.50,0.47,0.67,0.51,1.10,0.54,0.59,0.66,0.58,0.70,0.47,0.76,0.83,0.35,0.68,0.72,0.98,0.84,0.70,0.52,0.58,0.50,0.61,0.44,0.38,0.46,0.57,0.70,0.43,0.55,0.50,0.43,0.43,0.77,0.38,0.46,0.71,0.66,0.32,0.59,0.70,0.48,0.45,0.51,0.37,0.51,0.35,0.37,0.43,0.43,0.44,0.49,0.28,0.67,0.58,0.28,0.36,0.32,0.65,0.50,0.87,0.46,0.34,0.73,0.90,0.71,0.60,0.68,0.85,0.53,0.70,0.55,0.43,0.92,0.65,0.48,0.53,0.40,0.30,0.57,0.62,0.47,0.70,0.40,0.50,0.73,0.57,0.38,0.52,0.53,0.40,0.65,0.47,0.53,0.50,0.60,0.40,0.57,0.40,0.71,0.85,0.82,1.02,0.74,1.00,0.95,0.95,0.78,0.53,0.64,0.38,0.87,0.70,0.77,0.68,0.49,0.84,0.73,0.57,0.54,0.45,0.45,0.53,0.78,0.60,0.37,0.37,0.50,0.51,0.33,0.62,0.94,0.90,0.53,0.60,0.85,0.45,0.36,0.43,0.57,0.75,0.73,0.68,0.60,0.40,0.87,0.60,0.26,0.20,,,,,,,,,,,,,,,,,,,,,,,,,,,,,,0.50,0.90,0.57,0.98,0.42,0.53,0.84,0.73,0.87,0.55,0.60,0.30,0.50,0.63,0.70,0.30,0.40,0.68,0.85,0.70,0.88,0.50,0.55,0.65,0.60,0.55,0.60,0.63,0.70,0.60,0.60,0.77,0.77,0.67,0.45,0.70,0.35,0.50,0.42,0.67,0.65,0.70,0.50,0.47,0.52,0.40,0.47,0.70,0.85,0.50,0.57,1.27,0.63,0.57,0.55,0.77,0.85,0.72,0.28,0.66,0.55,0.48,0.50,0.53,0.68,0.40,0.60,0.53,0.62,0.57,0.73,0.30,0.53,0.70,0.72,0.83,0.60,0.75,0.57,0.60,0.80,0.43,0.85,0.70,0.80,0.47,0.37,0.22,0.65,0.35,0.83,0.50,0.47,0.50,0.57,0.63,0.53,0.50,0.50,0.60,0.93,0.43,0.63,0.77,0.70,0.68,0.50,0.60,0.75,0.63,0.60,,0.40,0.67,0.33,0.53,0.45,0.55,0.50,0.40,,0.30,0.35,0.40,0.40,0.45,0.50,0.55,0.27,0.35,0.50,0.60,0.45,0.45,0.40,0.20,0.15,0.25,0.40,,0.30,0.40,0.63,0.63,0.60,0.65,0.45,0.60,0.40,0.45,0.70,,0.60,,0.50,,0.30,0.80,0.60,0.40,0.50,0.50,0.50,0.30,0.43,0.50,0.33,0.50,0.20,0.45,0.35,0.55,0.15,0.40,0.35,0.55,0.10,0.40,0.35,0.40,,0.35,0.50,0.45,0.45,0.60
20250905,2,AQI,52,55,40,56,41,41,54,37,52,81,50,65,38,42,37,62,34,50,44,27,40,26,25,23,44,52,38,51,73,59,20,19,22,41,20,24,45,33,28,23,13,36,27,24,38,39,19,39,58,21,28,45,39,19,9,9,15,7,17,21,10,26,22,21,59,54,24,22,14,18,34,23,88,57,32,45,26,25,46,49,37,56,34,29,76,55,30,40,46,29,28,61,55,16,27,26,44,11,13,17,17,13,23,13,43,21,43,28,23,33,60,29,35,55,51,50,42,45,55,34,43,44,39,51,51,44,25,37,26,21,11,28,16,47,34,50,23,27,14,33,11,34,65,31,48,34,50,39,32,26,18,20,18,17,22,21,62,129,34,83,,,,,,,,,,,,,,,,,,,,,,,,,,,,,,37,46,25,21,34,33,25,40,37,77,61,35,485,40,49,28,45,49,54,36,59,30,33,23,45,33,37,21,48,48,35,36,42,24,29,47,21,35,28,42,51,37,31,37,44,40,20,37,38,50,46,25,17,28,27,37,31,33,33,28,19,35,28,40,29,30,34,36,37,21,73,20,57,27,39,46,54,46,34,30,20,24,37,41,30,34,36,32,43,26,69,16,35,35,26,42,32,22,45,32,13,28,27,71,104,60,47,51,27,37,16,,11,21,23,20,16,43,26,20,,14,13,43,16,26,26,21,33,20,30,19,29,22,19,25,17,14,27,,26,8,15,18,17,19,28,83,17,47,81,,156,,30,,22,30,27,32,31,26,22,54,108,30,39,114,51,53,62,500,500,500,491,99,19,32,36,44,,30,34,12,62,16
20250905,2,PM2.5,34,39,17,40,24,29,29,22,30,60,33,32,19,22,21,38,24,24,20,12,26,14,17,3,31,32,21,28,53,42,12,13,11,28,8,15,30,21,18,8,5,23,17,16,26,27,13,26,38,10,9,26,24,8,3,4,8,5,6,7,4,10,14,8,42,38,13,9,5,8,20,8,36,20,17,23,13,5,32,25,26,40,24,14,56,31,21,27,25,16,13,37,39,7,9,14,29,6,4,6,12,5,16,3,22,15,20,7,7,20,23,18,18,35,32,30,22,17,35,21,27,17,20,36,36,31,16,26,14,14,5,5,6,33,22,35,14,14,6,23,5,22,47,13,32,24,35,27,19,13,7,3,7,6,3,12,24,42,9,37,,,,,,,,,,,,,,,,,,,,,,,,,,,,,,26,32,14,3,18,23,3,22,11,35,44,17,153,24,34,18,18,25,24,18,42,21,12,14,16,23,26,8,21,17,22,19,24,10,19,23,7,21,15,22,34,26,12,26,27,28,13,25,24,31,32,15,8,15,18,26,19,19,22,17,10,19,13,28,13,9,19,13,26,5,53,14,27,19,18,20,38,18,19,20,10,15,26,29,17,24,23,22,30,16,39,11,12,16,17,25,20,14,18,14,6,10,19,52,78,43,28,36,17,26,11,,3,12,16,14,10,30,12,12,,10,9,30,6,15,18,15,23,14,18,13,17,14,13,6,3,3,3,,3,3,9,5,7,8,6,36,6,25,49,,103,,14,,9,21,10,14,3,10,3,20,34,20,22,64,16,26,36,278,271,277,157,47,6,3,13,17,,12,20,5,39,6
20250905,2,PM2.5_24h,36,37,18,43,25,19,24,22,31,44,33,24,10,18,21,25,22,19,21,14,23,17,20,8,26,25,22,35,34,29,14,13,17,25,10,15,27,27,19,12,6,24,20,15,24,21,19,22,29,7,11,20,19,12,7,6,13,6,9,13,9,11,14,7,35,26,14,9,7,8,29,24,24,10,19,22,23,16,22,21,20,34,28,14,39,28,31,30,18,9,21,25,22,9,5,15,25,12,6,8,13,9,14,7,20,19,18,9,5,21,21,16,10,29,24,25,22,20,32,18,22,17,25,30,33,27,11,17,15,12,11,5,10,19,20,30,16,14,6,16,4,23,36,16,34,22,25,21,15,10,8,5,7,14,7,32,27,28,10,35,,,,,,,,,,,,,,,,,,,,,,,,,,,,,,19,26,22,5,18,18,6,24,13,43,34,16,54,26,24,17,20,26,25,20,39,20,14,16,16,24,25,11,18,18,20,22,23,10,17,26,10,21,16,17,32,24,12,27,23,25,18,22,20,25,29,17,14,15,16,23,19,19,17,18,15,22,14,21,16,15,17,13,30,9,36,23,21,18,28,18,30,18,23,16,23,15,24,25,19,20,18,15,25,15,33,11,13,14,15,18,16,13,13,11,8,8,22,37,44,33,22,28,15,17,11,,6,14,16,14,10,24,14,13,,5,16,29,7,14,19,11,19,12,10,13,15,14,10,6,3,2,14,,2,5,6,7,9,8,30,19,31,35,32,,11,,16,,13,26,24,14,14,13,4,17,31,41,28,130,13,11,21,190,185,222,175,16,5,6,13,12,,24,17,7,32,7
20250905,2,PM10,54,57,40,62,41,36,57,37,53,83,50,79,33,42,37,73,33,50,44,27,40,26,25,12,43,54,38,51,58,43,17,19,22,41,20,24,45,33,28,23,13,36,27,24,38,32,19,39,65,17,14,45,39,19,9,9,15,7,17,21,10,26,22,21,56,57,24,22,13,14,34,16,125,63,32,45,26,14,43,49,34,37,30,29,76,59,29,40,46,18,28,72,59,16,15,24,44,11,13,17,16,13,20,8,43,18,43,28,23,33,69,29,35,59,52,50,42,45,59,34,43,44,39,47,51,42,17,33,20,19,11,7,8,46,34,49,23,27,14,32,11,34,65,31,48,31,50,34,32,26,17,9,18,10,8,17,73,208,34,115,,,,,,,,,,,,,,,,,,,,,,,,,,,,,,35,42,25,10,29,30,7,40,37,104,56,35,585,40,43,26,45,49,58,36,48,30,33,23,45,27,29,21,48,48,35,36,42,24,29,47,21,35,25,42,52,33,31,30,44,39,20,37,38,50,45,25,16,28,27,27,31,33,33,28,19,35,28,38,17,24,34,36,34,11,69,19,63,26,39,46,58,46,34,30,20,24,32,38,30,33,36,32,31,26,87,16,35,35,26,42,32,22,45,32,13,28,23,75,114,52,47,50,27,26,13,,11,21,17,20,16,43,26,,,12,13,34,16,26,13,21,31,18,30,10,29,22,15,13,8,9,6,,6,6,15,11,14,19,10,116,,47,112,,261,,30,,16,,18,32,22,19,6,57,166,22,39,177,52,55,73,775,927,751,591,148,19,32,36,44,,28,34,12,73,13
20250905,2,PM10_24h,51,55,39,64,50,31,52,36,51,66,52,56,30,37,43,50,28,41,46,25,40,29,31,19,42,41,37,54,42,35,22,19,24,37,24,26,40,38,29,26,14,41,33,27,37,34,28,39,49,13,15,39,35,24,14,10,21,11,19,27,17,22,22,14,48,51,25,18,13,14,80,47,78,29,31,35,39,36,37,39,29,40,39,25,61,51,45,47,36,12,36,48,41,14,10,27,39,21,14,18,20,13,25,14,37,41,35,24,20,30,42,23,23,52,37,43,42,43,44,32,50,33,49,43,51,37,14,27,19,18,16,9,17,27,33,42,22,27,11,29,12,42,50,33,50,34,46,30,23,19,15,9,12,19,11,114,102,126,27,116,,,,,,,,,,,,,,,,,,,,,,,,,,,,,,33,44,34,14,43,29,9,36,32,149,50,32,172,41,45,43,78,48,46,37,49,34,35,27,36,39,35,25,45,50,37,38,44,30,30,50,25,36,32,36,52,34,29,32,42,38,25,31,33,35,39,30,20,27,25,34,30,34,33,28,29,39,28,36,21,31,22,39,36,22,59,34,47,25,46,42,42,37,35,25,34,24,35,37,30,28,27,25,38,21,63,26,29,26,23,37,24,22,25,24,16,26,24,55,86,43,46,46,25,22,11,,17,21,23,18,22,33,25,12,,11,17,38,13,28,16,21,23,20,22,14,26,23,17,8,6,8,25,,5,8,14,13,23,16,106,42,91,122,80,,24,,47,,20,45,32,30,37,26,12,38,115,199,63,384,46,30,43,605,569,596,656,44,15,22,30,32,,58,27,16,58,11
20250905,2,SO2,3,7,2,4,6,6,3,5,4,8,7,6,2,8,6,11,7,5,9,6,5,6,3,4,6,8,7,10,6,9,8,8,6,7,6,4,6,7,6,7,4,3,4,4,7,5,3,5,9,5,4,6,6,6,7,5,5,6,4,5,8,11,7,5,9,4,5,4,7,2,6,9,5,6,4,11,6,5,8,7,7,5,3,10,11,9,4,9,10,5,3,5,4,5,5,5,14,5,4,5,7,4,6,4,10,8,13,7,6,6,9,7,4,24,15,6,6,5,14,6,6,6,7,6,7,8,5,6,4,16,4,5,4,,6,8,5,7,4,6,3,8,6,12,5,8,4,4,8,5,3,3,4,7,4,3,14,9,6,4,,,,,,,,,,,,,,,,,,,,,,,,,,,,,,4,5,7,2,3,6,4,6,3,10,7,6,10,12,5,4,8,13,4,7,5,7,9,10,6,5,3,7,9,12,6,5,7,10,6,8,4,6,6,9,9,4,4,7,5,4,4,8,5,13,6,3,4,9,4,5,15,8,10,6,12,8,4,24,4,4,3,2,4,8,4,3,8,7,,10,2,11,4,3,4,5,8,19,4,23,4,5,6,6,9,4,5,5,7,9,18,6,24,7,6,6,4,6,11,5,6,6,6,6,8,,5,7,3,6,5,7,4,3,,5,9,6,10,7,7,6,7,5,5,5,8,5,6,3,3,8,1,,6,5,5,3,5,5,5,10,6,5,7,,5,,6,,5,9,6,9,11,17,4,9,3,4,8,6,4,7,7,4,5,5,2,4,4,3,9,4,,8,5,8,6,4
20250905,2,SO2_24h,3,8,3,6,5,8,3,5,4,5,6,7,3,10,7,8,8,5,8,6,5,5,5,5,6,7,6,9,4,9,8,6,7,7,6,4,6,7,6,6,3,3,4,4,7,5,4,6,9,5,5,5,6,6,7,5,5,6,5,6,8,8,5,5,9,4,6,5,6,2,10,16,7,6,6,9,9,7,8,7,7,5,4,8,11,10,5,8,8,5,6,6,4,8,4,5,10,6,4,6,7,4,6,4,10,12,7,6,5,5,6,7,4,19,11,8,7,6,7,7,6,6,7,6,8,7,6,6,4,5,4,4,4,5,7,6,6,6,4,6,3,9,7,11,5,8,5,4,6,4,3,3,5,7,4,2,37,10,6,4,,,,,,,,,,,,,,,,,,,,,,,,,,,,,,5,5,6,2,4,6,3,7,4,13,6,6,8,12,6,4,8,12,6,10,5,6,10,12,6,6,4,6,9,12,9,7,7,10,7,7,5,6,6,9,9,5,4,7,5,5,4,6,6,7,6,6,5,10,5,6,15,10,8,6,12,7,4,15,5,5,3,2,5,8,4,3,7,7,7,10,2,11,7,4,5,6,10,9,6,13,3,5,8,6,10,5,4,4,5,10,13,8,10,7,5,7,4,6,15,5,6,7,6,6,8,,5,10,4,6,5,10,4,3,,3,9,7,10,7,7,6,7,4,6,5,10,5,6,3,3,8,3,,6,5,6,6,5,4,33,8,8,7,9,,5,,8,,5,12,8,10,9,16,4,9,4,4,8,7,4,7,5,4,9,5,4,5,3,3,10,6,,9,6,7,6,4
20250905,2,NO2,21,27,15,23,17,10,32,10,26,21,20,45,6,15,16,48,13,36,30,26,20,23,24,7,19,15,41,28,23,11,11,12,9,35,15,16,23,20,23,9,14,18,10,13,24,15,25,29,41,15,9,24,13,27,14,8,20,11,9,38,12,15,12,11,20,32,7,14,28,9,4,4,8,51,12,17,15,7,34,20,16,40,14,24,41,23,9,26,18,10,16,22,31,16,8,14,20,10,8,10,13,11,15,4,29,12,28,16,19,10,19,7,15,46,14,13,27,26,23,17,6,18,8,15,19,33,9,11,8,10,9,6,7,13,12,11,3,11,5,16,9,15,16,27,6,14,19,9,8,11,11,7,22,7,7,5,20,8,15,35,,,,,,,,,,,,,,,,,,,,,,,,,,,,,,12,7,15,7,6,13,4,15,35,3,12,13,6,12,11,4,2,14,18,15,12,25,23,17,10,7,7,22,28,15,12,4,21,35,5,11,4,14,7,9,23,10,7,7,15,11,17,12,17,20,12,11,5,15,7,12,17,11,20,11,5,11,10,16,6,3,9,8,8,5,13,7,22,7,12,22,13,14,9,8,10,10,9,16,10,13,8,15,14,8,60,12,24,25,9,20,13,18,15,19,19,5,9,18,28,6,22,12,9,9,9,,21,10,4,2,10,8,3,5,,4,4,22,7,6,7,6,6,6,5,8,9,17,7,1,6,8,6,,2,3,12,12,4,6,3,8,18,13,3,,2,,2,,4,3,1,1,1,2,4,2,4,3,3,14,29,64,14,15,6,30,43,61,3,17,16,20,,5,29,6,33,12
20250905,2,NO2_24h,13,18,14,16,20,16,22,10,15,17,17,21,12,22,21,31,13,23,20,21,21,21,26,12,18,15,24,29,23,10,13,10,11,21,13,15,18,24,20,10,17,21,18,14,18,12,22,21,26,8,14,17,11,20,13,8,17,10,9,25,12,12,10,6,17,23,9,11,15,10,16,13,18,22,10,12,18,15,17,17,18,20,16,15,26,20,16,23,14,9,19,17,20,10,10,15,16,8,9,10,11,7,11,7,21,14,15,12,12,15,17,12,10,35,17,15,22,20,19,15,12,20,12,18,18,28,12,16,12,10,10,8,10,10,14,10,5,9,6,15,7,17,15,18,12,14,19,9,7,8,10,10,13,11,7,10,21,14,12,8,,,,,,,,,,,,,,,,,,,,,,,,,,,,,,9,9,16,14,11,14,10,18,24,13,14,15,7,20,12,8,6,13,18,17,10,19,17,16,12,10,8,14,24,15,12,10,19,23,12,11,7,15,11,10,22,11,5,10,14,9,13,10,12,11,11,13,7,14,8,8,13,11,11,12,6,8,6,16,9,11,13,11,10,7,14,11,12,9,13,16,9,14,13,10,10,7,11,17,12,11,5,9,13,8,25,12,16,11,8,15,11,13,12,12,21,8,11,17,24,11,25,14,15,11,7,,15,9,6,3,8,8,7,4,,4,7,12,10,6,8,8,5,6,5,8,9,11,6,4,3,7,13,,4,4,9,10,8,14,14,13,16,11,13,,6,,8,,8,8,5,4,7,5,14,3,11,7,8,13,12,26,11,8,13,25,23,21,2,16,17,15,,11,17,5,16,9
20250905,2,O3,55,74,77,59,91,99,59,93,11,91,89,40,120,81,71,18,70,17,49,25,68,56,30,75,50,88,26,45,71,74,63,48,67,33,38,47,54,72,56,58,41,58,54,61,68,73,37,28,43,67,88,48,66,23,22,29,22,23,31,6,33,34,43,26,47,36,57,26,31,59,86,73,77,25,58,56,62,79,23,13,73,56,71,43,45,57,88,36,57,94,67,49,62,44,85,84,51,29,42,39,38,34,28,43,60,21,13,27,5,77,72,80,37,24,70,51,11,8,74,22,68,8,71,93,88,32,79,81,83,66,,88,52,46,69,59,43,28,40,48,20,33,54,14,49,56,38,24,45,37,56,63,22,55,71,66,54,107,54,41,,,,,,,,,,,,,,,,,,,,,,,,,,,,,,24,,39,68,108,82,81,76,22,110,94,22,88,86,53,89,95,66,38,45,62,52,6,3,5,93,73,3,17,30,44,94,41,23,49,84,11,66,91,82,64,72,16,72,60,70,34,58,44,41,61,33,53,16,69,27,24,38,29,41,56,42,41,44,93,97,84,,55,67,39,55,31,78,45,35,49,63,44,33,60,15,61,42,,38,26,21,33,12,3,45,25,24,24,18,58,18,35,8,6,62,68,52,51,54,15,19,8,66,4,,15,32,47,55,35,40,55,63,,44,22,14,40,21,13,30,44,51,7,37,8,6,23,80,55,44,85,,82,27,9,59,53,38,91,86,54,43,83,,72,,64,,71,83,86,86,100,84,69,69,86,96,93,58,42,8,43,44,79,43,25,3,32,13,58,39,,97,19,25,51,51
20250905,2,O3_24h,,,,,,,,,,,,,,,,,,,,,,,,,,,,,,,,,,,,,,,,,,,,,,,,,,,,,,,,,,,,,,,,,,,,,,,,,,,,,,,,,,,,,,,,,,,,,,,,,,,,,,,,,,,,,,,,,,,,,,,,,,,,,,,,,,,,,,,,,,,,,,,,,,,,,,,,,,,,,,,,,,,,,,,,,,,,,,,,,,,,,,,,,,,,,,,,,,,,,,,,,,,,,,,,,,,,,,,,,,,,,,,,,,,,,,,,,,,,,,,,,,,,,,,,,,,,,,,,,,,,,,,,,,,,,,,,,,,,,,,,,,,,,,,,,,,,,,,,,,,,,,,,,,,,,,,,,,,,,,,,,,,,,,,,,,,,,,,,,,,,,,,,,,,,,,,,,,,,,,,,,,,,,,,,,,,,,,,
20250905,2,O3_8h,,,,,,,,,,,,,,,,,,,,,,,,,,,56,,,,,,,,,,,,,,,,,,,,,,,,,,,,,,,,,,,,,,,,,,,,,,,,,,,,,,,,,,,,,,,,,,,,,,,,,,,,,,,,,,,,,,,,,,,,,,,,,,,,,,,,,,,,,,,,,,,,,,,,,,,,,,,,,,,,,,,,,,,,,,,,,,,,,,,,,,,,,,,,,,,,,,,,,70,,,,,,,,,,,,,,,,,,,,,,,,,,,,,,,68,,,,,,,,,,,,,,,,,,,,,,,,,,,,,,,,,,,,,,,,,,,,,,,,,,,,,,,,,,,,,,,,,,,,,,,,,,,,,,,,,,,,,,,,,,,,,,,,,,,,,,,,,,,,,,,,,,,,,,,,,,,,,,,,,,,,,,,,,,,,,,,,,,,,
20250905,2,O3_8h_24h,,,,,,,,,,,,,,,,,,,,,,,,,,,,,,,,,,,,,,,,,,,,,,,,,,,,,,,,,,,,,,,,,,,,,,,,,,,,,,,,,,,,,,,,,,,,,,,,,,,,,,,,,,,,,,,,,,,,,,,,,,,,,,,,,,,,,,,,,,,,,,,,,,,,,,,,,,,,,,,,,,,,,,,,,,,,,,,,,,,,,,,,,,,,,,,,,,,,,,,,,,,,,,,,,,,,,,,,,,,,,,,,,,,,,,,,,,,,,,,,,,,,,,,,,,,,,,,,,,,,,,,,,,,,,,,,,,,,,,,,,,,,,,,,,,,,,,,,,,,,,,,,,,,,,,,,,,,,,,,,,,,,,,,,,,,,,,,,,,,,,,,,,,,,,,,,,,,,,,,,,,,,,,,,,,,,,,,
20250905,2,CO,0.58,0.65,0.41,0.60,0.35,0.70,0.37,0.64,0.60,0.75,0.40,0.57,0.57,0.57,0.46,1.26,0.47,0.57,0.71,0.58,0.73,0.42,0.60,0.58,0.37,0.70,0.83,0.97,1.08,0.75,0.48,0.54,0.33,0.63,0.44,0.42,0.45,0.57,0.68,0.43,0.45,0.50,0.40,0.43,0.68,0.42,0.40,0.67,0.69,0.33,0.58,0.90,0.48,0.44,0.50,0.35,0.49,0.32,0.35,0.43,0.40,0.50,0.57,0.30,0.74,0.71,0.27,0.40,0.33,0.63,0.30,0.73,0.32,0.49,0.62,0.95,0.69,0.62,0.66,0.88,0.53,0.68,0.47,0.60,0.98,0.78,0.40,0.62,0.42,0.33,0.48,0.62,0.58,0.54,0.45,0.52,0.78,0.60,0.35,0.52,0.53,0.40,0.65,0.37,0.57,0.50,0.68,0.45,0.63,0.40,0.69,1.07,0.93,0.80,0.76,1.08,0.95,0.90,0.88,0.54,0.64,0.30,0.73,0.70,0.67,0.80,0.56,1.02,0.88,0.57,0.62,0.53,0.40,0.63,0.80,0.60,0.40,0.40,0.45,0.50,0.43,0.68,0.94,0.78,0.53,0.57,0.95,0.45,0.42,0.55,0.57,0.60,0.83,0.68,0.65,0.50,0.50,0.48,0.26,0.37,,,,,,,,,,,,,,,,,,,,,,,,,,,,,,0.55,0.80,0.50,0.62,0.43,0.53,0.60,0.77,1.03,0.33,0.57,0.20,0.40,0.57,0.60,0.30,0.35,0.62,0.80,0.78,0.70,0.45,0.50,0.45,0.60,0.45,0.55,0.60,0.70,0.67,0.57,0.43,0.73,0.77,0.40,0.60,0.25,0.52,0.36,0.67,0.57,0.85,0.50,0.38,0.56,0.30,0.35,0.70,0.88,0.57,0.53,0.97,0.53,0.57,0.50,0.80,0.75,0.57,0.42,0.64,0.50,0.48,0.50,0.60,0.72,0.27,0.73,0.58,0.64,0.60,0.68,0.33,0.48,0.77,0.72,0.57,0.68,0.95,0.47,0.70,0.67,0.43,0.80,0.60,0.70,0.50,0.45,0.33,0.72,0.40,0.87,0.43,0.50,0.53,0.53,0.63,0.60,0.60,0.60,0.60,0.97,0.40,0.53,0.88,0.87,0.65,0.45,0.60,0.70,0.57,0.50,,0.25,0.63,0.30,0.57,0.45,0.55,0.50,0.35,,0.30,0.35,0.40,0.40,0.45,0.50,0.50,0.33,0.35,0.60,0.60,0.50,0.55,0.40,0.20,0.15,0.15,0.30,,0.30,0.40,0.67,0.67,0.50,0.50,0.35,0.40,0.20,0.45,0.50,,0.45,,0.50,,0.20,0.60,0.40,0.40,0.40,0.50,0.40,0.40,0.23,0.35,0.13,0.50,0.20,0.70,0.30,0.55,0.15,0.35,0.70,1.10,0.20,0.30,0.30,0.40,,0.30,0.30,0.50,0.48,0.60
20250905,2,CO_24h,0.64,0.73,0.49,0.93,0.40,0.77,0.39,0.58,0.63,0.68,0.55,0.50,0.47,0.67,0.51,1.13,0.54,0.60,0.66,0.58,0.71,0.47,0.76,0.83,0.33,0.68,0.76,0.96,0.86,0.70,0.52,0.58,0.45,0.62,0.44,0.38,0.46,0.57,0.70,0.43,0.55,0.50,0.43,0.43,0.77,0.38,0.46,0.71,0.66,0.32,0.59,0.71,0.48,0.45,0.51,0.37,0.50,0.35,0.37,0.43,0.43,0.44,0.49,0.28,0.67,0.60,0.30,0.36,0.32,0.65,0.50,0.87,0.46,0.35,0.73,0.90,0.71,0.62,0.66,0.85,0.53,0.70,0.55,0.43,0.92,0.65,0.46,0.53,0.40,0.30,0.57,0.62,0.47,0.68,0.40,0.50,0.75,0.57,0.38,0.52,0.53,0.40,0.65,0.47,0.53,0.50,0.58,0.45,0.57,0.40,0.71,0.90,0.82,1.02,0.74,1.00,0.95,0.93,0.78,0.53,0.64,0.38,0.87,0.70,0.77,0.70,0.51,0.86,0.75,0.63,0.54,0.45,0.45,0.53,0.78,0.57,0.37,0.37,0.50,0.51,0.33,0.62,0.94,0.90,0.53,0.60,0.88,0.45,0.38,0.43,0.57,0.70,0.73,0.70,0.60,0.40,0.87,0.62,0.28,0.20,,,,,,,,,,,,,,,,,,,,,,,,,,,,,,0.50,0.90,0.57,0.98,0.42,0.53,0.84,0.73,0.87,0.55,0.60,0.30,0.50,0.63,0.70,0.30,0.40,0.68,0.85,0.70,0.88,0.47,0.55,0.60,0.60,0.50,0.60,0.63,0.70,0.60,0.60,0.77,0.77,0.67,0.45,0.70,0.35,0.50,0.42,0.67,0.65,0.70,0.50,0.47,0.52,0.40,0.47,0.70,0.85,0.50,0.55,1.27,0.60,0.57,0.60,0.77,0.85,0.72,0.30,0.66,0.58,0.46,0.50,0.53,0.74,0.40,0.60,0.53,0.62,0.57,0.73,0.30,0.53,0.70,0.72,0.83,0.60,0.75,0.57,0.70,0.80,0.43,0.87,0.70,0.80,0.47,0.37,0.22,0.65,0.35,0.83,0.47,0.47,0.50,0.57,0.60,0.53,0.50,0.50,0.60,0.93,0.43,0.60,0.77,0.70,0.70,0.50,0.60,0.75,0.63,0.60,,0.40,0.67,0.33,0.53,0.45,0.55,0.50,0.40,,0.30,0.35,0.40,0.40,0.45,0.50,0.55,0.27,0.35,0.50,0.60,0.45,0.45,0.40,0.20,0.15,0.20,0.40,,0.30,0.40,0.67,0.63,0.60,0.65,0.45,0.60,0.40,0.45,0.65,,0.60,,0.50,,0.30,0.80,0.50,0.40,0.50,0.50,0.50,0.30,0.43,0.45,0.33,0.50,0.25,0.45,0.35,0.55,0.15,0.40,0.35,0.65,0.10,0.40,0.35,0.40,,0.35,0.50,0.45,0.45,0.60
20250905,3,AQI,53,56,40,63,45,43,56,39,49,83,50,67,39,40,37,60,34,48,45,28,44,26,23,24,40,53,41,51,74,51,18,20,24,43,21,26,40,32,29,22,13,38,30,24,39,39,19,34,59,19,27,47,43,18,9,9,17,9,14,20,10,22,24,20,59,59,24,19,15,18,27,21,68,53,32,46,38,24,43,50,41,58,31,32,75,56,33,42,46,29,28,59,60,15,26,25,40,15,14,12,16,12,21,12,44,24,40,25,19,30,54,29,31,52,48,48,44,44,53,33,39,30,38,54,58,40,24,43,28,26,23,28,15,48,29,51,20,24,12,35,11,34,64,31,53,31,50,39,25,27,20,18,18,30,22,29,66,74,24,82,,,,,,,,,,,,,,,,,,,,,,,,,,,,,,40,34,24,23,33,39,25,42,38,64,60,33,129,41,47,28,45,49,43,30,63,31,33,31,45,31,29,18,38,44,31,30,42,23,23,47,22,33,26,37,53,40,21,37,45,36,17,40,37,48,44,25,20,29,24,39,40,30,38,29,19,36,29,39,29,29,41,27,31,21,70,19,56,26,34,50,53,40,36,28,22,25,32,47,26,33,32,32,42,24,64,18,25,34,24,37,30,19,52,31,13,26,31,61,131,60,43,50,27,27,13,,26,21,24,20,22,43,26,20,,14,24,40,12,26,26,27,29,22,31,21,31,21,16,24,17,13,28,,22,8,13,18,15,18,28,98,17,50,54,,166,,32,,22,28,28,56,31,27,21,59,77,31,31,112,58,53,56,500,500,500,500,76,12,28,31,52,,30,36,14,63,16
20250905,3,PM2.5,34,40,18,43,22,30,34,23,32,61,35,36,21,22,22,36,24,21,20,13,26,14,16,4,28,35,25,31,54,36,11,14,13,30,9,15,28,20,20,8,5,25,20,16,27,27,13,23,37,9,8,24,24,8,3,4,8,6,8,6,3,9,13,6,42,42,13,8,7,9,17,7,30,19,20,25,17,11,29,26,29,41,22,17,55,34,23,27,29,13,13,35,43,7,7,15,27,6,4,5,11,5,15,3,22,16,20,8,7,18,24,18,12,33,31,29,22,18,36,19,26,14,19,38,41,26,15,30,11,14,5,5,8,33,20,36,14,15,5,21,4,22,46,12,37,22,35,27,17,13,8,3,6,21,3,14,24,32,10,31,,,,,,,,,,,,,,,,,,,,,,,,,,,,,,26,24,13,3,19,27,3,25,10,31,43,19,58,26,33,15,18,29,19,17,45,20,14,12,18,22,20,7,18,16,21,12,24,10,16,23,6,22,14,13,34,28,11,26,27,25,12,28,24,31,31,15,10,13,17,27,27,18,17,16,8,18,13,26,14,8,27,10,22,6,51,13,25,15,18,24,36,18,20,18,12,17,22,33,15,21,20,22,28,15,37,11,11,15,15,20,21,13,15,16,7,9,22,44,100,43,30,35,16,19,9,,8,12,17,14,15,29,11,12,,10,17,28,5,18,18,16,20,11,20,15,15,15,11,3,3,3,3,,3,3,8,3,7,8,7,69,12,27,38,,123,,14,,15,7,9,18,3,17,3,18,25,22,19,62,15,27,20,280,319,289,155,39,7,3,17,19,,15,22,3,43,8
20250905,3,PM2.5_24h,36,37,18,43,24,20,25,22,32,45,33,24,10,18,21,26,21,19,21,14,23,17,20,8,26,25,23,34,35,30,14,13,16,26,10,15,27,27,19,12,6,24,20,15,24,22,19,22,29,7,10,20,19,12,6,6,13,6,9,13,8,11,14,7,35,27,14,9,7,9,29,24,25,10,19,22,22,16,22,21,20,33,28,14,39,28,30,30,18,10,21,26,22,9,5,15,25,12,5,8,13,8,15,6,20,19,18,9,6,21,21,16,10,29,24,25,22,20,31,18,22,17,25,31,33,27,11,18,15,12,10,5,10,19,21,30,16,14,6,16,4,23,36,16,34,22,25,21,16,10,8,5,7,14,7,30,26,29,10,35,,,,,,,,,,,,,,,,,,,,,,,,,,,,,,19,27,22,4,18,19,6,24,13,44,35,16,56,26,24,17,20,27,25,20,39,20,14,15,16,24,25,11,18,18,20,22,24,11,17,26,10,20,16,17,32,24,12,26,23,25,17,23,20,25,28,17,14,15,16,23,19,19,18,18,15,22,14,21,17,15,18,12,30,9,37,23,21,17,27,19,31,18,23,16,22,15,24,25,18,20,18,16,24,15,33,11,13,14,15,18,16,13,13,11,8,8,22,37,48,34,23,29,16,17,11,,6,14,16,14,11,24,15,13,,6,16,29,7,15,19,11,19,11,11,13,15,14,9,6,3,2,14,,2,5,6,7,9,8,29,21,30,34,32,,16,,16,,13,25,23,14,13,14,3,17,31,41,28,130,12,12,20,199,194,229,173,17,6,5,14,12,,23,17,7,32,7
20250905,3,PM10,55,58,40,75,45,39,61,39,49,85,49,83,31,40,37,70,32,48,45,28,44,26,21,10,37,55,41,52,60,37,15,19,24,43,21,26,40,32,28,22,12,38,30,24,39,35,18,34,67,19,14,47,43,18,9,9,17,7,14,20,8,22,24,20,57,60,24,19,13,16,27,12,85,55,32,46,38,20,43,50,34,34,28,32,81,62,30,42,46,17,28,68,61,15,13,25,40,15,13,12,14,10,21,9,44,24,40,25,19,30,57,29,31,54,48,48,44,44,55,33,39,30,38,51,58,40,17,41,14,12,11,9,6,48,27,49,20,24,11,35,11,34,64,31,53,31,47,38,25,27,20,15,18,18,6,29,82,97,24,114,,,,,,,,,,,,,,,,,,,,,,,,,,,,,,40,31,24,9,26,35,11,42,38,78,57,33,208,41,40,17,45,49,43,30,46,31,33,31,45,30,27,18,38,44,31,30,42,23,22,47,22,33,26,37,55,40,21,32,45,33,14,37,37,48,35,25,20,29,24,39,40,30,38,29,19,36,29,39,20,20,41,23,27,11,67,18,61,26,34,50,56,40,36,28,22,25,32,45,26,33,32,32,42,24,77,18,25,34,24,37,26,17,53,31,13,26,27,65,142,47,43,49,27,27,11,,26,21,19,20,22,43,26,,,11,,35,12,25,,27,27,22,31,11,31,20,16,6,7,7,6,,6,7,13,6,14,18,15,146,12,50,49,,282,,32,,15,15,20,61,26,19,6,68,104,23,31,174,65,55,62,790,994,782,631,101,,28,31,53,,24,36,14,76,16
20250905,3,PM10_24h,51,55,40,65,49,32,53,37,51,66,52,57,30,36,43,51,28,41,46,25,40,29,31,19,42,41,37,54,43,36,22,19,24,37,24,26,40,37,29,27,14,41,32,27,37,34,27,38,50,14,15,40,35,24,14,10,21,11,19,27,17,22,22,14,49,52,25,18,13,14,79,45,80,30,31,35,38,36,37,39,29,38,39,25,62,53,44,46,36,12,36,49,42,14,10,26,39,21,14,18,20,13,25,14,37,41,35,24,21,30,42,23,24,52,38,44,42,43,44,32,49,33,48,44,51,37,14,28,19,18,15,9,17,29,33,42,22,28,11,29,12,41,51,32,49,34,46,30,23,19,14,10,12,17,11,110,95,129,27,115,,,,,,,,,,,,,,,,,,,,,,,,,,,,,,33,45,34,14,43,29,9,37,31,152,50,32,179,41,45,40,78,48,47,36,49,34,35,27,37,39,34,25,45,50,38,39,44,31,30,50,26,36,32,36,52,34,29,32,42,37,24,32,34,36,39,30,20,27,26,34,30,33,34,28,28,39,28,36,21,31,23,34,36,22,60,34,47,25,45,43,43,38,34,25,34,24,35,37,29,28,28,26,38,21,64,25,28,26,24,37,24,22,26,23,16,26,25,56,90,44,46,47,25,22,11,,18,21,22,18,22,32,24,12,,11,17,38,13,28,15,21,24,19,22,14,26,23,17,8,6,8,24,,4,8,14,13,23,16,102,46,87,120,78,,35,,46,,19,44,32,32,37,26,11,41,118,197,62,379,46,31,43,632,601,616,650,46,14,22,30,32,,57,27,15,58,11
20250905,3,SO2,3,7,3,6,17,7,4,5,2,7,10,10,4,10,5,12,8,5,9,6,7,6,3,5,6,8,7,10,7,10,8,9,6,7,6,5,7,6,8,8,3,3,4,4,7,5,3,6,9,6,5,6,6,6,7,5,6,5,5,6,8,8,7,4,11,4,5,4,7,3,7,8,5,6,5,12,4,5,8,7,8,5,3,10,10,9,4,9,9,5,4,6,4,7,5,5,11,6,4,6,9,5,,3,10,6,15,6,6,6,9,8,7,46,12,6,6,5,16,6,6,6,7,6,9,7,6,7,3,3,4,6,4,5,6,10,6,7,4,5,2,9,6,14,5,8,4,7,8,6,3,4,4,7,4,3,13,9,5,4,,,,,,,,,,,,,,,,,,,,,,,,,,,,,,4,,7,3,3,7,4,7,3,8,6,6,11,11,6,4,7,17,3,7,5,6,10,10,7,5,3,7,9,13,7,5,8,11,6,7,5,8,7,9,9,6,4,7,7,6,5,9,6,12,6,3,4,10,4,5,24,8,9,6,11,9,3,16,6,4,4,,5,8,6,6,7,7,7,10,2,12,4,4,4,5,11,11,,7,4,5,9,6,9,3,3,3,6,9,15,6,18,7,4,7,4,5,17,,5,7,,7,9,,6,7,3,6,5,6,4,4,,4,9,10,10,6,6,7,8,8,6,5,6,5,6,3,3,8,3,,6,5,5,,5,4,5,9,7,6,7,,5,,6,,5,6,6,9,11,17,4,8,3,4,8,7,4,8,8,3,5,5,2,4,3,3,9,5,,8,5,7,7,5
20250905,3,SO2_24h,3,8,3,6,6,7,3,5,4,5,6,7,3,10,7,8,8,5,8,6,5,5,4,5,6,7,6,9,4,9,8,6,7,7,6,4,6,7,6,6,3,3,4,4,7,5,4,6,9,5,5,5,6,6,7,5,5,6,5,6,8,8,6,5,9,4,6,5,6,2,10,16,7,6,6,9,9,7,8,7,7,5,4,8,11,10,5,8,8,5,6,6,4,8,4,5,10,6,4,6,7,4,6,4,10,12,7,6,5,5,6,7,4,20,11,8,7,6,8,7,6,6,7,6,8,7,6,6,4,5,4,5,4,5,7,6,6,6,4,6,3,9,7,11,5,8,5,4,6,4,3,3,5,7,4,2,36,10,6,4,,,,,,,,,,,,,,,,,,,,,,,,,,,,,,5,5,6,2,4,6,3,7,4,12,6,6,8,12,6,4,8,12,6,10,5,6,10,11,6,6,4,6,9,12,9,7,7,10,7,7,5,6,6,9,9,5,4,7,5,5,4,6,6,7,6,6,5,10,5,6,15,9,8,6,12,7,4,15,5,5,3,2,5,8,4,4,7,7,7,10,2,11,7,4,5,6,10,9,6,13,3,5,8,6,10,5,4,4,5,10,13,8,11,7,5,7,4,6,15,5,5,7,6,6,8,,5,10,4,6,5,10,4,3,,3,9,7,10,7,7,6,7,4,6,5,10,5,6,3,3,8,3,,6,5,6,6,5,4,30,8,8,7,9,,5,,8,,5,11,8,10,9,16,4,9,4,4,8,7,4,7,5,4,9,5,4,5,3,3,10,6,,10,6,7,6,4
20250905,3,NO2,20,24,16,33,23,9,29,10,18,20,21,39,5,14,14,44,12,29,32,26,20,23,23,8,19,15,45,30,27,10,13,13,8,32,13,17,22,19,28,8,15,25,24,14,21,12,21,30,46,18,8,24,12,26,14,7,22,11,12,38,9,15,12,7,19,32,6,12,29,8,4,6,8,44,13,17,5,6,28,22,24,37,12,27,47,20,13,28,17,10,17,24,27,15,9,15,17,9,6,9,11,10,14,5,28,9,29,17,20,11,16,8,13,47,12,14,27,26,25,15,6,18,8,16,24,27,8,12,6,6,7,5,7,12,12,13,3,13,5,18,8,16,18,26,4,10,20,9,8,9,11,8,19,6,7,7,27,9,10,33,,,,,,,,,,,,,,,,,,,,,,,,,,,,,,12,7,13,6,5,17,4,17,34,4,13,10,5,10,13,3,2,17,16,14,10,19,21,18,11,8,5,19,23,7,9,4,21,31,5,12,3,16,9,8,26,12,8,8,14,10,8,13,16,19,12,14,6,14,8,11,17,14,25,12,5,11,9,19,5,5,9,6,7,5,15,6,17,6,11,23,12,13,8,8,8,10,8,14,10,12,8,16,12,8,52,15,18,15,9,21,14,18,16,16,19,4,7,15,32,7,23,16,9,5,7,,18,8,5,2,8,7,3,4,,4,7,17,8,8,8,8,6,5,6,8,9,15,6,1,5,9,2,,4,3,9,11,4,5,4,8,20,13,2,,2,,2,,4,1,1,1,1,2,5,2,4,3,3,12,35,60,14,19,8,17,38,50,2,14,10,32,,5,30,6,37,10
20250905,3,NO2_24h,13,18,13,17,19,16,21,10,16,17,17,22,11,21,20,31,13,24,21,21,20,21,25,12,18,15,25,28,23,10,13,9,11,21,13,15,18,23,20,10,17,21,18,14,18,12,22,21,27,9,13,17,11,20,13,8,17,10,9,25,12,13,10,6,17,23,9,11,15,10,15,13,17,23,10,12,18,14,18,17,19,20,16,16,26,20,15,23,14,9,18,17,20,10,10,15,17,9,8,10,11,7,11,7,21,14,15,12,12,15,17,11,11,35,16,15,23,20,19,15,12,20,12,17,18,28,11,16,11,9,10,8,11,10,14,10,5,10,6,14,6,16,15,18,11,14,18,9,7,8,10,10,14,11,7,10,21,13,12,9,,,,,,,,,,,,,,,,,,,,,,,,,,,,,,9,9,16,14,11,13,9,18,24,13,14,15,7,19,11,8,6,13,18,17,11,19,17,16,12,10,8,14,24,15,12,9,19,23,12,11,7,15,11,10,22,11,5,10,14,9,12,10,12,11,11,13,7,14,8,8,13,11,12,12,6,9,6,16,9,11,13,11,10,7,14,11,13,9,14,17,9,14,12,10,10,7,10,16,12,11,6,10,13,8,26,12,16,11,8,15,10,13,11,12,21,8,11,18,25,11,25,14,15,10,7,,15,9,6,3,8,8,6,5,,4,7,12,10,6,8,7,5,6,5,8,9,11,6,4,3,7,13,,4,4,9,10,7,13,13,13,17,10,12,,6,,7,,8,7,5,4,7,5,13,3,10,7,8,13,14,27,11,9,12,24,24,22,3,16,16,15,,11,17,5,17,9
20250905,3,O3,51,63,70,45,75,112,62,93,10,90,82,42,124,76,63,12,70,18,43,22,67,48,26,76,45,78,19,36,57,70,58,40,67,31,37,39,53,64,34,56,41,56,33,49,62,65,40,25,31,54,87,42,66,18,20,29,18,19,26,5,32,31,40,30,46,30,59,25,28,56,87,66,73,26,54,48,90,76,25,9,58,53,71,37,55,55,78,30,51,93,56,41,62,43,82,75,49,30,46,36,35,37,26,37,52,21,10,23,6,70,75,77,42,14,69,44,5,5,60,23,67,7,69,84,76,35,77,71,90,83,75,89,48,44,55,49,28,23,38,40,20,27,43,10,46,62,26,20,42,36,53,56,36,58,69,58,46,104,59,45,,,,,,,,,,,,,,,,,,,,,,,,,,,,,,25,36,40,72,107,73,80,68,21,108,89,22,97,87,38,90,97,57,32,45,58,63,5,5,4,94,76,2,21,68,50,85,39,23,44,74,9,53,83,80,69,66,15,63,56,66,37,52,43,38,54,25,47,13,62,30,32,29,14,34,50,36,38,34,94,92,88,85,54,68,37,55,51,62,44,29,44,59,41,35,49,19,58,25,73,40,23,28,32,9,3,35,28,31,20,16,50,16,29,9,5,67,69,47,26,50,12,14,6,84,4,,12,33,46,57,29,37,57,65,,42,21,34,38,18,11,23,43,51,4,35,5,7,23,78,53,43,88,,71,26,18,58,48,40,90,87,28,38,94,,70,,56,,71,88,91,92,100,86,67,68,85,97,98,59,39,8,35,30,66,56,27,8,38,15,68,19,,97,22,24,42,49
20250905,3,O3_24h,,,,,,,,,,,,,,,,,,,,,,,,,,,,,,,,,,,,,,,,,,,,,,,,,,,,,,,,,,,,,,,,,,,,,,,,,,,,,,,,,,,,,,,,,,,,,,,,,,,,,,,,,,,,,,,,,,,,,,,,,,,,,,,,,,,,,,,,,,,,,,,,,,,,,,,,,,,,,,,,,,,,,,,,,,,,,,,,,,,,,,,,,,,,,,,,,,,,,,,,,,,,,,,,,,,,,,,,,,,,,,,,,,,,,,,,,,,,,,,,,,,,,,,,,,,,,,,,,,,,,,,,,,,,,,,,,,,,,,,,,,,,,,,,,,,,,,,,,,,,,,,,,,,,,,,,,,,,,,,,,,,,,,,,,,,,,,,,,,,,,,,,,,,,,,,,,,,,,,,,,,,,,,,,,,,,,,,
20250905,3,O3_8h,,,,,,,,,,,,,,,,,,,,,,,,,,,56,,,,,,,,,,,,,,,,,,,,,,,,,,,,,,,,,,,,,,,,,,,,,,,,,,,,,,,,,,,,,,,,,,,,,,,,,,,,,,,,,,,,,,,,,,,,,,,,,,,,,,,,,,,,,,,,,,,,,,,,,,,,,,,,,,,,,,,,,,,,,,,,,,,,,,,,,,,,,,,,,,,,,,,,,70,,,,,,,,,,,,,,,,,,,,,,,,,,,,,,,68,,,,,,,,,,,,,,,,,,,,,,,,,,,,,,,,,,,,,,,,,,,,,,,,,,,,,,,,,,,,,,,,,,,,,,,,,,,,,,,,,,,,,,,,,,,,,,,,,,,,,,,,,,,,,,,,,,,,,,,,,,,,,,,,,,,,,,,,,,,,,,,,,,,,
20250905,3,O3_8h_24h,,,,,,,,,,,,,,,,,,,,,,,,,,,,,,,,,,,,,,,,,,,,,,,,,,,,,,,,,,,,,,,,,,,,,,,,,,,,,,,,,,,,,,,,,,,,,,,,,,,,,,,,,,,,,,,,,,,,,,,,,,,,,,,,,,,,,,,,,,,,,,,,,,,,,,,,,,,,,,,,,,,,,,,,,,,,,,,,,,,,,,,,,,,,,,,,,,,,,,,,,,,,,,,,,,,,,,,,,,,,,,,,,,,,,,,,,,,,,,,,,,,,,,,,,,,,,,,,,,,,,,,,,,,,,,,,,,,,,,,,,,,,,,,,,,,,,,,,,,,,,,,,,,,,,,,,,,,,,,,,,,,,,,,,,,,,,,,,,,,,,,,,,,,,,,,,,,,,,,,,,,,,,,,,,,,,,,,
20250905,3,CO,0.58,0.62,0.41,0.60,0.35,0.77,0.41,0.64,0.53,0.78,0.40,0.57,0.78,0.57,0.56,1.20,0.47,0.52,0.72,0.58,0.81,0.41,0.59,0.55,0.33,0.74,0.83,0.91,1.10,0.77,0.48,0.54,0.40,0.62,0.42,0.44,0.45,0.52,0.67,0.43,0.45,0.50,0.40,0.43,0.74,0.40,0.38,0.70,0.67,0.34,0.54,0.97,0.48,0.45,0.50,0.35,0.51,0.32,0.35,0.42,0.39,0.48,0.59,0.30,0.75,0.71,0.27,0.41,0.32,0.63,0.33,0.80,0.32,0.38,0.60,0.93,0.47,0.54,0.66,0.85,0.53,0.63,0.47,0.59,0.98,0.80,0.43,0.65,0.48,0.32,0.48,0.60,0.53,0.52,0.43,0.53,0.75,0.57,0.35,0.50,0.53,0.40,0.70,0.40,0.57,0.50,0.64,0.45,0.67,0.40,0.66,1.15,0.90,0.85,0.74,1.06,0.85,0.97,0.88,0.50,0.64,0.32,0.72,0.72,0.77,0.77,0.54,1.10,0.80,0.50,0.64,0.53,0.45,,0.77,0.60,0.40,0.40,0.47,0.53,0.43,0.68,0.94,0.80,0.53,0.55,0.95,0.45,0.40,0.50,0.57,0.65,0.83,0.68,0.60,0.50,0.60,0.56,0.22,0.37,,,,,,,,,,,,,,,,,,,,,,,,,,,,,,0.53,0.80,0.47,0.60,0.43,0.53,0.60,0.77,0.83,0.33,0.63,0.20,0.40,0.62,0.60,0.30,0.35,0.62,0.72,0.72,0.67,0.43,0.50,0.50,0.60,0.50,0.55,0.60,0.65,0.57,0.67,0.42,0.77,0.77,0.45,0.60,0.25,0.50,0.40,0.60,0.55,0.80,0.50,0.38,0.54,0.28,0.32,0.70,0.90,0.55,0.53,1.30,0.53,0.57,0.50,0.77,0.80,0.60,0.40,0.66,0.55,0.48,0.55,0.57,0.76,0.27,0.80,0.53,0.70,0.60,0.68,0.30,0.53,0.70,,0.67,0.70,0.90,0.47,0.70,0.70,0.43,0.87,0.65,0.70,0.50,0.40,0.28,0.65,0.40,0.87,0.40,0.48,0.50,0.53,0.57,0.57,0.60,0.60,0.70,0.97,0.37,0.53,0.85,0.93,0.63,0.43,0.65,0.65,0.53,0.50,,0.25,0.60,0.28,0.57,0.45,0.55,0.45,0.35,,0.30,0.40,0.50,0.40,0.45,0.50,0.50,0.30,0.35,0.60,0.60,0.50,0.45,0.40,0.20,0.15,0.20,0.20,,0.30,0.40,0.63,0.67,0.60,0.50,0.35,0.40,0.30,0.45,0.45,,0.35,,0.50,,0.20,0.50,0.40,0.40,0.30,0.50,0.40,0.40,0.23,0.35,0.13,0.65,0.20,0.65,0.35,0.60,0.15,0.30,0.55,1.00,0.10,0.30,0.25,0.40,,0.30,0.30,0.45,0.52,0.60
20250905,3,CO_24h,0.64,0.73,0.49,0.93,0.40,0.77,0.39,0.60,0.63,0.68,0.55,0.53,0.47,0.67,0.51,1.12,0.54,0.60,0.66,0.59,0.70,0.47,0.74,0.80,0.33,0.68,0.77,0.96,0.88,0.72,0.52,0.56,0.43,0.61,0.45,0.38,0.45,0.57,0.70,0.43,0.55,0.50,0.40,0.43,0.77,0.38,0.46,0.71,0.66,0.32,0.59,0.72,0.49,0.45,0.51,0.37,0.51,0.35,0.37,0.43,0.43,0.44,0.49,0.28,0.67,0.62,0.30,0.36,0.32,0.65,0.50,0.87,0.46,0.35,0.72,0.90,0.71,0.62,0.66,0.85,0.53,0.70,0.55,0.43,0.94,0.70,0.42,0.52,0.40,0.30,0.55,0.60,0.47,0.64,0.40,0.50,0.75,0.57,0.38,0.52,0.53,0.40,0.65,0.47,0.53,0.50,0.58,0.45,0.57,0.40,0.70,0.92,0.88,1.02,0.74,1.00,0.95,0.93,0.78,0.53,0.64,0.38,0.87,0.70,0.77,0.70,0.51,0.88,0.75,0.63,0.54,0.45,0.47,0.53,0.78,0.57,0.37,0.37,0.50,0.51,0.33,0.66,0.94,0.90,0.53,0.60,0.88,0.45,0.38,0.43,0.57,0.70,0.73,0.70,0.60,0.40,0.80,0.60,0.28,0.20,,,,,,,,,,,,,,,,,,,,,,,,,,,,,,0.50,0.90,0.57,0.98,0.42,0.53,0.84,0.73,0.87,0.55,0.60,0.30,0.50,0.63,0.70,0.30,0.40,0.66,0.85,0.70,0.88,0.47,0.55,0.60,0.60,0.50,0.60,0.63,0.70,0.60,0.60,0.72,0.77,0.67,0.45,0.70,0.35,0.50,0.42,0.67,0.65,0.75,0.50,0.47,0.52,0.38,0.47,0.70,0.85,0.50,0.55,1.23,0.60,0.57,0.60,0.77,0.85,0.72,0.30,0.66,0.55,0.46,0.50,0.53,0.74,0.40,0.63,0.53,0.62,0.57,0.73,0.33,0.53,0.70,0.72,0.80,0.62,0.75,0.57,0.70,0.80,0.43,0.87,0.65,0.70,0.47,0.37,0.22,0.65,0.35,0.83,0.47,0.50,0.50,0.57,0.60,0.53,0.50,0.50,0.60,0.93,0.43,0.60,0.80,0.73,0.70,0.50,0.65,0.75,0.60,0.60,,0.40,0.67,0.33,0.53,0.45,0.55,0.50,0.40,,0.30,0.35,0.40,0.40,0.45,0.50,0.55,0.27,0.35,0.50,0.60,0.45,0.45,0.40,0.20,0.15,0.20,0.40,,0.30,0.40,0.63,0.63,0.60,0.65,0.45,0.60,0.40,0.45,0.65,,0.60,,0.50,,0.30,0.80,0.50,0.40,0.40,0.50,0.40,0.30,0.40,0.45,0.30,0.50,0.25,0.45,0.35,0.55,0.15,0.40,0.35,0.65,0.10,0.40,0.30,0.40,,0.35,0.40,0.45,0.45,0.60
20250905,4,AQI,54,56,41,62,47,45,57,33,50,84,50,63,35,39,23,55,34,45,45,29,49,29,23,21,34,52,41,52,70,51,17,23,24,47,21,26,39,35,30,21,14,37,30,25,41,40,15,35,60,21,27,46,41,18,9,9,15,10,19,20,10,24,23,19,59,59,23,15,13,18,27,21,74,51,30,45,35,33,40,50,39,59,31,32,73,53,34,47,47,27,26,55,58,14,24,24,38,12,14,14,16,11,24,10,51,24,36,26,21,33,47,32,35,51,44,46,37,40,58,32,42,27,39,59,58,37,23,44,31,28,24,28,14,48,26,60,20,26,13,36,20,30,63,36,54,33,47,43,24,28,20,20,15,125,21,24,77,51,19,79,,,,,,,,,,,,,,,,,,,,,,,,,,,,,,47,36,29,22,32,40,24,39,34,54,59,28,96,46,50,26,36,52,36,51,61,30,33,35,39,36,34,22,30,36,34,26,42,20,23,50,21,29,28,30,59,43,24,41,44,31,23,43,37,45,44,24,18,30,24,37,44,30,27,27,20,35,27,40,27,28,40,26,31,20,63,24,55,30,26,54,52,39,36,31,24,23,36,44,27,33,31,31,49,24,58,18,22,26,24,35,33,21,26,24,13,28,33,60,116,56,38,43,28,24,16,,8,21,21,20,25,40,26,21,,18,19,36,12,25,23,21,29,21,27,20,32,19,17,23,16,13,28,,23,8,12,18,21,13,27,66,22,51,45,,85,,29,,23,27,25,48,32,27,18,45,60,30,31,107,54,65,50,500,500,500,500,62,14,23,28,57,,32,29,15,63,19
20250905,4,PM2.5,36,40,20,39,25,30,33,22,34,62,33,37,21,22,14,30,24,20,21,13,27,17,14,3,24,36,24,29,51,36,11,16,15,29,8,16,27,22,21,8,6,23,20,16,26,28,10,19,39,11,7,25,24,8,3,3,7,7,7,5,3,10,14,5,42,42,15,7,7,10,16,8,29,15,18,27,15,16,27,27,27,42,22,18,53,35,24,26,28,15,12,36,41,8,6,15,26,6,4,4,11,3,17,5,26,16,19,6,5,23,26,21,17,30,29,28,21,17,41,19,26,15,20,42,41,26,15,31,9,14,6,4,5,31,18,43,14,14,5,19,4,20,45,12,38,23,33,30,17,16,9,3,6,95,3,15,33,29,7,29,,,,,,,,,,,,,,,,,,,,,,,,,,,,,,22,25,16,3,21,28,3,27,12,26,42,17,56,27,35,18,16,30,18,32,44,20,14,15,16,24,24,7,13,12,20,10,22,11,16,25,7,18,14,10,42,29,14,29,25,22,11,30,24,31,31,13,11,13,17,26,31,16,19,16,9,19,14,25,19,7,28,10,22,4,45,14,24,18,17,25,35,14,25,16,12,13,25,31,11,23,21,20,34,15,39,10,9,13,16,21,23,12,12,14,8,8,23,43,88,40,21,30,17,13,11,,3,11,8,14,16,28,12,12,,7,13,25,5,13,16,15,20,15,16,14,14,13,12,3,3,3,3,,3,3,7,3,7,8,8,45,15,23,31,,53,,13,,12,3,15,22,3,17,3,29,22,16,21,66,12,30,20,267,333,318,205,29,3,3,9,25,,16,19,3,45,9
20250905,4,PM2.5_24h,36,36,18,43,24,20,25,22,32,45,33,25,11,18,21,26,21,19,21,14,24,18,20,7,26,25,23,34,35,30,14,12,16,26,10,16,27,26,19,12,6,24,20,15,24,23,18,22,30,7,10,20,20,12,6,5,13,6,9,13,8,11,14,7,35,28,14,9,7,9,29,23,25,10,19,22,21,16,22,21,21,33,27,14,40,30,29,30,19,10,20,26,24,9,5,14,25,11,5,8,13,8,15,6,20,18,18,9,6,21,21,16,10,29,24,26,22,20,31,19,23,17,25,31,33,27,11,19,14,12,10,5,10,20,21,30,15,14,6,16,4,23,36,16,34,22,25,22,16,10,8,5,7,17,7,28,26,29,10,34,,,,,,,,,,,,,,,,,,,,,,,,,,,,,,19,27,21,4,18,19,6,24,13,44,35,17,57,26,24,17,21,26,25,21,39,20,14,15,16,24,25,10,17,18,21,21,24,11,17,26,10,20,16,16,33,24,12,26,23,25,17,24,21,26,27,17,14,15,16,24,20,19,18,17,15,23,14,21,17,14,18,12,30,9,38,23,21,17,27,19,32,18,22,16,22,14,24,25,18,20,18,16,25,15,33,11,13,14,15,18,17,13,13,11,7,8,22,37,51,35,23,30,16,17,10,,6,14,15,14,11,24,15,13,,6,15,29,7,15,19,11,19,11,11,13,14,15,9,6,3,2,13,,2,5,6,7,9,8,28,22,30,33,33,,18,,16,,14,25,23,15,13,14,3,18,31,40,27,129,12,12,20,208,205,237,173,17,6,5,13,13,,23,17,7,32,7
20250905,4,PM10,57,58,41,74,47,45,64,33,50,85,50,76,34,39,18,60,31,45,45,29,49,29,23,13,30,53,41,53,59,34,16,22,24,47,21,26,39,35,30,21,13,37,30,25,41,36,15,35,69,21,14,46,41,18,9,9,15,6,19,18,8,24,23,19,56,61,23,15,12,16,25,14,98,51,30,45,35,33,40,50,33,38,29,32,78,56,32,47,47,25,26,60,62,10,11,24,38,12,12,14,14,7,24,10,51,24,36,26,21,33,47,32,35,51,44,46,37,40,52,32,42,27,39,49,56,37,18,39,13,13,13,11,14,48,26,51,19,26,13,36,20,30,64,36,52,33,47,36,24,28,20,13,15,193,10,24,103,52,19,107,,,,,,,,,,,,,,,,,,,,,,,,,,,,,,47,,29,8,29,34,11,38,34,57,57,28,141,46,38,22,36,53,36,51,49,30,33,35,39,36,26,22,30,36,34,26,42,20,21,50,21,29,28,30,59,43,24,32,44,30,23,40,37,45,38,24,18,30,21,33,38,30,26,27,20,35,27,40,20,19,34,19,30,11,69,24,59,30,26,57,53,39,36,31,24,23,33,43,27,30,31,31,43,24,66,18,22,26,24,35,28,21,26,24,13,28,23,62,127,47,38,43,28,20,,,8,21,21,20,25,40,26,14,,18,8,34,8,25,11,21,25,19,27,12,32,17,15,6,7,6,6,,6,6,12,7,21,13,16,82,22,51,45,,120,,29,,16,14,17,48,19,19,6,45,69,20,31,163,58,79,50,789,1044,896,1012,74,14,23,28,64,,28,29,15,76,19
20250905,4,PM10_24h,51,54,40,65,48,32,53,37,52,66,52,59,30,36,42,52,28,42,46,26,40,30,31,18,41,41,39,53,43,36,22,19,23,38,24,27,41,37,29,27,15,40,32,27,38,35,26,38,51,14,14,40,36,24,14,10,21,11,18,27,17,22,22,15,49,52,25,18,13,15,77,45,83,31,30,36,37,35,37,40,29,38,38,25,63,55,42,46,37,13,35,49,43,14,11,26,39,20,14,18,20,13,25,13,37,41,35,25,21,31,42,23,24,52,38,44,42,43,44,32,49,32,48,44,51,37,13,28,18,17,15,9,17,30,34,42,22,28,11,29,13,40,52,32,50,34,45,31,24,20,15,10,12,23,11,106,90,131,27,116,,,,,,,,,,,,,,,,,,,,,,,,,,,,,,33,45,34,13,42,29,9,37,29,153,51,32,184,41,44,38,78,49,47,37,50,34,35,28,37,39,34,25,44,50,38,38,45,31,30,50,26,36,31,36,52,34,29,32,42,37,24,33,34,37,39,30,20,27,26,34,31,33,34,28,28,39,28,36,21,30,23,31,36,22,60,33,48,26,45,43,45,38,34,26,34,24,35,38,29,29,28,26,38,21,64,25,28,26,23,37,25,22,26,23,16,26,24,57,94,44,46,47,25,22,11,,17,22,22,18,22,32,25,12,,12,17,38,13,28,15,21,24,19,22,14,26,23,17,8,7,8,23,,4,8,14,13,23,16,98,47,85,117,76,,40,,45,,18,43,31,33,35,26,11,42,120,196,61,373,46,33,43,661,636,641,659,47,14,22,30,32,,56,27,15,59,11
20250905,4,SO2,3,7,2,6,8,9,3,6,3,7,9,9,3,9,5,9,8,5,9,6,6,5,4,4,6,7,7,10,5,10,8,9,6,9,6,4,6,7,7,6,3,3,4,4,7,4,3,6,8,5,4,6,6,6,7,5,6,6,5,6,8,8,9,4,10,5,5,5,6,2,6,8,6,6,5,11,4,5,7,6,7,5,2,10,12,8,4,9,9,5,4,6,5,6,4,5,8,5,4,6,8,4,6,4,12,6,15,5,5,5,9,7,8,36,10,6,6,5,7,6,6,6,7,7,8,7,6,5,4,4,4,6,5,4,6,10,6,7,4,6,3,9,6,12,5,10,4,5,9,6,3,3,4,7,4,1,37,8,5,4,,,,,,,,,,,,,,,,,,,,,,,,,,,,,,5,13,8,2,4,7,4,8,3,9,7,5,10,11,6,4,8,23,3,13,5,6,9,10,6,7,3,6,8,13,7,5,7,11,8,12,4,7,6,8,9,5,4,7,7,7,4,8,5,13,6,2,4,12,4,5,21,8,8,7,10,8,4,19,5,5,3,2,5,8,5,3,7,7,7,12,2,10,4,3,4,6,11,9,6,7,3,5,10,6,10,3,4,3,5,8,20,6,11,8,6,6,4,6,12,5,5,6,8,6,8,,5,7,3,6,5,6,4,3,,4,8,9,10,7,6,7,8,6,6,5,8,5,6,3,3,8,1,,6,5,6,3,5,4,5,9,6,5,8,,5,,5,,5,6,6,9,11,18,4,6,3,4,8,6,4,10,6,4,5,3,3,4,3,3,9,5,,7,5,7,7,4
20250905,4,SO2_24h,3,8,3,6,6,7,3,5,4,5,6,7,3,9,7,8,8,5,8,6,5,5,4,5,6,7,6,9,4,9,8,7,7,7,6,4,6,7,6,6,3,3,4,4,7,5,4,6,9,5,5,5,6,6,7,5,5,6,5,6,8,8,5,5,9,4,6,5,6,2,10,16,7,6,6,9,8,7,8,7,7,5,4,8,11,10,5,8,8,5,6,6,4,8,4,5,10,6,4,6,7,4,6,4,10,11,7,6,5,5,6,7,5,21,11,8,7,6,8,7,6,6,7,6,8,7,6,6,4,5,4,5,4,5,7,6,6,6,4,6,3,9,7,11,5,8,4,4,6,4,3,3,5,7,4,2,36,10,6,4,,,,,,,,,,,,,,,,,,,,,,,,,,,,,,5,5,6,2,4,6,3,7,4,12,6,6,8,12,6,4,8,13,6,11,5,6,10,12,6,7,4,6,9,12,9,6,7,10,7,8,5,7,6,9,9,5,4,7,5,5,4,6,6,7,6,6,5,9,5,6,16,9,8,6,12,8,4,15,5,5,3,2,5,8,4,4,7,7,7,10,2,10,7,4,5,6,10,9,6,12,3,5,8,6,10,4,4,4,5,10,13,8,11,7,5,7,4,6,16,5,5,7,6,6,8,,5,10,4,6,5,10,4,3,,3,9,7,10,7,7,6,7,5,6,5,10,5,6,3,3,8,3,,6,5,6,5,5,4,29,8,8,7,9,,5,,7,,5,11,8,10,9,16,4,9,4,4,8,7,4,7,5,4,8,5,4,5,3,3,10,6,,10,6,7,6,4
20250905,4,NO2,20,26,18,26,33,10,37,8,20,18,22,46,6,13,8,40,11,32,31,26,20,26,26,11,17,17,46,33,29,11,13,13,9,30,11,19,21,23,29,8,12,23,25,15,26,13,15,34,49,15,8,26,12,26,14,7,19,12,12,39,10,20,14,7,19,26,6,11,25,8,4,6,9,35,10,15,4,5,22,18,20,29,12,29,39,17,19,30,16,11,16,27,29,11,7,16,18,8,5,8,10,9,15,17,30,8,26,29,15,12,11,7,12,42,10,12,25,25,31,15,6,18,9,16,21,40,8,11,6,6,7,5,11,,10,14,3,14,4,18,6,15,18,25,5,11,25,9,6,9,11,6,20,4,8,8,33,9,9,35,,,,,,,,,,,,,,,,,,,,,,,,,,,,,,11,7,17,6,5,18,4,18,26,2,13,10,5,12,11,3,2,15,20,20,9,14,19,19,12,9,4,15,27,5,13,4,16,28,8,12,4,16,10,8,30,15,6,15,13,10,9,13,16,19,14,13,5,16,10,14,16,13,22,12,7,12,9,24,6,4,7,5,7,6,15,6,11,6,,24,10,11,9,8,9,10,10,20,10,12,9,13,16,7,47,14,21,10,11,20,14,16,15,12,19,6,6,15,30,8,20,10,8,5,6,,14,8,5,2,8,7,4,4,,4,6,9,8,5,8,25,6,5,5,6,10,14,5,1,4,8,3,,3,3,8,10,6,5,4,8,22,13,2,,2,,2,,3,1,2,1,1,1,6,1,4,2,3,12,19,52,10,21,10,12,24,42,1,12,8,36,,4,31,4,39,9
20250905,4,NO2_24h,13,19,13,17,19,15,21,10,16,17,17,23,11,20,19,31,13,24,21,22,20,21,25,11,18,14,27,27,23,10,13,9,11,22,13,15,18,22,20,10,16,20,18,14,18,12,21,22,28,9,13,17,11,20,14,8,17,10,9,26,12,13,10,6,17,23,9,11,16,10,14,12,16,23,10,12,17,14,18,17,19,20,16,16,27,20,15,23,14,10,17,18,20,10,10,14,17,8,8,9,10,7,11,7,21,14,15,13,12,15,16,11,11,34,16,15,23,21,19,16,12,20,11,17,18,29,11,16,11,9,10,8,11,11,14,10,5,10,6,14,6,16,15,18,11,14,18,9,7,8,10,10,14,11,7,10,22,13,12,11,,,,,,,,,,,,,,,,,,,,,,,,,,,,,,9,9,15,14,10,13,10,18,23,12,14,16,7,17,11,8,6,13,18,18,11,19,17,16,12,10,8,14,24,14,12,9,19,23,12,12,7,15,10,9,22,11,5,10,13,9,12,10,12,12,11,13,6,14,8,9,13,11,13,11,6,8,6,16,9,10,13,10,10,7,15,11,13,10,14,17,9,13,12,10,10,7,10,16,11,11,6,10,12,8,26,12,16,11,8,15,10,13,11,12,21,8,11,18,26,11,25,15,15,10,7,,15,9,6,3,8,8,6,5,,4,7,12,10,6,8,8,5,6,5,8,9,11,6,4,3,8,12,,4,4,9,10,7,12,12,13,17,10,11,,6,,7,,8,7,5,4,7,5,12,3,10,6,8,13,15,28,11,10,12,23,24,23,2,16,16,15,,11,17,5,18,9
20250905,4,O3,45,57,67,48,45,104,44,96,7,84,73,21,113,77,74,9,70,14,40,18,66,36,21,67,46,61,16,25,48,63,55,35,64,29,37,33,47,52,24,51,46,62,31,39,57,53,46,16,26,51,86,36,63,16,17,28,19,17,24,3,31,24,34,28,42,33,60,24,26,57,86,66,68,30,59,49,91,93,25,9,67,52,67,35,66,59,59,25,51,87,53,31,53,46,77,70,42,30,44,35,31,34,22,18,42,18,11,6,13,69,80,74,42,28,70,43,4,6,46,21,67,5,57,77,75,13,75,69,100,88,76,91,40,38,56,36,26,18,40,35,20,23,40,11,41,52,14,19,45,32,49,64,20,68,68,53,32,98,61,39,,,,,,,,,,,,,,,,,,,,,,,,,,,,,,31,31,30,69,101,67,78,59,28,112,84,23,93,77,37,83,107,62,19,33,74,71,4,3,3,93,71,9,14,78,42,78,29,21,40,66,8,50,77,75,57,55,14,50,53,58,31,46,36,23,43,21,45,11,46,24,27,29,12,32,43,29,37,23,87,90,108,84,56,64,34,53,57,58,42,30,44,59,43,34,40,17,52,22,64,40,19,22,20,8,3,29,20,36,19,9,46,15,28,10,5,55,62,39,26,44,12,17,7,77,4,,13,32,44,59,25,34,53,67,,41,17,49,39,16,8,3,38,51,5,35,4,8,24,74,50,42,88,,72,26,16,57,32,41,87,89,24,34,98,,74,,50,,74,86,81,89,103,86,58,70,87,95,94,54,49,12,35,23,61,61,42,10,32,15,66,18,,101,17,24,38,45
20250905,4,O3_24h,,,,,,,,,,,,,,,,,,,,,,,,,,,,,,,,,,,,,,,,,,,,,,,,,,,,,,,,,,,,,,,,,,,,,,,,,,,,,,,,,,,,,,,,,,,,,,,,,,,,,,,,,,,,,,,,,,,,,,,,,,,,,,,,,,,,,,,,,,,,,,,,,,,,,,,,,,,,,,,,,,,,,,,,,,,,,,,,,,,,,,,,,,,,,,,,,,,,,,,,,,,,,,,,,,,,,,,,,,,,,,,,,,,,,,,,,,,,,,,,,,,,,,,,,,,,,,,,,,,,,,,,,,,,,,,,,,,,,,,,,,,,,,,,,,,,,,,,,,,,,,,,,,,,,,,,,,,,,,,,,,,,,,,,,,,,,,,,,,,,,,,,,,,,,,,,,,,,,,,,,,,,,,,,,,,,,,,
20250905,4,O3_8h,,,,,,,,,,,,,,,,,,,,,,,,,,,56,,,,,,,,,,,,,,,,,,,,,,,,,,,,,,,,,,,,,,,,,,,,,,,,,,,,,,,,,,,,,,,,,,,,,,,,,,,,,,,,,,,,,,,,84,,,,,,,,,,,,,,,,,,,,,,,,,,,,,,,,,,,,,,,,,,,,,,,,,,,,,,,,,,,,,,,,,,,,,,,,,,,,,,,,,70,,,,,,,,,,,,,,,,,,,,,,,,,,,,,,,68,,,,,,,,,,,,,,,,,,,,,,,,,,,,,,,,,,,,,,,,,,,,,,,,,,,,,,,,,,,,,,,,,,,,,,,,,,,,,,,,,,,,,,,,,,,,,,,,,,,,,,,,,,,,,,,,,,,,,,,,,,,,,,,,,,,,,,,,,,,,,,,,,,,,
20250905,4,O3_8h_24h,,,,,,,,,,,,,,,,,,,,,,,,,,,,,,,,,,,,,,,,,,,,,,,,,,,,,,,,,,,,,,,,,,,,,,,,,,,,,,,,,,,,,,,,,,,,,,,,,,,,,,,,,,,,,,,,,,,,,,,,,,,,,,,,,,,,,,,,,,,,,,,,,,,,,,,,,,,,,,,,,,,,,,,,,,,,,,,,,,,,,,,,,,,,,,,,,,,,,,,,,,,,,,,,,,,,,,,,,,,,,,,,,,,,,,,,,,,,,,,,,,,,,,,,,,,,,,,,,,,,,,,,,,,,,,,,,,,,,,,,,,,,,,,,,,,,,,,,,,,,,,,,,,,,,,,,,,,,,,,,,,,,,,,,,,,,,,,,,,,,,,,,,,,,,,,,,,,,,,,,,,,,,,,,,,,,,,,
20250905,4,CO,0.58,0.58,0.42,0.67,0.43,0.88,0.41,0.64,0.50,0.77,0.35,0.55,0.82,0.54,0.53,1.16,0.47,0.49,0.75,0.57,0.80,0.43,0.55,0.56,0.30,0.72,0.79,0.91,1.08,0.77,0.50,0.54,0.37,0.65,0.44,0.44,0.51,0.52,0.68,0.40,0.45,0.47,0.40,0.45,0.76,0.40,0.34,0.74,0.68,0.37,0.51,1.01,0.52,0.46,0.49,0.30,0.50,0.32,0.37,0.42,0.39,0.48,0.64,0.30,0.74,0.69,0.25,0.38,0.33,0.65,0.33,0.70,0.38,0.37,0.57,0.92,0.46,0.36,0.64,0.88,0.53,0.68,0.45,0.51,0.96,0.72,0.43,0.80,0.47,0.33,0.53,0.62,0.55,0.50,0.40,0.58,0.78,0.51,0.35,0.48,0.53,0.37,0.70,0.43,0.60,0.50,0.64,0.50,0.63,0.45,0.69,1.22,0.90,0.80,0.65,1.18,0.82,0.93,0.80,0.48,0.64,0.32,0.75,0.74,0.77,0.73,0.53,1.10,0.67,0.63,0.58,0.57,0.45,0.67,0.75,0.67,0.40,0.40,0.47,0.53,0.43,0.66,0.94,0.82,0.53,0.53,0.93,0.40,0.38,0.50,0.60,0.60,0.87,0.42,0.55,0.30,1.17,0.62,0.20,0.33,,,,,,,,,,,,,,,,,,,,,,,,,,,,,,0.47,,0.53,0.58,0.45,0.53,0.60,0.77,0.73,0.33,0.67,0.20,0.40,0.75,0.60,0.35,0.35,0.68,0.75,0.75,0.75,0.50,0.50,0.50,0.65,0.55,0.55,0.60,0.65,0.47,0.60,0.42,0.73,0.83,0.50,0.60,0.25,0.47,0.40,0.57,0.57,0.77,0.50,0.38,0.50,0.30,0.33,0.70,0.90,0.55,0.53,0.97,0.53,0.60,0.50,0.77,0.70,0.55,0.38,0.64,0.53,0.50,0.53,0.57,0.80,0.30,0.63,0.60,0.72,0.65,0.68,0.33,0.53,0.77,0.72,0.73,0.50,0.85,0.47,0.70,0.73,0.43,0.93,0.65,0.70,0.57,0.50,0.25,0.63,0.40,0.80,0.43,0.48,0.50,0.53,0.57,0.60,0.55,0.60,0.60,1.03,0.40,0.57,0.85,0.90,0.70,0.40,0.55,0.60,0.55,0.50,,0.25,0.60,0.25,0.57,0.45,0.55,0.45,0.35,,0.30,0.35,0.40,0.40,0.45,0.50,0.55,0.27,0.35,0.60,0.60,0.50,0.45,0.40,0.20,0.15,0.20,0.20,,0.30,0.40,0.63,0.67,0.60,0.45,0.35,0.40,0.30,0.45,0.45,,0.35,,0.50,,0.20,0.50,0.40,0.40,0.30,0.50,0.40,0.30,0.23,0.35,0.13,0.65,0.15,0.65,0.25,0.60,0.15,0.25,0.35,0.95,0.10,0.30,0.25,0.40,,0.30,0.40,0.40,0.55,0.65
20250905,4,CO_24h,0.64,0.73,0.49,0.93,0.40,0.78,0.39,0.60,0.63,0.65,0.55,0.53,0.47,0.66,0.51,1.13,0.54,0.60,0.67,0.59,0.71,0.46,0.73,0.79,0.33,0.68,0.78,0.94,0.88,0.73,0.52,0.56,0.43,0.61,0.45,0.40,0.45,0.57,0.70,0.43,0.55,0.50,0.40,0.43,0.77,0.40,0.46,0.71,0.66,0.32,0.59,0.70,0.49,0.45,0.51,0.37,0.51,0.35,0.37,0.43,0.43,0.44,0.49,0.28,0.67,0.62,0.30,0.36,0.32,0.64,0.50,0.87,0.46,0.35,0.72,0.90,0.71,0.62,0.66,0.85,0.53,0.70,0.55,0.43,0.94,0.72,0.42,0.53,0.40,0.30,0.55,0.60,0.48,0.64,0.40,0.50,0.75,0.56,0.37,0.52,0.53,0.40,0.65,0.47,0.53,0.50,0.58,0.45,0.53,0.40,0.70,0.95,0.88,1.00,0.74,1.02,0.93,0.95,0.80,0.53,0.64,0.38,0.85,0.70,0.77,0.70,0.51,0.90,0.75,0.63,0.54,0.45,0.47,0.53,0.78,0.57,0.37,0.37,0.50,0.51,0.33,0.68,0.92,0.90,0.53,0.60,0.88,0.45,0.38,0.43,0.57,0.75,0.73,0.70,0.60,0.40,0.83,0.60,0.28,0.20,,,,,,,,,,,,,,,,,,,,,,,,,,,,,,0.50,0.90,0.57,0.98,0.42,0.53,0.84,0.73,0.87,0.55,0.60,0.30,0.50,0.65,0.70,0.30,0.40,0.68,0.85,0.70,0.85,0.47,0.55,0.60,0.60,0.50,0.55,0.63,0.70,0.60,0.60,0.70,0.77,0.67,0.45,0.70,0.35,0.50,0.40,0.67,0.65,0.75,0.50,0.47,0.52,0.38,0.47,0.70,0.85,0.50,0.55,1.23,0.60,0.57,0.60,0.77,0.85,0.72,0.30,0.66,0.53,0.44,0.50,0.53,0.74,0.40,0.63,0.53,0.62,0.57,0.73,0.33,0.53,0.70,0.72,0.80,0.62,0.75,0.57,0.70,0.80,0.43,0.87,0.65,0.70,0.47,0.37,0.22,0.65,0.35,0.83,0.47,0.50,0.50,0.57,0.60,0.53,0.60,0.50,0.60,0.97,0.40,0.63,0.80,0.77,0.68,0.50,0.65,0.75,0.60,0.60,,0.40,0.67,0.33,0.53,0.45,0.55,0.50,0.40,,0.30,0.35,0.40,0.40,0.45,0.50,0.55,0.27,0.35,0.50,0.60,0.45,0.45,0.40,0.20,0.15,0.20,0.40,,0.30,0.40,0.67,0.67,0.60,0.65,0.45,0.60,0.40,0.45,0.65,,0.60,,0.50,,0.30,0.80,0.50,0.40,0.40,0.50,0.40,0.30,0.40,0.45,0.30,0.50,0.25,0.45,0.35,0.55,0.15,0.35,0.35,0.65,0.10,0.40,0.30,0.40,,0.35,0.40,0.45,0.45,0.60
20250905,5,AQI,55,56,41,57,56,41,59,37,52,81,43,68,37,35,28,52,36,38,51,30,46,29,19,20,31,53,40,52,66,49,17,24,24,44,22,26,39,37,31,22,15,35,40,25,44,39,14,35,56,19,28,45,41,19,9,8,18,10,20,20,11,21,25,17,61,61,24,16,11,20,25,20,67,47,30,45,32,30,41,42,39,63,31,33,71,46,36,47,56,28,29,53,54,14,22,24,38,16,13,14,17,8,29,13,52,20,32,30,21,36,39,31,42,50,44,49,35,40,62,34,44,29,41,61,58,41,21,43,31,28,24,29,13,52,30,58,20,28,15,35,13,32,59,38,50,31,46,37,23,27,24,21,9,143,20,41,73,44,18,73,,,,,,,,,,,,,,,,,,,,,,,,,,,,,,41,40,31,24,28,30,24,37,22,52,56,29,63,41,49,26,39,46,38,37,56,35,30,26,33,35,33,24,31,36,45,25,39,21,20,49,21,27,28,22,56,43,28,47,45,29,16,47,38,41,43,23,18,39,29,33,42,31,29,25,23,38,26,36,27,28,34,32,36,20,75,29,55,26,26,52,50,28,37,28,25,21,33,49,19,33,30,30,50,24,50,24,20,22,20,34,33,21,28,25,14,29,31,56,76,58,35,42,26,21,16,,14,20,18,21,39,40,23,20,,16,14,40,12,26,23,20,29,22,30,20,27,20,19,20,15,14,25,,23,8,14,146,30,15,24,45,23,49,44,,71,,40,,25,24,23,43,27,27,17,58,51,30,30,102,25,68,41,500,500,500,500,54,10,18,27,54,,31,31,13,66,16
20250905,5,PM2.5,38,40,21,38,23,29,36,26,34,60,29,46,21,22,3,28,25,19,22,13,27,17,13,3,21,37,23,31,48,34,12,17,15,29,9,16,27,25,21,9,6,22,26,17,31,27,9,18,36,11,8,25,25,9,3,3,10,7,8,4,4,9,14,5,44,44,15,8,6,11,15,5,30,13,18,27,10,11,28,23,27,45,22,19,52,32,24,29,29,13,14,33,38,10,5,13,26,8,4,5,12,3,20,3,26,14,18,7,5,21,27,22,22,31,30,29,23,16,38,20,26,14,20,44,41,28,15,30,9,11,8,5,8,28,18,41,14,14,7,19,3,19,42,13,32,22,30,26,16,17,11,3,5,86,3,17,32,28,10,26,,,,,,,,,,,,,,,,,,,,,,,,,,,,,,21,28,17,3,19,19,6,24,9,25,40,18,41,29,34,16,18,32,16,20,40,19,12,16,15,24,23,11,14,13,21,11,21,12,13,24,7,13,15,9,39,30,8,33,25,20,11,33,25,28,30,14,12,14,20,23,29,17,18,16,10,18,13,24,18,8,24,11,25,4,55,18,29,16,18,26,33,14,22,16,13,13,22,34,6,23,20,20,35,14,35,10,7,11,14,21,23,13,16,14,6,7,22,40,56,41,19,29,17,14,11,,5,11,10,15,13,27,10,12,,7,8,25,5,12,16,14,20,14,14,14,12,14,13,3,3,3,3,,3,3,7,112,7,7,8,30,12,25,27,,26,,15,,10,10,12,21,3,13,3,29,18,12,21,54,12,35,18,258,345,400,339,18,7,10,15,19,,19,18,5,46,9
20250905,5,PM2.5_24h,36,36,18,42,23,21,25,23,33,45,33,27,11,18,20,26,21,19,21,14,24,18,20,7,25,25,24,33,35,31,13,12,15,26,11,16,28,26,19,12,6,24,20,15,24,23,18,22,30,7,10,20,20,12,6,5,13,6,9,12,8,11,14,7,35,29,15,9,7,9,28,23,25,10,19,23,21,16,22,22,21,33,27,14,41,30,28,30,19,10,20,27,25,9,5,13,25,11,5,8,13,8,15,6,20,18,18,9,6,21,21,16,10,29,25,26,22,20,31,19,23,18,24,32,33,27,10,19,14,12,10,5,10,21,21,31,15,14,6,16,4,22,36,16,35,22,25,22,16,10,8,4,7,19,7,27,26,30,10,34,,,,,,,,,,,,,,,,,,,,,,,,,,,,,,19,28,21,4,18,19,5,25,12,45,36,17,58,25,25,17,21,27,25,20,39,20,14,15,16,24,25,11,17,18,21,21,24,11,17,26,10,20,16,15,33,25,12,26,22,25,17,24,21,26,27,16,14,15,16,24,20,19,18,17,14,23,14,21,17,14,19,12,30,9,38,23,21,18,27,19,33,18,22,16,22,14,24,25,17,20,19,16,25,15,34,11,12,14,15,19,17,12,14,12,7,8,22,38,52,35,23,31,16,17,10,,6,14,15,15,11,24,15,13,,6,15,29,7,15,19,11,18,11,11,13,14,15,10,5,3,2,13,,2,5,6,11,9,8,27,22,29,32,33,,19,,15,,14,24,22,15,12,14,3,19,31,40,27,121,12,13,20,216,216,250,179,17,6,5,14,13,,23,18,7,32,7
20250905,5,PM10,59,57,41,64,61,41,68,37,54,85,43,85,37,35,8,53,31,38,51,30,46,29,19,13,31,52,40,54,57,38,17,23,24,44,22,26,39,37,31,22,15,35,40,25,44,32,13,35,61,19,11,45,41,19,9,8,18,7,20,14,11,21,25,17,62,68,24,16,11,20,21,11,83,47,30,45,32,21,41,42,26,42,29,33,66,43,36,47,61,22,29,55,53,8,13,24,38,16,13,14,16,6,26,13,53,17,32,30,21,36,38,30,42,50,44,49,35,40,74,34,44,29,41,53,59,41,19,36,12,16,13,9,13,53,30,51,20,28,15,35,13,32,61,38,50,31,46,36,21,27,24,11,8,235,13,41,95,44,17,95,,,,,,,,,,,,,,,,,,,,,,,,,,,,,,41,33,31,10,25,30,11,37,22,54,57,29,75,37,35,22,39,46,38,37,44,35,30,26,33,35,26,24,31,36,45,25,39,21,20,49,21,27,28,19,62,42,28,34,45,28,12,40,38,41,33,23,18,39,24,32,42,31,29,25,23,38,26,36,27,18,30,32,31,11,65,29,60,26,23,53,50,28,37,28,25,21,33,42,9,30,30,30,49,24,46,24,20,22,19,34,29,21,28,25,14,29,23,57,83,51,35,42,26,18,16,,14,20,18,19,39,40,23,14,,16,14,40,10,26,14,19,24,22,30,7,27,17,13,6,7,6,,,6,6,14,,30,15,16,45,23,49,44,,92,,40,,11,17,,43,26,15,6,65,51,27,30,154,25,86,41,791,1061,1110,1752,57,7,18,27,58,,31,31,13,82,16
20250905,5,PM10_24h,51,54,40,65,48,33,54,37,52,66,52,61,31,36,40,52,28,42,47,27,40,30,31,18,40,41,39,53,43,36,22,19,23,38,24,27,41,37,29,27,15,40,32,27,38,35,26,38,52,14,13,40,36,24,14,10,21,11,19,27,16,22,22,15,49,53,26,17,13,15,76,43,85,32,30,36,37,35,37,40,29,37,38,26,64,55,41,47,38,13,34,50,44,13,10,25,39,20,14,18,19,13,25,13,38,40,34,25,20,31,42,23,25,52,38,45,42,43,45,32,49,33,48,44,51,38,13,29,17,16,15,9,18,32,33,42,22,28,11,29,12,39,52,33,50,34,44,32,24,20,15,10,12,32,11,103,86,132,27,119,,,,,,,,,,,,,,,,,,,,,,,,,,,,,,32,45,33,12,41,29,9,37,27,154,51,32,186,41,45,37,78,48,47,37,49,34,35,28,37,39,34,25,44,51,39,39,45,30,29,50,26,35,31,35,52,35,30,32,42,37,23,33,34,37,39,30,20,27,27,35,31,33,34,28,28,39,28,36,21,29,24,30,37,21,60,34,49,26,45,43,46,38,34,26,33,24,35,38,28,28,28,26,38,21,63,25,27,25,23,37,25,22,26,23,15,27,25,57,94,45,46,48,26,22,11,,16,22,22,18,22,32,24,12,,12,17,39,13,28,15,21,24,19,22,14,26,23,17,8,7,8,23,,4,8,13,14,23,16,95,46,84,115,75,,43,,44,,18,42,29,33,34,26,11,44,122,195,60,360,46,36,43,689,674,676,701,48,14,23,31,32,,56,28,15,59,11
20250905,5,SO2,3,8,2,5,7,10,3,5,3,7,7,9,3,8,5,8,7,5,9,6,6,5,3,4,6,8,7,9,6,10,8,9,5,8,5,4,6,7,7,6,2,3,4,4,7,4,2,6,8,5,4,6,7,6,7,5,6,6,5,7,8,7,8,4,10,6,5,5,6,2,6,7,5,6,5,12,4,5,8,6,6,5,2,10,12,7,3,8,9,5,4,5,4,6,5,5,7,5,4,8,7,4,5,3,21,6,11,6,5,5,7,7,6,40,15,6,6,6,10,6,6,6,7,7,9,6,6,5,4,5,4,5,5,4,7,9,6,7,4,6,3,9,6,14,5,8,4,5,8,4,3,4,4,7,4,1,42,8,5,5,,,,,,,,,,,,,,,,,,,,,,,,,,,,,,5,8,8,2,4,6,4,7,2,9,7,6,8,11,6,4,8,17,3,9,5,6,10,10,6,7,3,6,9,12,7,5,7,11,7,9,4,7,7,8,9,5,4,7,6,7,4,8,6,10,6,3,4,15,4,6,20,8,9,7,12,7,3,15,5,5,3,2,5,8,5,3,6,7,6,11,3,9,4,3,4,6,10,8,5,6,3,7,9,5,9,3,5,3,6,8,20,6,55,6,5,6,4,5,11,5,5,7,7,7,8,,5,8,3,7,5,6,3,3,,4,8,7,10,6,5,7,7,3,6,5,17,5,6,3,3,7,1,,6,5,5,4,5,4,5,9,6,5,8,,5,,6,,5,8,9,9,11,18,4,7,3,4,8,6,4,9,6,4,5,4,2,5,4,3,9,5,,8,5,7,6,4
20250905,5,SO2_24h,3,8,3,6,6,7,3,5,4,5,6,7,3,9,7,8,8,5,8,6,5,5,4,5,6,7,6,9,4,9,8,7,7,7,6,4,6,7,6,6,3,3,4,4,7,5,4,6,9,5,5,5,6,6,7,5,5,6,5,6,8,8,5,5,9,4,6,5,6,2,9,16,7,6,5,9,8,7,8,7,7,5,4,8,11,10,5,8,8,5,5,6,4,7,4,5,10,6,4,6,7,4,6,4,10,11,7,6,5,5,6,7,5,22,11,8,7,6,8,7,6,6,7,6,9,7,6,6,4,5,4,5,4,5,7,6,6,6,4,6,3,9,7,11,5,8,4,4,7,4,3,3,5,7,4,2,37,10,6,4,,,,,,,,,,,,,,,,,,,,,,,,,,,,,,5,5,6,2,4,6,3,7,3,11,6,6,8,12,6,4,8,13,5,11,5,6,10,12,6,7,3,6,9,12,9,6,7,10,7,8,5,7,6,8,9,5,4,7,5,5,4,6,6,7,6,6,5,9,5,7,16,9,8,6,12,8,4,15,5,5,3,2,5,8,4,4,7,7,7,9,2,10,7,4,5,6,10,9,6,11,3,5,8,6,10,4,4,4,5,10,13,8,13,7,5,7,4,6,16,5,5,7,6,6,8,,5,10,4,6,5,10,4,3,,3,9,7,10,7,7,6,7,4,6,5,10,5,6,3,3,8,3,,6,5,6,5,5,4,29,8,8,7,9,,5,,7,,5,11,8,10,9,16,4,9,4,4,8,7,4,7,5,4,7,5,4,5,3,3,10,6,,10,6,7,6,4
20250905,5,NO2,20,25,19,24,41,10,43,9,22,20,28,69,7,13,3,36,12,26,36,27,19,29,28,11,17,16,45,34,36,12,14,15,9,29,11,20,29,24,32,12,18,15,30,15,27,9,14,32,47,15,7,24,16,26,14,8,16,11,14,39,14,20,13,8,20,25,5,11,20,7,5,5,9,30,11,17,4,5,21,17,16,21,14,29,37,12,20,30,18,12,15,30,26,19,9,16,16,9,10,10,12,11,,8,25,8,22,30,15,11,11,7,14,37,11,14,23,21,25,19,6,18,9,20,21,32,10,9,6,7,6,6,8,12,10,13,2,13,5,19,6,15,17,24,7,11,23,7,6,8,9,4,17,5,8,6,42,12,9,15,,,,,,,,,,,,,,,,,,,,,,,,,,,,,,10,,21,5,6,14,4,13,18,3,14,10,5,13,11,3,2,12,17,17,6,20,19,13,12,9,4,14,27,8,22,4,18,24,9,16,3,9,10,11,20,13,7,21,20,10,,13,13,18,13,12,5,20,8,15,24,13,19,13,6,12,8,21,7,4,10,5,7,6,17,7,12,6,10,20,10,8,9,9,11,12,11,19,9,13,8,13,20,9,40,13,18,10,9,19,15,16,19,12,19,6,9,13,25,11,19,9,,6,6,,14,6,5,2,7,10,4,5,,4,6,7,8,6,8,22,6,5,4,6,13,13,5,1,5,7,2,,4,2,9,5,6,3,5,8,28,18,2,,2,,2,,2,2,4,1,1,2,6,1,3,3,3,16,11,45,10,17,14,15,12,25,1,10,15,33,,4,22,6,35,
20250905,5,NO2_24h,14,19,13,18,18,15,21,10,16,17,17,24,10,20,18,31,13,25,22,22,19,21,24,11,18,14,27,26,22,10,13,10,10,22,13,14,18,21,20,10,16,20,18,14,19,11,20,22,28,9,12,17,11,21,14,8,17,10,9,26,12,13,10,6,17,23,9,10,16,10,13,12,15,23,10,12,16,13,17,17,19,19,15,17,26,20,14,23,14,10,17,18,21,10,10,14,17,8,8,10,10,8,11,6,20,13,14,13,12,15,15,11,11,34,16,15,23,21,19,16,11,20,11,17,18,29,11,16,11,9,9,8,11,11,13,10,5,10,6,13,6,16,15,19,11,14,18,9,7,8,10,10,14,11,8,10,24,13,12,11,,,,,,,,,,,,,,,,,,,,,,,,,,,,,,9,9,16,13,10,13,10,17,23,11,14,16,7,17,11,8,6,13,19,18,10,19,17,16,12,10,7,14,24,14,12,9,20,23,12,12,7,15,10,9,22,11,5,10,13,9,12,11,12,12,11,13,6,14,8,9,14,11,12,11,6,9,6,16,8,10,13,10,10,7,15,11,12,10,14,17,9,14,12,10,10,8,10,16,10,11,6,10,13,8,26,12,16,11,8,15,11,13,12,11,21,8,11,18,26,11,25,15,15,10,7,,15,9,6,3,8,8,6,5,,4,7,12,10,6,8,8,5,6,5,8,9,12,6,4,3,8,12,,4,4,9,10,7,12,11,13,18,11,11,,6,,6,,7,7,5,4,7,5,12,3,9,6,8,14,15,29,11,10,12,21,24,24,2,16,16,15,,11,16,5,19,10
20250905,5,O3,40,57,71,45,22,98,30,95,5,81,64,16,106,73,91,10,66,20,27,16,64,27,12,65,45,56,14,18,38,56,51,35,60,26,34,30,40,40,18,46,39,57,22,31,53,57,44,18,27,51,91,33,56,15,13,25,20,15,19,2,27,19,34,24,38,30,60,22,28,54,80,64,63,34,59,38,93,97,19,9,68,65,62,31,77,87,50,25,44,90,48,24,53,43,69,56,41,30,38,30,25,27,21,34,45,15,11,3,9,69,76,70,37,35,64,41,5,10,51,14,64,3,53,67,68,19,68,76,98,89,78,92,38,33,62,32,24,15,40,31,18,16,33,10,41,47,13,18,45,29,51,66,22,70,65,66,27,93,58,62,,,,,,,,,,,,,,,,,,,,,,,,,,,,,,35,28,22,77,89,75,78,64,34,108,77,23,91,69,25,84,107,67,27,32,86,67,4,6,2,95,64,13,12,82,25,66,22,21,33,48,8,49,72,70,48,47,10,42,54,53,37,41,40,15,41,20,41,6,37,15,19,26,12,26,42,25,36,29,85,89,106,79,56,65,30,48,47,56,43,35,41,57,38,32,32,15,48,16,61,40,18,16,16,7,2,25,21,32,22,11,36,11,24,10,6,42,54,36,44,39,10,18,6,67,4,,11,35,43,61,28,29,51,63,,41,14,48,37,14,7,1,38,50,4,34,4,6,23,65,47,44,81,,74,25,8,63,18,40,77,92,26,27,101,,75,,74,,81,78,74,89,87,85,54,72,96,97,94,43,58,14,35,29,53,51,53,21,27,19,45,18,,93,26,18,37,52
20250905,5,O3_24h,,,,,,,,,,,,,,,,,,,,,,,,,,,,,,,,,,,,,,,,,,,,,,,,,,,,,,,,,,,,,,,,,,,,,,,,,,,,,,,,,,,,,,,,,,,,,,,,,,,,,,,,,,,,,,,,,,,,,,,,,,,,,,,,,,,,,,,,,,,,,,,,,,,,,,,,,,,,,,,,,,,,,,,,,,,,,,,,,,,,,,,,,,,,,,,,,,,,,,,,,,,,,,,,,,,,,,,,,,,,,,,,,,,,,,,,,,,,,,,,,,,,,,,,,,,,,,,,,,,,,,,,,,,,,,,,,,,,,,,,,,,,,,,,,,,,,,,,,,,,,,,,,,,,,,,,,,,,,,,,,,,,,,,,,,,,,,,,,,,,,,,,,,,,,,,,,,,,,,,,,,,,,,,,,,,,,,,
20250905,5,O3_8h,,,,,,,,,,,,,,,,,,,,,,,,,,,56,,,,,,,,,,,,,,,,,,,,,,,,,,,,,,,,,,,,,,,,,,,,,,,,,91,,,,,,,,,,,,,,,,,,,,,,,,,,,,,,,,,,,,,,,84,,,,,,,,,,,,,,,,,,,,,,,,,,,,,,,,,,,,,,,,,,,,,,,,,,,,,,,,,,,,,,,,,,,,,,,,,,,,,,,,,70,,,,,,,,,,,,,,,,,,,,,,,,,,,,,,,68,,,,,,,,,,,,,,,,,,,,,,,,,,,,,,,,,,,,,,,,,,,,,,,,,,,,,,,,,,,,,,,,,,,,,,,,,,,,,,54,,,,,,,,,,,,,,,,,,,,,,,,,,,,,,,,,,,,,,,,,,,,,,,,,,,,,,,,,,,,,,,,,,,,,,
20250905,5,O3_8h_24h,,,,,,,,,,,,,,,,,,,,,,,,,,,,,,,,,,,,,,,,,,,,,,,,,,,,,,,,,,,,,,,,,,,,,,,,,,,,,,,,,,,,,,,,,,,,,,,,,,,,,,,,,,,,,,,,,,,,,,,,,,,,,,,,,,,,,,,,,,,,,,,,,,,,,,,,,,,,,,,,,,,,,,,,,,,,,,,,,,,,,,,,,,,,,,,,,,,,,,,,,,,,,,,,,,,,,,,,,,,,,,,,,,,,,,,,,,,,,,,,,,,,,,,,,,,,,,,,,,,,,,,,,,,,,,,,,,,,,,,,,,,,,,,,,,,,,,,,,,,,,,,,,,,,,,,,,,,,,,,,,,,,,,,,,,,,,,,,,,,,,,,,,,,,,,,,,,,,,,,,,,,,,,,,,,,,,,,
20250905,5,CO,0.57,0.58,0.42,0.62,0.45,0.95,0.43,0.62,0.53,0.75,0.33,0.57,0.85,0.53,0.33,1.15,0.47,0.49,0.86,0.58,0.81,0.41,0.51,0.60,0.32,0.72,0.76,0.86,1.10,0.83,0.50,0.54,0.37,0.65,0.44,0.48,0.45,0.57,0.68,0.40,0.45,0.47,0.40,0.43,0.80,0.37,0.32,0.77,0.67,0.33,0.53,0.89,0.56,0.44,0.51,0.35,0.50,0.30,0.37,0.42,0.40,0.50,0.64,0.30,0.75,0.71,0.32,0.37,0.33,0.65,0.33,0.73,0.36,0.30,0.63,0.96,0.46,0.36,0.68,0.85,0.53,0.88,0.47,0.47,0.90,0.67,0.45,0.80,0.53,0.37,0.55,0.64,0.53,0.56,0.38,0.55,0.78,0.51,0.35,0.54,0.53,0.37,0.70,0.37,0.57,0.50,0.60,0.50,0.63,0.45,0.69,1.22,1.00,0.87,0.65,1.22,0.95,1.00,0.76,0.52,0.64,0.36,0.73,0.78,0.77,0.72,0.53,1.08,0.67,0.67,0.56,0.55,0.30,0.63,0.77,0.65,0.40,0.40,0.47,0.59,0.43,0.66,0.94,0.88,0.53,0.57,0.93,0.40,0.38,0.45,0.60,0.65,0.87,0.42,0.60,0.20,1.07,0.58,0.20,0.23,,,,,,,,,,,,,,,,,,,,,,,,,,,,,,0.45,0.80,0.53,0.60,0.45,0.43,0.60,0.77,0.70,0.33,0.73,0.25,0.35,0.78,0.60,0.30,0.35,0.66,0.70,0.75,0.85,0.55,0.50,0.45,0.60,0.55,0.55,0.63,0.67,0.40,0.67,0.42,0.75,0.77,0.45,0.60,0.25,0.44,0.42,0.45,0.63,0.80,0.50,0.40,0.54,0.28,0.30,0.67,0.95,0.53,0.55,0.93,0.53,0.63,0.50,0.77,1.00,0.52,0.38,0.64,0.53,0.48,0.50,0.53,0.84,0.33,0.63,0.63,0.70,0.63,0.68,0.33,0.50,0.77,0.72,0.67,0.70,0.75,0.47,0.70,0.73,0.43,0.90,0.65,0.70,0.50,0.47,0.23,0.60,0.40,0.83,0.47,0.55,0.50,0.57,0.57,0.60,0.60,0.65,0.60,1.07,0.43,0.57,0.85,0.77,0.68,0.40,0.55,0.60,0.55,0.50,,0.20,0.60,0.25,0.55,0.45,0.60,0.45,0.35,,0.30,0.35,0.40,0.40,0.45,0.50,0.55,0.27,0.35,0.55,0.60,0.45,0.45,0.40,0.15,0.15,0.15,0.30,,0.30,0.40,0.63,0.47,0.60,0.55,0.35,0.40,0.20,0.45,0.45,,0.45,,0.40,,0.20,0.60,0.80,0.40,0.50,0.50,0.40,0.40,0.23,0.35,0.13,0.60,0.15,0.65,0.30,0.60,0.15,0.25,0.35,0.75,0.10,0.30,0.30,0.40,,0.35,0.30,0.50,0.57,0.63
20250905,5,CO_24h,0.64,0.72,0.49,0.92,0.40,0.80,0.39,0.60,0.63,0.65,0.53,0.53,0.50,0.63,0.50,1.14,0.53,0.60,0.68,0.59,0.72,0.46,0.73,0.77,0.33,0.68,0.78,0.94,0.88,0.73,0.52,0.56,0.43,0.61,0.45,0.38,0.45,0.57,0.70,0.43,0.55,0.50,0.40,0.43,0.78,0.40,0.44,0.71,0.66,0.32,0.59,0.71,0.49,0.45,0.51,0.37,0.53,0.35,0.37,0.43,0.43,0.44,0.49,0.28,0.68,0.64,0.32,0.36,0.32,0.64,0.50,0.87,0.46,0.35,0.68,0.90,0.70,0.58,0.66,0.85,0.53,0.70,0.55,0.43,0.96,0.72,0.42,0.53,0.40,0.30,0.55,0.60,0.48,0.64,0.40,0.50,0.75,0.54,0.37,0.52,0.53,0.40,0.65,0.47,0.53,0.50,0.58,0.45,0.57,0.40,0.70,0.98,0.88,0.98,0.74,1.04,0.93,0.95,0.80,0.50,0.64,0.38,0.85,0.70,0.77,0.70,0.52,0.94,0.75,0.63,0.56,0.47,0.50,0.53,0.78,0.57,0.37,0.33,0.47,0.51,0.33,0.68,0.92,0.90,0.53,0.60,0.88,0.45,0.38,0.43,0.57,0.70,0.73,0.70,0.60,0.40,0.87,0.60,0.28,0.23,,,,,,,,,,,,,,,,,,,,,,,,,,,,,,0.50,0.90,0.57,0.98,0.42,0.53,0.84,0.73,0.87,0.53,0.60,0.30,0.50,0.65,0.70,0.30,0.40,0.68,0.85,0.72,0.85,0.47,0.55,0.60,0.60,0.50,0.55,0.63,0.70,0.60,0.60,0.68,0.77,0.67,0.45,0.70,0.35,0.50,0.40,0.67,0.63,0.75,0.50,0.47,0.52,0.38,0.47,0.70,0.85,0.53,0.55,1.23,0.60,0.57,0.60,0.77,0.88,0.72,0.28,0.66,0.53,0.46,0.50,0.53,0.76,0.42,0.67,0.53,0.62,0.60,0.73,0.33,0.53,0.70,0.72,0.80,0.64,0.80,0.57,0.70,0.80,0.43,0.85,0.65,0.70,0.47,0.37,0.22,0.65,0.35,0.83,0.47,0.50,0.50,0.57,0.60,0.53,0.60,0.50,0.60,1.00,0.40,0.63,0.80,0.77,0.68,0.50,0.65,0.75,0.60,0.60,,0.40,0.67,0.33,0.53,0.45,0.55,0.50,0.35,,0.30,0.35,0.40,0.40,0.45,0.50,0.55,0.27,0.35,0.50,0.60,0.45,0.45,0.40,0.20,0.15,0.20,0.40,,0.30,0.40,0.67,0.67,0.60,0.65,0.45,0.60,0.40,0.45,0.65,,0.60,,0.50,,0.25,0.80,0.50,0.40,0.40,0.50,0.40,0.40,0.40,0.45,0.30,0.50,0.25,0.45,0.35,0.55,0.15,0.35,0.40,0.65,0.10,0.40,0.30,0.40,,0.35,0.40,0.45,0.43,0.60
20250905,6,AQI,58,,,,,43,63,,56,,50,63,,,33,,39,35,51,,,,,,,,,53,,,21,,,45,,,,41,34,,,37,,,44,40,,,49,,,,42,19,,,18,,19,19,10,,,16,,60,23,17,9,,23,,,,,,28,41,,37,,64,,,68,,36,,,,,52,,,,28,,,,,,,33,,,26,30,,,31,39,36,,,47,50,36,40,49,34,,,41,,,47,,37,31,28,,,,53,,53,,26,15,,,,,,,,42,,,,,,,75,,48,66,,21,69,,,,,,,,,,,,,,,,,,,,,,,,,,,,,,,,,24,,29,,,,,,23,60,,,,43,53,,,58,,,,33,,36,,32,40,,,40,,21,,25,22,26,23,,41,29,51,42,,,44,37,,,,,,,33,,,,30,21,,28,,31,,,,,,,,56,,,52,52,,34,,,20,36,,,31,,32,,,,16,,23,,39,33,19,36,25,13,,,,,70,37,,25,,14,,17,,,21,,38,,,,,17,,,,,17,31,,,21,25,,13,17,,,,,25,,12,,29,,23,,,,,,,,,,25,24,26,36,31,27,,49,,,29,,18,60,39,500,500,500,500,,,16,,,,,34,15,,
20250905,6,PM2.5,41,,,,,30,42,,34,,35,40,,,3,,27,19,22,,,,,,,,,30,,,11,,,29,,,,27,23,,,23,,,28,28,,,33,,,,26,9,,,11,,10,4,4,,,4,,43,16,8,5,,14,,,,,,9,21,,21,,46,,,49,,23,,,,,29,,,,19,,,,,,,23,,,14,19,,,20,26,23,,,32,29,22,17,34,20,,,22,,,33,,26,10,14,,,,22,,37,,15,8,,,,,,,,27,,,,,,,39,,17,25,,10,21,,,,,,,,,,,,,,,,,,,,,,,,,,,,,,,,,3,,16,,,,,,14,30,,,,20,33,,,41,,,,17,,25,,12,15,,,22,,15,,6,8,15,8,,29,9,36,25,,,31,25,,,,,,,22,,,,17,10,,12,,22,,,,,,,,29,,,28,34,,21,,,14,20,,,22,,21,,,,9,,13,,20,23,13,14,15,8,,,,,51,17,,16,,10,,5,,,15,,26,,,,,10,,,,,12,22,,,15,12,,8,3,,,,,3,,7,,8,,10,,,,,,,,,,14,10,18,16,7,13,,26,,,16,,7,26,17,260,340,435,501,,,9,,,,,17,5,,
20250905,6,PM2.5_24h,36,,,,,22,26,,33,,33,27,,,19,,20,19,21,,,,,,,,,33,,,13,,,26,,,,26,20,,,24,,,25,24,,,31,,,,21,12,,,13,,9,12,8,,,7,,30,15,9,7,,28,,,,,,20,16,,22,,33,,,41,,26,,,,,27,,,,13,,,,,,,16,,,18,18,,,21,21,16,,,25,26,23,20,31,19,,,24,,,28,,20,13,12,,,,21,,31,,14,6,,,,,,,,25,,,,,,,20,,26,24,,10,34,,,,,,,,,,,,,,,,,,,,,,,,,,,,,,,,,3,,19,,,,,,16,59,,,,21,27,,,39,,,,16,,25,,17,18,,,24,,16,,10,20,16,15,,25,12,26,22,,,24,21,,,,,,,25,,,,17,14,,14,,17,,,,,,,,22,,,19,34,,22,,,14,24,,,20,,17,,,,10,,14,,19,17,13,14,12,7,,,,,36,23,,16,,10,,6,,,15,,24,,,,,15,,,,,11,19,,,13,14,,9,6,,,,,2,,6,,9,,26,,,,,,,,,,14,24,21,15,12,14,,19,,,27,,12,14,20,224,229,264,191,,,5,,,,,18,7,,
20250905,6,PM10,62,,,,,38,75,,62,,46,75,,,6,,33,35,51,,,,,,,,,55,,,21,,,45,,,,41,34,,,37,,,44,31,,,49,,,,42,19,,,18,,19,12,10,,,16,,64,23,17,9,,20,,,,,,21,41,,37,,39,,,66,,36,,,,,54,,,,28,,,,,,,24,,,26,30,,,31,39,36,,,47,50,36,40,39,34,,,41,,,47,,31,12,20,,,,55,,50,,26,15,,,,,,,,42,,,,,,,100,,48,82,,21,88,,,,,,,,,,,,,,,,,,,,,,,,,,,,,,,,,10,,29,,,,,,23,70,,,,43,55,,,44,,,,33,,34,,32,40,,,40,,17,,25,22,26,23,,39,29,35,42,,,40,37,,,,,,,33,,,,30,21,,28,,27,,,,,,,,62,,,53,53,,34,,,19,36,,,31,,32,,,,16,,23,,39,29,19,36,25,13,,,,,49,37,,25,,10,,17,,,19,,38,,,,,17,,,,,17,22,,,12,25,,13,6,,,,,6,,12,,29,,17,,,,,,,,,,12,20,,36,31,16,,49,,,23,,15,69,39,764,1062,1251,2411,,,16,,,,,34,15,,
20250905,6,PM10_24h,51,,,,,33,55,,53,,52,62,,,39,,28,42,47,,,,,,,,,52,,,22,,,38,,,,37,30,,,40,,,39,35,,,53,,,,37,24,,,21,,18,27,16,,,15,,54,26,18,13,,75,,,,,,36,35,,41,,37,,,64,,39,,,,,51,,,,25,,,,,,,25,,,40,34,,,31,42,23,,,38,45,43,43,45,32,,,47,,,38,,29,17,16,,,,34,,43,,28,12,,,,,,,,43,,,,,,,35,,100,80,,27,122,,,,,,,,,,,,,,,,,,,,,,,,,,,,,,,,,12,,29,,,,,,32,188,,,,78,49,,,50,,,,38,,34,,44,52,,,45,,28,,27,35,30,34,,35,30,32,42,,,33,34,,,,,,,35,,,,27,28,,28,,22,,,,,,,,49,,,43,48,,34,,,24,35,,,28,,26,,,,25,,25,,38,25,22,26,23,15,,,,,46,46,,26,,11,,17,,,19,,32,,,,,17,,,,,21,23,,,14,26,,17,8,,,,,4,,13,,23,,92,,,,,,,,,,17,42,28,34,34,25,,45,,,59,,44,38,43,713,710,717,770,,,23,,,,,28,15,,
20250905,6,SO2,3,,,,,9,4,,4,,6,13,,,4,,8,5,9,,,,,,,,,9,,,8,,,8,,,,7,7,,,3,,,7,4,,,8,,,,7,6,,,5,,5,8,7,,,5,,5,5,4,6,,6,,,,,,4,5,,6,,5,,,12,,3,,,,,6,,,,5,,,,,,,6,,,6,11,,,5,6,7,,,20,7,6,6,7,5,,,7,,,5,,5,3,5,,,,6,,7,,7,4,,,,,,,,4,,,,,,,7,,3,40,,5,4,,,,,,,,,,,,,,,,,,,,,,,,,,,,,,,,,2,,7,,,,,,5,8,,,,8,14,,,5,,,,6,,4,,9,12,,,7,,6,,4,6,6,9,,5,4,7,6,,,8,6,,,,,,,6,,,,6,11,,4,,5,,,,,,,,6,,,9,2,,4,,,5,14,,,6,,6,,,,6,,4,,6,18,6,21,6,6,,,,,5,5,,7,,8,,5,,,7,,6,,,,,7,,,,,8,6,,,6,41,,6,3,,,,,6,,5,,5,,6,,,,,,,,,,4,15,10,9,10,18,,8,,,8,,4,8,5,4,12,4,1,,,2,,,,,5,9,,
20250905,6,SO2_24h,3,,,,,7,3,,4,,6,7,,,7,,8,5,8,,,,,,,,,9,,,8,,,7,,,,7,6,,,3,,,7,5,,,9,,,,6,6,,,5,,5,6,8,,,5,,4,6,5,6,,9,,,,,,7,7,,7,,5,,,11,,5,,,,,6,,,,5,,,,,,,6,,,10,8,,,5,6,7,,,12,8,7,6,8,7,,,7,,,7,,6,4,5,,,,5,,6,,6,4,,,,,,,,4,,,,,,,7,,2,38,,6,4,,,,,,,,,,,,,,,,,,,,,,,,,,,,,,,,,2,,6,,,,,,6,8,,,,8,13,,,5,,,,6,,3,,9,12,,,7,,7,,5,6,6,8,,5,4,7,5,,,6,6,,,,,,,7,,,,6,12,,4,,5,,,,,,,,7,,,9,2,,7,,,6,9,,,11,,5,,,,4,,4,,10,13,8,13,7,5,,,,,5,5,,7,,8,,5,,,6,,10,,,,,9,,,,,6,7,,,5,12,,6,3,,,,,6,,6,,5,,29,,,,,,,,,,5,12,8,10,9,16,,9,,,8,,4,7,5,4,7,4,4,,,3,,,,,6,7,,
20250905,6,NO2,22,,,,,11,45,,20,,25,68,,,3,,19,25,39,,,,,,,,,40,,,15,,,34,,,,27,35,,,17,,,26,9,,,32,,,,13,25,,,15,,15,37,12,,,6,,23,6,12,18,,7,,,,,,5,5,,14,,30,,,28,,25,,,,,32,,,,20,,,,,,,12,,,10,24,,,11,12,7,,,13,16,21,23,28,21,,,10,,,32,,9,7,6,,,,16,,14,,14,5,,,,,,,,22,,,,,,,5,,8,23,,7,13,,,,,,,,,,,,,,,,,,,,,,,,,,,,,,,,,5,,10,,,,,,11,4,,,,2,13,,,7,,,,10,,8,,25,15,,,25,,11,,4,16,9,10,,14,8,19,15,,,13,17,,,,,,,13,,,,11,5,,11,,6,,,,,,,,10,,,23,10,,9,,,9,12,,,13,,14,,,,9,,11,,20,13,16,18,14,20,,,,,13,24,,10,,5,,13,,,3,,10,,,,,8,,,,,19,5,,,5,15,,5,2,,,,,1,,9,,6,,5,,,,,,,,,,2,2,4,1,2,2,,1,,,4,,10,45,6,11,6,20,7,,,8,,,,,16,6,,
20250905,6,NO2_24h,14,,,,,14,22,,16,,18,25,,,17,,13,25,23,,,,,,,,,25,,,13,,,22,,,,20,20,,,20,,,19,11,,,28,,,,11,20,,,17,,9,26,11,,,6,,23,9,11,16,,12,,,,,,15,13,,17,,19,,,26,,14,,,,,18,,,,14,,,,,,,11,,,13,14,,,15,15,10,,,15,15,23,21,20,16,,,11,,,29,,15,10,9,,,,11,,10,,9,6,,,,,,,,18,,,,,,,11,,10,24,,12,12,,,,,,,,,,,,,,,,,,,,,,,,,,,,,,,,,13,,13,,,,,,15,7,,,,6,13,,,10,,,,13,,7,,24,14,,,20,,12,,7,14,10,9,,11,5,10,13,,,11,12,,,,,,,9,,,,11,6,,6,,8,,,,,,,,12,,,17,9,,12,,,8,10,,,11,,10,,,,12,,11,,15,11,13,11,11,21,,,,,11,26,,15,,7,,15,,,3,,8,,,,,7,,,,,8,5,,,8,9,,6,4,,,,,4,,9,,7,,10,,,,,,,,,,7,7,5,4,6,5,,3,,,8,,15,29,12,10,12,20,23,,,16,,,,,16,5,,
20250905,6,O3,34,,,,,82,18,,9,,59,30,,,104,,56,22,22,,,,,,,,,14,,,46,,,17,,,,29,13,,,56,,,48,59,,,39,,,,53,13,,,20,,18,12,25,,,25,,25,60,20,29,,75,,,,,,90,99,,15,,50,,,63,,55,,,,,24,,,,46,,,,,,,21,,,14,10,,,62,74,66,,,65,43,7,7,49,13,,,53,,,19,,86,98,91,,,,26,,18,,12,39,,,,,,,,11,,,,,,,75,,73,51,,57,62,,,,,,,,,,,,,,,,,,,,,,,,,,,,,,,,,77,,84,,,,,,18,91,,,,105,73,,,92,,,,4,,57,,16,72,,,24,,27,,6,42,71,65,,42,8,39,72,,,39,37,,,,,,,13,,,,26,41,,25,,83,,,,,,,,53,,,31,42,,34,,,15,46,,,49,,13,,,,27,,28,,8,38,9,25,10,6,,,,,,6,,10,,4,,11,,,59,,24,,,,,14,,,,,,40,,,33,5,,22,53,,,,,80,,8,,18,,74,,,,,,,,,,80,76,75,94,77,86,,76,,,94,,58,8,37,34,61,39,62,,,26,,,,,22,17,,
20250905,6,O3_24h,,,,,,,,,,,,,,,,,,,,,,,,,,,,,,,,,,,,,,,,,,,,,,,,,,,,,,,,,,,,,,,,,,,,,,,,,,,,,,,,,,,,,,,,,,,,,,,,,,,,,,,,,,,,,,,,,,,,,,,,,,,,,,,,,,,,,,,,,,,,,,,,,,,,,,,,,,,,,,,,,,,,,,,,,,,,,,,,,,,,,,,,,,,,,,,,,,,,,,,,,,,,,,,,,,,,,,,,,,,,,,,,,,,,,,,,,,,,,,,,,,,,,,,,,,,,,,,,,,,,,,,,,,,,,,,,,,,,,,,,,,,,,,,,,,,,,,,,,,,,,,,,,,,,,,,,,,,,,,,,,,,,,,,,,,,,,,,,,,,,,,,,,,,,,,,,,,,,,,,,,,,,,,,,,,,,,,,
20250905,6,O3_8h,,,,,,,,,,,,,,,,,,,,,,,,,,,,,,,,,,,,,,,,,,,,,,,,,,,,,,,,,,,,,,,,,,,,,,,,,,,,,,,,,,,,,,,,,,,,,,,,,,,,,,,,,,,,,,,,,,,84,,,,,,,,,,,,,,73,,,,,,,,,,,,,,,,,,,,,,,,,,,,,,,,,,,,,,,,,,,,,,,,,,,,,,,,,,,,,,,,,,,,,,,,,,,,,,,,,,,,,,,,,,,,,,,,,,68,,,,,,,,,,,,,,,,,,,,,,,,,,,,,,,,,,,,,,,,,,,,,,,,,,,,,,,,,,,,,,,,,,,,,,,,,,,,,,54,,,,,,,,,,,,,,,,,,,,,,,,,53,,,,,,,,,,,,,,,,,,,,,,,,,,,,,,,,,,,,,,,,,,,,,
20250905,6,O3_8h_24h,,,,,,,,,,,,,,,,,,,,,,,,,,,,,,,,,,,,,,,,,,,,,,,,,,,,,,,,,,,,,,,,,,,,,,,,,,,,,,,,,,,,,,,,,,,,,,,,,,,,,,,,,,,,,,,,,,,,,,,,,,,,,,,,,,,,,,,,,,,,,,,,,,,,,,,,,,,,,,,,,,,,,,,,,,,,,,,,,,,,,,,,,,,,,,,,,,,,,,,,,,,,,,,,,,,,,,,,,,,,,,,,,,,,,,,,,,,,,,,,,,,,,,,,,,,,,,,,,,,,,,,,,,,,,,,,,,,,,,,,,,,,,,,,,,,,,,,,,,,,,,,,,,,,,,,,,,,,,,,,,,,,,,,,,,,,,,,,,,,,,,,,,,,,,,,,,,,,,,,,,,,,,,,,,,,,,,,
20250905,6,CO,0.61,,,,,0.87,0.44,,0.53,,0.35,0.53,,,0.30,,0.50,0.51,0.90,,,,,,,,,0.90,,,0.48,,,0.66,,,,0.60,0.75,,,0.50,,,0.80,0.38,,,0.71,,,,0.58,0.45,,,0.50,,0.42,0.42,0.40,,,0.30,,0.72,0.32,0.39,0.32,,0.37,,,,,,0.56,0.36,,0.80,,0.90,,,0.90,,0.36,,,,,0.62,,,,0.57,,,,,,,0.70,,,0.50,0.60,,,0.45,0.71,1.42,,,0.67,1.58,0.92,1.12,0.74,0.52,,,0.72,,,0.72,,0.92,0.64,0.70,,,,0.70,,0.68,,0.37,0.47,,,,,,,,0.93,,,,,,,0.42,,0.20,0.50,,0.20,0.27,,,,,,,,,,,,,,,,,,,,,,,,,,,,,,,,,0.66,,0.50,,,,,,0.20,0.35,,,,0.35,0.68,,,0.92,,,,0.60,,0.55,,0.67,0.40,,,0.75,,0.40,,0.25,0.42,0.38,0.63,,0.77,0.50,0.47,0.56,,,0.67,1.00,,,,,,,0.77,,,,0.64,0.55,,0.53,,0.84,,,,,,,,0.57,,,0.77,0.66,,0.47,,,0.43,0.98,,,0.60,,0.27,,,,0.50,,0.50,,0.60,0.60,0.60,0.65,0.70,1.07,,,,,0.70,0.47,,0.60,,0.50,,0.20,,,0.55,,0.55,,,,,0.40,,,,,0.50,0.27,,,0.60,0.40,,0.40,0.20,,,,,0.20,,0.63,,0.60,,0.40,,,,,,,,,,0.20,0.60,0.90,0.40,0.50,0.50,,0.40,,,0.17,,0.15,0.75,0.30,0.60,0.15,0.30,0.45,,,0.30,,,,,0.30,0.50,,
20250905,6,CO_24h,0.64,,,,,0.80,0.40,,0.63,,0.53,0.53,,,0.49,,0.52,0.60,0.69,,,,,,,,,0.94,,,0.52,,,0.62,,,,0.57,0.68,,,0.50,,,0.78,0.40,,,0.66,,,,0.49,0.45,,,0.53,,0.37,0.43,0.43,,,0.28,,0.64,0.32,0.36,0.32,,0.47,,,,,,0.69,0.56,,0.85,,0.72,,,0.94,,0.40,,,,,0.60,,,,0.50,,,,,,,0.65,,,0.50,0.58,,,0.35,0.68,1.00,,,0.74,1.06,0.93,0.95,0.80,0.50,,,0.83,,,0.70,,0.96,0.75,0.63,,,,0.60,,0.57,,0.33,0.47,,,,,,,,0.90,,,,,,,0.68,,0.40,0.87,,0.26,0.23,,,,,,,,,,,,,,,,,,,,,,,,,,,,,,,,,0.98,,0.53,,,,,,0.30,0.50,,,,0.40,0.68,,,0.88,,,,0.60,,0.55,,0.70,0.60,,,0.82,,0.45,,0.35,0.50,0.40,0.67,,0.75,0.50,0.47,0.52,,,0.70,0.85,,,,,,,0.77,,,,0.66,0.53,,0.50,,0.76,,,,,,,,0.53,,,0.77,0.64,,0.57,,,0.43,0.85,,,0.47,,0.22,,,,0.47,,0.50,,0.60,0.53,0.60,0.50,0.60,1.00,,,,,0.68,0.50,,0.75,,0.60,,0.40,,,0.53,,0.55,,,,,0.35,,,,,0.55,0.27,,,0.60,0.45,,0.40,0.20,,,,,0.30,,0.67,,0.60,,0.45,,,,,,,,,,0.25,0.80,0.50,0.40,0.40,0.50,,0.40,,,0.30,,0.25,0.50,0.35,0.55,0.15,0.35,0.40,,,0.30,,,,,0.40,0.45,,
20250905,7,AQI,63,53,43,53,61,44,62,39,55,59,49,63,45,38,32,53,37,33,46,31,48,30,27,23,31,53,50,53,63,47,22,23,30,44,29,31,39,44,35,27,16,35,40,23,46,43,21,40,49,21,29,50,43,17,10,9,16,9,19,16,11,24,25,15,65,60,24,15,10,67,24,22,52,44,33,51,26,65,41,37,43,64,36,37,63,50,37,55,65,23,36,50,39,18,18,32,41,18,10,21,17,10,31,8,41,21,28,29,18,40,40,34,55,51,48,47,37,46,47,36,43,27,43,63,61,53,26,39,30,25,23,24,22,54,28,51,23,31,12,38,13,32,58,48,45,33,41,41,23,20,120,28,150,44,16,51,62,52,20,68,,,,,,,,,,,,,,,,,,,,,,,,,,,,,,43,63,33,26,25,34,20,36,15,53,65,24,63,40,50,29,46,53,33,32,60,37,41,17,34,40,35,30,37,42,44,22,41,21,18,40,32,30,30,24,62,41,31,59,39,30,19,46,38,43,47,27,26,37,26,31,39,32,24,31,21,39,27,40,26,24,31,23,35,18,63,30,59,19,35,54,51,27,37,30,29,23,34,49,25,36,29,34,44,23,53,21,21,26,20,35,33,24,24,27,12,27,36,63,91,74,39,39,26,30,16,,13,21,21,21,26,41,26,20,,14,26,40,14,28,24,21,34,25,27,19,24,21,14,15,14,13,20,,24,8,16,79,31,11,33,35,16,47,37,,49,,55,,24,23,26,30,28,28,14,51,33,27,29,70,40,55,35,500,500,500,500,39,20,11,28,64,,40,39,16,71,106
20250905,7,PM2.5,45,37,25,32,27,31,39,25,33,39,34,44,25,23,6,29,26,16,22,13,30,16,19,5,22,37,25,30,45,33,12,16,21,29,13,20,27,30,24,12,6,22,26,16,30,30,14,21,34,10,8,29,28,7,3,3,8,6,10,4,4,11,14,4,47,43,13,8,5,42,16,12,23,10,21,32,11,40,26,22,30,46,25,20,45,35,24,37,47,13,22,24,27,10,5,17,29,8,5,10,12,3,22,5,20,13,18,8,10,23,26,22,28,31,33,27,23,18,33,21,25,11,23,45,44,37,18,27,12,14,12,5,10,25,18,36,16,17,8,20,4,16,41,18,30,23,27,29,15,14,57,11,103,25,5,17,20,21,7,26,,,,,,,,,,,,,,,,,,,,,,,,,,,,,,16,31,18,3,14,19,7,25,8,27,47,12,25,28,35,20,21,33,15,17,43,20,10,11,19,27,23,11,14,15,26,11,22,8,11,19,10,14,16,10,44,29,10,42,26,19,13,32,25,29,33,18,17,22,18,22,27,20,13,19,11,23,12,24,18,10,21,10,24,4,45,21,29,8,21,27,33,19,25,15,13,16,20,34,15,25,18,24,30,16,27,11,8,14,10,21,23,13,15,14,8,11,25,45,68,54,21,27,16,19,11,,5,12,12,15,15,29,11,12,,8,18,28,6,9,17,13,24,17,10,13,12,15,10,3,3,3,3,,3,5,6,56,8,6,23,24,10,26,21,,27,,16,,16,12,18,11,12,13,3,22,18,12,12,34,8,18,14,253,353,427,536,23,14,3,13,28,,21,20,6,52,76
20250905,7,PM2.5_24h,35,35,19,41,23,22,27,23,33,44,33,28,13,19,18,27,20,19,21,15,24,18,20,6,24,25,24,32,35,30,13,11,13,27,11,17,28,26,20,13,6,24,20,16,25,24,17,22,31,7,9,21,21,12,6,5,12,6,9,12,8,11,14,7,36,30,15,9,7,11,27,21,26,10,18,24,19,17,22,22,21,33,27,14,42,32,25,30,21,11,18,26,25,8,5,13,26,10,5,8,12,7,16,5,20,18,18,9,6,22,21,16,12,30,24,27,23,20,31,19,24,18,24,33,33,28,11,21,13,11,10,5,11,22,21,31,15,14,6,16,4,21,37,16,35,22,25,24,16,10,12,5,11,20,7,25,23,31,10,34,,,,,,,,,,,,,,,,,,,,,,,,,,,,,,18,28,21,3,17,19,5,24,12,45,36,16,59,25,27,17,21,27,24,20,39,21,15,15,16,24,25,11,17,18,22,21,24,11,16,25,10,19,16,14,33,25,13,26,22,24,15,24,22,27,26,17,14,15,17,25,21,19,18,17,14,23,14,21,17,13,19,11,30,8,38,24,22,17,27,19,34,18,22,17,20,14,24,25,16,20,19,17,25,15,34,11,12,14,15,19,18,13,14,12,7,9,22,39,55,37,24,32,16,17,11,,6,14,15,15,11,24,15,13,,7,15,29,7,15,18,11,19,11,11,13,13,15,9,6,3,2,13,,1,5,6,16,9,8,26,22,28,31,32,,21,,15,,14,23,21,15,12,13,3,20,32,40,26,100,12,15,19,232,239,277,205,18,7,5,14,13,,22,18,7,32,11
20250905,7,PM10,66,52,43,55,72,42,74,39,59,67,46,75,45,38,10,56,32,33,46,31,48,30,27,23,30,54,50,55,58,38,22,20,30,44,29,31,39,44,35,27,16,35,40,23,46,36,21,40,47,21,17,50,43,17,10,9,16,8,19,14,11,24,25,15,62,59,24,15,9,83,24,22,53,44,33,51,25,80,41,37,36,61,35,37,66,45,37,59,63,23,36,50,35,18,13,32,41,18,10,21,15,10,29,8,41,21,28,29,18,40,40,34,60,51,48,47,37,46,35,36,43,27,43,51,62,45,23,30,15,25,18,10,22,58,28,48,21,31,12,38,13,32,58,48,45,31,41,38,23,18,190,28,250,44,16,51,73,54,20,85,,,,,,,,,,,,,,,,,,,,,,,,,,,,,,43,76,33,13,22,34,12,34,12,56,61,24,75,34,,20,46,56,33,32,54,37,41,17,34,40,35,30,37,42,44,22,41,21,18,40,32,30,30,24,74,39,31,42,39,30,19,37,38,43,39,27,26,37,25,31,37,32,24,31,21,39,27,40,22,18,30,20,35,11,71,30,67,19,35,57,51,27,37,30,29,20,34,39,25,34,29,32,44,21,55,21,21,26,20,35,28,24,24,27,12,27,30,63,95,55,39,38,26,30,,,13,21,21,18,26,37,26,14,,14,18,38,14,28,,21,25,25,27,17,24,17,14,6,7,6,6,,6,8,16,107,31,11,23,35,16,47,37,,49,,60,,17,23,,30,28,18,9,52,33,27,19,90,40,60,35,792,1101,1287,2456,39,,11,28,77,,40,39,16,83,161
20250905,7,PM10_24h,51,52,41,63,49,33,56,38,54,66,51,63,31,35,37,53,28,42,48,27,40,31,31,17,38,41,41,52,43,35,21,18,22,39,25,28,42,37,30,28,15,40,33,27,39,36,24,38,53,15,13,40,37,24,13,9,20,11,18,26,15,23,22,15,50,54,26,18,13,18,74,41,87,34,30,37,35,37,37,41,29,38,38,27,65,57,38,47,41,14,32,51,45,13,10,25,40,19,14,18,19,12,25,12,38,40,34,26,20,32,41,23,28,51,38,46,43,43,45,32,50,33,47,45,51,39,13,29,16,16,15,9,18,36,33,43,21,29,12,29,13,37,53,34,50,34,42,33,24,20,26,10,23,36,12,99,77,134,27,125,,,,,,,,,,,,,,,,,,,,,,,,,,,,,,33,46,32,12,39,29,8,37,24,156,52,32,190,41,45,33,79,50,46,37,50,34,35,28,38,38,34,26,45,53,40,38,46,30,28,49,27,35,30,33,53,35,30,32,42,36,22,34,34,38,38,29,21,28,27,36,32,33,33,27,27,40,28,36,21,28,24,27,37,21,59,34,50,26,44,43,49,36,34,26,32,24,35,38,27,29,28,27,38,22,62,25,27,26,23,37,26,23,26,23,15,28,25,59,95,47,46,49,26,22,11,,17,22,23,19,22,32,24,12,,12,17,39,13,28,15,21,23,20,23,14,26,23,17,8,7,8,22,,5,8,13,28,23,16,90,44,80,108,74,,47,,45,,16,42,27,34,33,25,10,47,123,193,57,285,45,39,42,740,743,760,840,49,14,23,31,35,,55,28,15,60,20
20250905,7,SO2,3,8,2,6,13,8,4,5,3,7,6,7,2,7,5,8,8,5,10,6,6,5,4,5,6,10,7,9,6,10,8,7,6,8,6,4,6,8,7,6,3,3,4,4,8,4,3,6,8,6,4,6,8,6,7,5,5,6,5,7,7,7,6,5,9,5,5,5,6,2,6,8,5,5,5,13,4,6,10,5,8,6,2,11,13,9,5,10,10,5,3,7,3,6,5,6,9,5,4,8,8,4,6,3,16,6,15,10,7,5,6,6,7,34,25,7,7,6,12,6,6,7,7,7,8,5,6,9,4,5,4,5,6,7,7,6,6,8,4,7,3,9,6,14,5,8,4,5,7,4,3,3,4,7,4,3,20,9,5,5,,,,,,,,,,,,,,,,,,,,,,,,,,,,,,4,7,9,2,4,6,4,5,2,9,6,5,9,11,6,4,8,14,4,7,5,7,11,11,7,7,4,6,8,12,12,5,7,10,6,7,4,7,6,9,9,5,4,7,6,5,4,6,5,7,6,2,4,12,5,6,17,8,7,7,11,8,4,18,5,5,3,2,5,7,5,3,7,8,7,11,2,12,5,3,6,6,14,7,6,5,3,7,7,6,11,7,3,4,6,9,14,6,27,6,5,6,5,6,11,5,5,6,6,6,8,,5,8,3,7,6,6,3,3,,5,8,7,10,7,5,8,7,2,7,5,25,5,7,3,3,8,2,,6,5,5,2,5,4,16,7,7,7,7,,5,,5,,4,14,9,9,10,18,4,9,3,4,8,9,4,7,5,4,16,5,2,4,4,3,9,6,,10,6,10,8,4
20250905,7,SO2_24h,3,8,3,6,7,7,3,6,4,5,6,7,3,9,7,9,8,5,8,6,5,6,4,5,6,7,7,9,4,9,8,7,6,7,6,4,6,7,6,6,3,3,4,4,8,5,4,6,9,5,5,5,6,6,7,5,5,6,5,6,8,8,6,5,9,4,6,4,6,2,9,15,7,6,5,10,7,7,8,7,7,5,4,9,11,10,5,8,9,5,5,6,4,7,4,5,10,6,4,6,7,4,6,3,11,10,8,6,5,5,6,7,5,24,12,8,7,6,9,7,6,6,8,7,9,7,6,6,4,5,4,5,5,5,7,6,6,6,4,6,3,9,7,12,5,9,4,4,7,4,3,3,5,7,4,2,36,10,6,4,,,,,,,,,,,,,,,,,,,,,,,,,,,,,,5,6,6,2,4,6,4,7,3,11,6,6,8,11,6,4,8,13,5,11,5,6,10,12,6,7,3,6,9,12,9,6,7,10,7,8,5,6,6,8,9,5,4,7,5,5,4,6,6,8,6,6,5,9,5,7,16,9,8,6,12,8,4,15,5,5,3,2,5,8,4,4,7,7,7,9,2,10,7,4,5,6,9,9,6,11,3,5,8,6,10,4,4,4,5,10,13,8,14,7,5,7,4,6,16,5,5,7,6,6,8,,5,10,4,6,5,10,4,3,,4,9,7,10,7,7,6,7,4,6,5,12,5,6,3,3,8,3,,6,5,6,5,5,4,29,8,8,7,9,,5,,7,,5,12,8,10,9,16,4,9,4,4,8,7,4,7,5,4,7,4,4,5,3,3,10,6,,10,6,7,6,4
20250905,7,NO2,21,27,27,28,46,11,47,11,20,19,29,39,14,17,5,31,22,27,35,26,27,31,24,17,17,21,44,42,43,16,17,18,15,31,16,28,25,32,34,17,17,17,30,13,30,11,16,31,30,20,9,23,14,22,15,10,15,13,14,32,13,20,11,7,22,24,7,12,20,6,15,13,12,28,13,19,10,5,29,14,24,32,16,36,26,13,24,37,17,18,19,30,15,20,15,29,20,11,11,12,11,10,12,12,32,10,21,18,17,14,13,7,18,35,18,21,19,22,24,20,9,19,14,22,28,29,12,11,8,9,8,8,11,22,11,14,6,16,6,21,8,19,24,25,12,19,25,9,8,7,6,12,8,10,17,15,20,10,7,9,,,,,,,,,,,,,,,,,,,,,,,,,,,,,,10,9,19,6,10,12,7,13,21,4,18,11,6,6,24,5,4,14,19,16,10,23,17,21,12,17,7,17,22,22,26,9,25,23,10,12,6,20,11,11,25,17,6,20,16,11,14,15,18,17,14,14,6,19,12,12,17,19,13,12,7,11,13,27,7,6,8,8,8,7,19,8,11,11,11,25,11,12,12,9,17,8,12,23,12,14,7,13,16,7,33,14,15,12,11,19,13,16,11,13,18,7,17,19,30,15,27,8,11,13,4,,13,11,5,4,9,10,5,5,,4,7,9,10,8,9,20,6,7,6,7,10,12,6,2,4,6,11,,1,3,10,6,7,7,7,10,19,13,4,,3,,3,,4,6,4,1,5,2,12,1,4,8,4,14,12,44,6,9,7,34,5,23,1,8,20,42,,6,26,5,30,5
20250905,7,NO2_24h,14,19,14,18,19,14,22,10,17,17,18,25,10,19,16,32,13,25,24,22,18,21,23,10,17,14,26,25,22,9,12,10,10,22,13,14,18,20,20,10,16,19,18,14,19,11,19,22,28,10,12,17,11,20,14,8,17,10,9,27,11,13,10,6,17,23,9,11,16,10,12,11,13,24,9,12,14,13,18,17,19,18,15,19,25,20,14,23,14,9,15,18,20,11,10,14,17,8,7,9,10,8,11,6,21,13,14,14,12,15,15,10,11,34,13,16,23,21,19,16,10,20,11,16,18,29,11,15,10,9,10,8,11,12,13,9,5,9,6,13,6,15,16,19,11,14,18,9,7,8,10,10,14,11,8,10,24,12,12,12,,,,,,,,,,,,,,,,,,,,,,,,,,,,,,9,9,15,13,9,12,9,16,22,10,14,15,7,15,12,7,6,13,19,18,10,19,18,17,13,10,7,14,24,14,14,9,20,23,12,12,7,14,9,9,21,11,5,10,13,9,10,11,12,12,11,13,5,14,9,9,13,11,12,10,6,9,7,15,8,9,13,10,10,8,15,11,12,10,14,17,10,13,11,10,11,8,10,16,10,11,6,10,13,8,27,12,15,11,8,15,11,13,11,11,21,8,11,19,25,11,26,14,15,10,7,,15,9,6,4,7,8,7,5,,4,6,12,10,6,8,8,5,6,5,8,9,12,6,4,3,7,11,,2,4,9,9,7,11,10,13,18,11,10,,6,,6,,6,7,5,4,6,4,11,3,8,6,7,14,15,29,12,10,12,20,23,25,2,16,16,17,,10,16,5,19,9
20250905,7,O3,35,62,48,44,22,71,18,91,22,72,53,61,83,60,101,14,59,31,29,15,46,22,11,56,43,44,16,15,18,39,46,38,51,19,29,21,33,27,15,30,41,58,23,24,43,55,44,18,41,47,94,32,51,14,10,19,20,13,17,4,23,11,37,23,30,21,58,20,24,57,61,43,56,31,52,37,83,99,22,18,46,43,47,25,61,93,63,22,47,72,36,29,64,28,57,43,28,25,30,23,20,26,21,23,19,15,13,11,4,52,76,62,18,36,64,48,13,10,59,21,67,9,55,55,44,21,54,82,96,78,74,78,25,18,65,12,20,9,37,27,12,14,29,6,33,30,9,16,42,24,63,48,66,72,42,54,51,88,57,58,,,,,,,,,,,,,,,,,,,,,,,,,,,,,,31,25,18,83,80,82,64,72,37,99,75,19,88,100,12,85,96,74,34,35,88,59,6,8,4,85,56,9,23,56,35,61,31,31,26,58,6,34,62,63,52,42,9,41,54,46,36,34,28,16,40,18,41,6,26,12,18,21,17,23,36,24,25,18,81,77,98,74,56,58,21,42,50,50,39,28,40,43,36,30,23,15,39,10,49,31,22,14,10,5,4,24,20,24,20,9,38,9,33,11,21,44,26,18,16,35,2,31,3,45,3,,13,24,48,57,18,23,43,63,,41,12,40,34,10,4,1,37,46,1,29,8,5,23,48,44,43,65,,76,22,5,86,13,32,67,91,37,25,97,,76,,77,,76,66,76,86,68,89,44,65,91,81,93,49,55,5,36,28,57,19,65,15,32,32,31,5,,90,5,13,42,63
20250905,7,O3_24h,,,,,,,,,,,,,,,,,,,,,,,,,,,,,,,,,,,,,,,,,,,,,,,,,,,,,,,,,,,,,,,,,,,,,,,,,,,,,,,,,,,,,,,,,,,,,,,,,,,,,,,,,,,,,,,,,,,,,,,,,,,,,,,,,,,,,,,,,,,,,,,,,,,,,,,,,,,,,,,,,,,,,,,,,,,,,,,,,,,,,,,,,,,,,,,,,,,,,,,,,,,,,,,,,,,,,,,,,,,,,,,,,,,,,,,,,,,,,,,,,,,,,,,,,,,,,,,,,,,,,,,,,,,,,,,,,,,,,,,,,,,,,,,,,,,,,,,,,,,,,,,,,,,,,,,,,,,,,,,,,,,,,,,,,,,,,,,,,,,,,,,,,,,,,,,,,,,,,,,,,,,,,,,,,,,,,,,
20250905,7,O3_8h,,,,,,,,,,,,,,,,,,,,,,,,,,,,,,,,,,,,,,,,,,,,,,,,,,,,,,,,,,,,,,,,,,,,,,,,,,,,,,,,,,,,,,,,,,,,,,,,,,,,,,,,,,,,,,,,,,,,,,,,,,,,,,,,,,,,,,,,,,,,,,,,,,,,,,,,,,,,,,,,,,,,,,,,,,,,,,,,,,,,,,,,,,,,,,,,,,,,,,,,,,,,,,,,,,,,,,,,,,,,,,,,,,,,,,,,,,,,,,,,,,,,,,,,,,,,,,,,,,,,,,,,,,,,,,,,,,,,,,,,,,,,,,,,,,,,,,,,,,,,,,,,,,,,,,,,,,,,,,,,,,,,,,,,,,,,,,,,,,,,,,,,,,,,,,,,,,,,,,,,,,,,,,,,,,,,,,,
20250905,7,O3_8h_24h,,,,,,,,,,,,,,,,,,,,,,,,,,,,,,,,,,,,,,,,,,,,,,,,,,,,,,,,,,,,,,,,,,,,,,,,,,,,,,,,,,,,,,,,,,,,,,,,,,,,,,,,,,,,,,,,,,,,,,,,,,,,,,,,,,,,,,,,,,,,,,,,,,,,,,,,,,,,,,,,,,,,,,,,,,,,,,,,,,,,,,,,,,,,,,,,,,,,,,,,,,,,,,,,,,,,,,,,,,,,,,,,,,,,,,,,,,,,,,,,,,,,,,,,,,,,,,,,,,,,,,,,,,,,,,,,,,,,,,,,,,,,,,,,,,,,,,,,,,,,,,,,,,,,,,,,,,,,,,,,,,,,,,,,,,,,,,,,,,,,,,,,,,,,,,,,,,,,,,,,,,,,,,,,,,,,,,,
20250905,7,CO,0.66,0.61,0.51,0.53,0.57,0.97,0.46,0.66,0.53,0.55,0.38,0.53,0.87,0.57,0.31,1.52,0.60,0.54,0.91,0.62,0.85,0.43,0.56,0.63,0.32,0.84,0.80,0.95,1.14,0.83,0.48,0.54,0.35,0.69,0.49,0.50,0.48,0.60,0.75,0.47,0.50,0.50,0.43,0.43,0.86,0.38,0.34,0.77,0.74,0.39,0.52,0.94,0.59,0.46,0.51,0.40,0.59,0.35,0.43,0.42,0.40,0.52,0.53,0.32,0.78,0.74,0.30,0.41,0.35,0.52,0.33,1.47,0.36,0.28,0.65,1.02,0.54,0.36,1.00,0.75,0.63,0.90,0.53,0.54,0.90,0.70,0.46,0.75,0.52,0.40,0.55,0.60,0.48,0.58,0.40,0.62,0.82,0.59,0.35,0.58,0.55,0.40,0.70,0.50,0.57,0.50,0.62,0.45,0.67,0.45,0.75,1.47,1.05,0.88,0.67,1.48,1.33,1.12,0.94,0.58,0.66,0.38,0.72,0.85,0.90,0.72,0.57,0.92,0.73,0.80,0.67,0.57,0.42,0.73,0.77,0.68,0.40,0.40,0.47,0.61,0.43,0.70,0.96,0.86,0.53,0.63,1.00,0.45,0.40,0.42,0.35,0.60,0.47,0.42,0.70,0.30,0.47,0.42,0.22,0.23,,,,,,,,,,,,,,,,,,,,,,,,,,,,,,0.47,0.90,0.57,0.66,0.45,0.53,0.82,0.70,1.53,0.30,0.80,0.25,0.35,0.30,0.70,0.40,0.35,0.74,0.75,0.75,0.95,0.50,0.60,0.50,0.65,0.65,0.55,0.63,0.67,0.47,0.87,0.42,0.73,0.70,0.45,0.60,0.30,0.46,0.42,0.67,0.70,0.85,0.50,0.47,0.58,0.30,0.40,0.67,0.98,0.55,0.57,0.90,0.57,0.67,0.60,0.77,0.70,0.55,0.47,0.66,0.63,0.48,0.53,0.63,0.76,0.37,0.70,0.60,0.66,0.68,0.75,0.43,0.52,0.82,0.76,0.90,0.74,0.85,0.57,0.70,0.80,0.43,0.90,0.75,0.80,0.60,0.43,0.25,0.65,0.40,0.93,0.50,0.50,0.50,0.60,0.60,0.70,0.60,0.60,0.70,1.00,0.43,0.67,0.98,0.87,0.77,0.68,0.55,0.70,0.65,0.50,,0.30,0.67,0.28,0.60,0.45,0.55,0.50,0.35,,0.30,0.40,0.40,0.40,0.50,0.55,0.55,0.30,0.35,0.60,0.65,0.45,0.45,0.40,0.20,0.15,0.15,0.40,,0.30,0.40,0.67,0.40,0.60,0.55,0.70,0.35,0.20,0.45,0.45,,0.45,,0.45,,0.20,1.30,0.60,0.30,0.30,0.50,0.40,0.40,0.23,0.35,0.17,0.75,0.15,0.65,0.35,0.60,0.20,0.35,0.45,0.75,0.10,0.30,0.35,0.55,,0.40,0.40,0.50,0.77,0.33
20250905,7,CO_24h,0.63,0.72,0.50,0.88,0.40,0.82,0.40,0.62,0.63,0.63,0.50,0.53,0.50,0.61,0.49,1.14,0.53,0.57,0.70,0.60,0.71,0.46,0.73,0.70,0.33,0.68,0.79,0.94,0.90,0.73,0.52,0.54,0.40,0.62,0.45,0.42,0.45,0.57,0.68,0.40,0.55,0.50,0.43,0.43,0.79,0.40,0.44,0.71,0.66,0.32,0.59,0.72,0.50,0.45,0.51,0.37,0.53,0.35,0.37,0.43,0.43,0.46,0.49,0.28,0.68,0.65,0.32,0.36,0.30,0.64,0.47,0.90,0.42,0.34,0.63,0.88,0.69,0.56,0.66,0.85,0.53,0.72,0.55,0.44,0.94,0.72,0.38,0.57,0.42,0.30,0.55,0.60,0.50,0.60,0.40,0.50,0.75,0.54,0.37,0.50,0.53,0.40,0.65,0.43,0.53,0.50,0.58,0.45,0.53,0.35,0.69,1.02,0.90,0.95,0.67,1.10,0.93,0.97,0.80,0.52,0.64,0.38,0.82,0.68,0.77,0.70,0.52,0.96,0.75,0.63,0.57,0.47,0.47,0.60,0.78,0.57,0.37,0.33,0.47,0.51,0.37,0.68,0.94,0.90,0.53,0.60,0.90,0.45,0.38,0.43,0.57,0.70,0.73,0.67,0.60,0.40,0.87,0.58,0.26,0.27,,,,,,,,,,,,,,,,,,,,,,,,,,,,,,0.50,0.90,0.57,0.98,0.42,0.53,0.85,0.73,0.97,0.47,0.63,0.30,0.50,0.65,0.70,0.30,0.40,0.66,0.85,0.77,0.85,0.47,0.55,0.60,0.60,0.50,0.55,0.63,0.67,0.60,0.63,0.67,0.82,0.67,0.45,0.70,0.35,0.48,0.40,0.67,0.65,0.75,0.50,0.47,0.52,0.35,0.45,0.70,0.85,0.53,0.55,1.20,0.60,0.60,0.60,0.77,0.80,0.72,0.28,0.66,0.53,0.46,0.50,0.53,0.76,0.42,0.67,0.53,0.66,0.60,0.73,0.33,0.53,0.75,0.72,0.77,0.64,0.80,0.57,0.70,0.77,0.43,0.85,0.65,0.70,0.47,0.37,0.22,0.65,0.35,0.83,0.47,0.47,0.50,0.57,0.60,0.57,0.60,0.55,0.60,1.00,0.40,0.63,0.80,0.80,0.68,0.53,0.65,0.75,0.57,0.60,,0.40,0.67,0.33,0.55,0.45,0.55,0.50,0.35,,0.30,0.35,0.40,0.40,0.45,0.50,0.55,0.27,0.35,0.50,0.60,0.40,0.45,0.40,0.20,0.15,0.20,0.40,,0.30,0.40,0.63,0.63,0.60,0.65,0.45,0.60,0.40,0.45,0.65,,0.60,,0.50,,0.25,0.80,0.60,0.40,0.40,0.50,0.40,0.40,0.40,0.45,0.27,0.50,0.25,0.50,0.35,0.55,0.15,0.35,0.45,0.65,0.10,0.30,0.30,0.40,,0.35,0.40,0.45,0.45,0.57
20250905,8,AQI,71,43,48,48,55,47,68,36,56,53,49,61,51,38,28,53,36,37,46,25,51,31,30,24,33,57,46,52,59,43,24,24,26,46,27,32,36,47,36,23,16,34,36,24,56,37,34,39,49,25,28,52,42,20,10,10,16,9,20,17,16,25,19,13,59,59,28,17,16,90,43,22,55,49,35,49,43,76,41,41,34,63,45,35,76,43,44,55,40,22,43,49,45,19,18,35,46,25,10,23,19,9,28,13,42,23,29,31,20,37,33,34,56,51,47,40,50,48,44,31,52,27,42,60,57,47,20,41,28,28,23,21,26,52,27,56,27,33,16,36,17,35,58,45,54,36,39,40,24,21,104,44,189,31,68,68,71,53,18,68,,,,,,,,,,,,,,,,,,,,,,,,,,,,,,40,57,38,28,24,34,17,41,19,54,73,23,57,31,53,33,45,54,31,29,64,39,47,23,47,51,35,32,33,42,46,23,38,29,18,45,31,37,33,27,63,43,31,64,40,31,24,47,35,49,47,24,30,34,28,33,47,31,25,29,24,41,28,41,23,20,34,23,41,17,66,33,56,23,36,55,47,28,44,23,33,21,36,51,21,37,34,43,47,25,56,24,21,28,23,36,31,19,21,31,26,29,40,66,84,78,49,40,28,33,17,,22,22,19,23,25,37,37,20,,19,31,46,15,32,24,19,31,23,22,18,27,17,18,13,10,13,15,,23,8,17,94,30,8,30,34,32,46,30,,48,,39,,23,29,27,23,32,28,17,47,37,24,29,62,31,57,39,500,500,500,500,36,13,10,30,59,,38,34,17,75,95
20250905,8,PM2.5,52,30,25,30,26,33,45,23,40,36,34,41,27,23,8,27,25,14,21,14,28,16,20,4,23,35,19,28,42,30,13,15,17,31,14,20,25,33,24,12,6,22,23,16,37,26,21,20,34,11,9,29,28,9,3,6,7,6,10,4,6,12,13,5,42,42,16,8,8,52,17,10,24,10,20,33,21,44,22,25,24,45,25,16,56,30,28,33,28,11,28,19,29,7,5,18,32,14,4,9,13,4,19,7,21,11,20,11,7,26,23,24,26,34,32,22,22,21,29,18,27,9,20,43,38,33,14,29,13,14,14,4,11,25,19,40,19,18,7,20,4,18,41,16,37,24,27,28,17,15,56,11,114,21,49,26,21,22,6,24,,,,,,,,,,,,,,,,,,,,,,,,,,,,,,21,33,21,3,9,23,12,29,10,23,53,9,31,20,37,23,20,38,14,17,46,25,16,10,23,28,22,10,13,13,23,10,19,9,11,21,8,16,18,11,45,30,13,46,26,19,13,33,23,29,33,16,19,19,16,23,27,20,13,19,10,26,11,26,16,9,24,9,26,4,48,23,27,11,24,28,31,19,28,16,17,15,23,36,15,26,22,26,29,16,26,14,9,14,13,21,22,13,11,17,4,7,28,48,62,57,24,27,15,19,12,,6,12,12,16,11,26,14,12,,13,22,32,6,16,17,12,22,14,10,9,13,11,8,3,5,3,9,,3,3,3,70,7,5,21,20,13,25,18,,28,,10,,9,12,19,10,8,16,3,18,20,14,11,29,8,18,15,288,347,438,545,15,9,3,15,21,,21,20,8,55,64
20250905,8,PM2.5_24h,35,34,19,40,23,22,27,23,34,43,32,30,13,19,17,27,20,20,21,15,24,19,21,6,23,25,25,32,35,29,13,11,13,27,11,17,29,26,20,13,6,24,20,16,25,25,16,22,32,7,9,21,22,12,6,5,12,6,9,12,8,11,14,7,36,31,15,9,7,12,27,20,27,11,19,24,18,18,22,23,21,33,27,14,41,32,24,30,21,11,18,26,26,7,5,13,26,10,5,8,13,6,17,5,21,18,18,9,6,23,21,16,13,30,26,26,23,20,31,19,24,17,24,33,33,29,11,21,13,11,10,4,11,23,21,31,15,14,6,16,4,21,38,16,35,21,24,25,16,11,14,5,16,21,8,24,23,31,10,34,,,,,,,,,,,,,,,,,,,,,,,,,,,,,,17,29,20,3,17,19,6,25,12,45,37,16,60,25,29,17,21,27,24,20,39,21,15,15,16,24,25,11,18,18,22,20,24,11,16,25,9,19,15,14,33,25,13,26,22,24,15,25,22,27,26,17,14,15,17,25,21,19,18,17,14,22,14,21,17,13,20,11,30,8,39,24,23,16,27,20,34,18,23,17,20,15,24,25,16,20,19,17,25,16,34,11,12,14,14,19,18,13,14,12,8,9,22,40,57,39,24,32,16,17,11,,6,14,15,15,11,24,15,13,,7,15,29,7,15,18,11,19,12,11,13,13,15,9,5,3,2,13,,2,5,6,19,9,8,26,21,27,29,32,,21,,15,,13,22,21,15,11,13,3,20,32,39,25,93,12,15,19,242,247,293,219,18,7,5,14,14,,22,18,7,33,13
20250905,8,PM10,75,43,48,48,60,42,85,36,62,56,47,72,52,38,13,55,34,37,46,25,51,31,30,16,30,64,46,54,56,38,24,24,26,46,27,32,36,44,36,23,16,34,36,24,61,36,34,39,49,25,15,54,42,20,10,10,16,9,20,17,16,25,18,13,59,63,28,17,16,130,43,22,59,49,35,49,43,102,41,41,27,52,45,35,70,40,44,59,40,22,43,49,45,19,12,35,45,25,10,23,19,6,28,13,42,23,27,31,20,33,32,34,61,51,47,40,50,48,44,31,54,27,42,50,63,44,20,32,13,28,23,10,26,54,27,49,27,33,16,36,17,35,59,45,58,36,37,37,23,21,157,44,327,31,64,85,91,55,18,85,,,,,,,,,,,,,,,,,,,,,,,,,,,,,,40,64,38,11,20,34,15,34,12,57,93,23,64,28,38,25,45,56,31,29,60,39,47,23,47,52,35,32,33,42,46,23,38,29,18,45,31,37,33,27,69,41,31,53,40,31,24,38,35,49,40,24,30,34,28,33,47,31,25,29,24,41,28,41,22,19,30,20,41,14,76,29,62,23,36,59,47,28,44,23,33,21,36,45,19,34,34,43,47,25,61,24,21,28,23,36,30,18,21,31,12,29,36,66,95,60,49,40,28,33,12,,22,22,19,20,25,36,37,14,,17,,43,15,32,16,19,25,23,22,18,27,17,18,6,9,6,11,,6,8,13,122,30,7,29,34,32,46,30,,48,,39,,13,29,,20,32,18,10,47,37,24,18,73,31,64,39,926,1061,1301,2234,36,,9,30,67,,38,34,17,88,139
20250905,8,PM10_24h,51,52,41,62,48,33,57,38,55,66,50,64,32,36,35,52,28,42,48,27,41,31,30,17,37,42,40,51,44,35,21,18,22,39,25,29,42,37,30,28,15,40,32,27,40,36,24,38,53,15,13,39,38,24,13,9,20,11,18,26,15,22,22,15,50,54,27,18,13,23,73,39,88,34,30,38,34,39,37,42,29,38,38,27,64,56,36,47,41,14,32,51,45,13,10,25,40,18,14,18,19,12,25,11,38,39,34,26,19,32,40,23,30,51,38,46,44,42,45,33,50,33,47,45,52,40,13,28,16,16,14,9,19,38,33,43,21,29,12,29,12,36,53,34,51,34,41,34,25,20,32,12,37,37,14,98,77,136,27,128,,,,,,,,,,,,,,,,,,,,,,,,,,,,,,32,47,32,12,38,29,9,36,23,155,53,31,191,40,45,31,78,49,46,36,50,35,35,28,38,38,34,26,44,54,41,38,46,30,28,49,27,35,29,32,53,36,31,33,42,36,21,34,34,39,38,29,21,28,27,36,32,33,33,27,27,39,28,36,21,27,24,26,38,20,59,34,51,25,44,44,49,35,34,26,32,23,35,38,26,29,29,27,38,22,62,25,27,26,23,38,26,23,26,24,15,28,26,60,95,48,47,49,26,22,11,,17,22,23,19,22,32,25,12,,13,17,40,12,28,15,21,23,20,23,14,27,23,17,8,7,8,21,,4,8,13,32,24,15,88,43,78,96,73,,49,,43,,15,41,26,33,33,24,10,48,124,193,56,258,44,40,42,773,764,806,900,49,14,22,32,38,,54,28,15,60,26
20250905,8,SO2,3,8,2,5,12,7,4,5,3,8,8,6,4,7,5,10,9,5,10,6,6,6,5,5,6,11,8,9,8,11,8,6,6,8,7,5,6,8,8,7,3,3,5,4,9,4,3,6,8,6,4,6,8,6,7,5,5,6,6,6,7,8,6,5,9,5,5,5,7,2,6,8,6,5,6,12,4,5,13,5,9,6,3,12,12,9,9,10,10,5,3,7,6,6,4,7,14,6,6,8,8,4,6,4,15,7,14,6,6,4,5,6,7,36,24,8,10,7,13,5,6,6,8,8,10,6,6,9,4,4,4,6,5,7,7,6,6,7,4,7,3,9,6,12,5,8,4,4,5,4,3,3,4,7,4,1,16,10,5,5,,,,,,,,,,,,,,,,,,,,,,,,,,,,,,4,6,10,2,3,6,5,4,2,10,6,5,10,10,6,4,8,13,4,7,6,7,16,10,8,9,3,6,8,13,14,5,7,11,6,7,4,7,7,8,10,5,4,8,5,6,4,5,5,8,6,4,5,8,6,6,21,8,7,7,10,9,3,16,5,5,3,2,5,8,5,3,6,8,7,11,2,11,8,4,6,5,15,8,6,6,4,8,11,6,13,7,2,4,7,8,14,6,9,7,4,7,5,6,11,7,5,7,6,6,8,,5,10,3,6,7,6,4,3,,5,7,7,10,7,5,7,7,5,6,6,33,5,7,3,3,8,3,,6,5,6,2,5,4,17,7,8,11,6,,5,,5,,5,12,7,9,10,18,4,9,3,4,8,8,4,7,5,4,24,4,2,4,4,3,9,5,,13,7,11,8,4
20250905,8,SO2_24h,3,8,3,6,7,7,3,6,4,5,6,7,3,9,7,9,8,5,8,6,5,6,4,5,6,7,6,9,5,9,8,7,6,7,6,4,6,7,6,6,3,3,4,4,8,5,4,6,9,5,5,5,6,6,7,5,5,6,5,6,8,7,6,5,9,4,6,4,6,2,9,14,7,6,5,10,7,6,8,7,7,5,4,9,11,10,5,8,9,5,5,6,4,7,4,5,10,5,4,6,7,4,6,3,11,9,8,6,5,5,6,7,5,25,12,8,7,7,9,7,6,6,8,7,9,7,6,6,4,5,4,5,5,5,7,6,6,6,4,6,3,9,7,12,5,9,4,4,6,4,3,3,5,7,4,2,34,10,6,4,,,,,,,,,,,,,,,,,,,,,,,,,,,,,,5,6,6,2,3,6,3,7,3,11,6,6,9,11,6,4,8,12,5,11,5,6,10,12,6,7,3,6,9,12,9,6,7,10,7,8,5,7,6,8,9,5,4,7,5,5,4,6,6,8,6,6,5,9,5,7,16,9,8,6,12,8,4,14,5,5,3,2,5,8,4,4,7,7,7,9,2,10,7,4,4,6,9,9,6,11,3,5,9,6,11,4,4,4,5,10,13,8,14,7,5,7,5,6,16,5,5,7,6,7,8,,5,10,4,6,5,10,4,3,,4,9,7,10,7,7,6,7,4,6,5,13,5,6,3,3,8,3,,6,5,6,4,5,4,29,8,8,7,9,,5,,7,,5,12,8,9,9,16,4,9,4,4,8,7,4,7,5,4,8,4,4,5,4,3,10,6,,10,6,8,6,4
20250905,8,NO2,21,22,23,21,42,12,44,16,17,19,27,28,15,16,12,32,19,26,30,22,29,28,25,10,14,25,38,37,43,15,17,16,12,30,13,21,22,27,30,14,16,20,26,13,27,11,17,27,35,19,13,22,15,18,12,8,14,11,13,25,13,17,12,5,26,27,10,13,24,6,26,19,15,29,14,16,17,9,22,15,21,38,16,30,24,17,19,34,15,17,23,24,19,16,15,23,21,13,13,12,12,9,14,13,31,10,18,21,13,15,18,10,20,38,23,19,19,22,32,17,12,17,14,18,29,28,12,14,10,13,9,12,13,18,12,12,8,15,8,18,9,21,28,24,24,27,25,12,8,8,9,14,21,20,13,37,36,12,8,12,,,,,,,,,,,,,,,,,,,,,,,,,,,,,,11,9,21,7,13,14,10,14,30,6,20,13,9,7,17,6,6,16,18,15,14,22,22,12,15,20,7,17,15,19,16,10,21,26,9,15,5,21,12,9,30,24,6,20,15,11,16,15,13,16,12,14,7,15,10,12,20,20,11,14,14,12,12,21,8,10,10,8,8,9,21,8,14,10,13,23,13,15,18,9,17,11,12,20,13,16,8,13,14,7,31,12,12,12,10,15,14,14,7,11,5,9,20,24,38,22,29,12,13,17,5,,12,15,8,3,10,12,7,6,,4,8,8,13,8,8,14,7,8,4,8,14,11,11,4,8,7,27,,2,3,6,9,8,10,11,12,29,18,8,,6,,8,,6,18,4,2,10,2,13,5,7,12,6,22,17,48,6,10,8,33,8,25,1,9,25,36,,9,28,5,30,6
20250905,8,NO2_24h,14,19,14,18,19,13,23,10,17,16,17,25,10,18,15,32,13,25,24,22,18,21,23,10,17,14,27,24,23,9,13,10,10,23,13,14,18,20,21,10,16,19,17,14,20,10,19,22,28,10,11,17,11,20,14,8,17,10,9,27,11,13,10,6,17,23,9,10,16,10,12,12,13,24,9,12,13,12,18,17,19,18,15,19,25,19,13,23,14,9,14,19,20,11,9,14,17,8,7,9,10,8,11,6,21,12,14,14,12,15,14,10,12,34,15,16,23,21,19,16,9,20,11,16,18,29,11,15,10,9,10,8,11,12,12,9,5,10,6,13,6,15,16,19,12,14,18,9,7,8,10,10,15,11,8,10,24,12,12,12,,,,,,,,,,,,,,,,,,,,,,,,,,,,,,9,9,15,13,9,11,10,15,21,9,14,15,7,14,12,7,6,13,19,18,10,19,18,17,13,10,7,14,24,14,14,8,21,23,12,12,7,14,9,9,21,12,5,11,13,8,10,11,12,12,11,13,5,14,9,10,13,11,12,10,6,8,7,15,8,8,12,9,10,8,16,11,12,10,14,17,10,13,11,10,11,8,10,16,10,11,6,10,13,8,27,12,15,11,9,15,11,13,11,11,21,8,11,19,25,11,26,14,15,10,7,,15,9,6,3,7,8,7,5,,4,6,12,10,6,8,8,5,6,5,8,9,12,6,4,3,8,12,,4,4,9,9,7,12,9,13,18,12,10,,6,,6,,6,7,4,4,5,4,11,3,7,6,7,15,16,30,12,10,12,21,23,25,2,16,17,18,,9,17,5,19,9
20250905,8,O3,50,77,61,64,42,70,30,80,51,85,58,61,74,60,88,27,77,46,44,26,51,36,19,76,51,46,34,30,33,45,53,61,61,36,43,36,51,49,40,43,44,62,31,39,62,60,58,29,39,62,88,42,54,20,15,26,24,17,24,11,22,17,36,26,27,16,53,20,18,62,47,35,50,28,55,47,72,91,46,19,55,47,58,37,73,90,71,35,53,67,33,41,63,53,59,71,41,26,26,26,22,29,21,23,22,18,18,8,5,48,79,57,16,32,56,57,24,19,60,37,69,22,65,69,61,29,60,73,91,65,73,66,25,26,72,20,21,13,31,29,12,11,27,8,23,20,8,13,42,22,64,47,85,59,51,26,39,79,54,53,,,,,,,,,,,,,,,,,,,,,,,,,,,,,,30,25,22,88,78,76,48,75,25,94,78,16,71,98,42,90,101,78,45,47,72,70,16,10,6,84,63,11,40,61,60,62,43,52,31,57,8,41,66,64,57,42,20,54,60,48,39,34,46,34,57,22,39,15,37,19,20,26,25,26,33,30,32,31,74,64,86,75,55,53,17,42,61,50,35,45,37,44,44,45,25,15,44,15,53,35,23,22,25,8,11,28,24,25,22,11,40,14,37,18,84,40,24,12,8,29,3,22,2,34,2,,11,23,37,53,22,24,42,64,,41,10,38,30,13,5,5,37,44,2,26,5,10,17,43,32,40,48,,72,18,55,79,13,27,61,91,41,10,93,,73,,72,,75,52,65,73,65,91,55,55,85,75,94,41,52,4,37,22,49,23,56,16,31,33,25,9,,88,14,14,43,64
20250905,8,O3_24h,,,,,,,,,,,,,,,,,,,,,,,,,,,,,,,,,,,,,,,,,,,,,,,,,,,,,,,,,,,,,,,,,,,,,,,,,,,,,,,,,,,,,,,,,,,,,,,,,,,,,,,,,,,,,,,,,,,,,,,,,,,,,,,,,,,,,,,,,,,,,,,,,,,,,,,,,,,,,,,,,,,,,,,,,,,,,,,,,,,,,,,,,,,,,,,,,,,,,,,,,,,,,,,,,,,,,,,,,,,,,,,,,,,,,,,,,,,,,,,,,,,,,,,,,,,,,,,,,,,,,,,,,,,,,,,,,,,,,,,,,,,,,,,,,,,,,,,,,,,,,,,,,,,,,,,,,,,,,,,,,,,,,,,,,,,,,,,,,,,,,,,,,,,,,,,,,,,,,,,,,,,,,,,,,,,,,,,
20250905,8,O3_8h,47,66,67,53,50,90,40,92,17,85,71,40,99,70,84,12,67,21,39,20,61,39,19,70,48,64,26,27,48,59,55,43,62,29,36,35,47,52,33,48,40,58,33,42,58,64,43,23,36,55,90,40,59,18,16,26,21,18,24,5,29,23,39,26,40,30,58,23,28,57,76,60,66,30,57,53,80,89,26,13,62,56,61,35,65,77,68,30,51,85,52,37,60,43,71,67,44,29,38,33,29,31,25,31,44,18,12,14,6,65,75,72,32,27,70,47,10,10,58,22,67,8,62,76,70,25,69,79,92,78,73,84,39,33,60,35,25,18,38,35,18,21,40,10,41,46,20,20,44,31,58,58,42,64,61,58,45,96,55,52,,,,,,,,,,,,,,,,,,,,,,,,,,,,,,32,30,27,75,94,79,72,70,30,107,84,20,91,84,37,86,101,69,34,39,76,60,6,5,5,90,69,8,19,60,39,71,34,28,39,67,9,54,76,73,58,57,14,55,58,59,36,46,41,28,51,24,46,10,45,22,24,30,19,32,45,32,35,30,86,86,94,78,56,63,29,48,48,56,41,34,43,54,41,34,40,17,51,23,59,38,22,19,24,9,3,32,23,28,21,12,45,14,30,10,17,51,51,35,32,44,9,21,6,61,4,,13,30,45,56,27,32,50,63,,42,16,37,37,16,9,12,40,49,4,34,6,6,23,66,49,44,77,,67,25,16,68,30,36,80,86,37,33,92,,72,,65,,75,77,79,87,86,86,57,69,89,92,94,50,50,9,38,34,63,42,46,12,31,22,47,21,,95,19,20,46,54
20250905,8,O3_8h_24h,47,66,67,53,50,90,40,92,17,85,71,40,99,70,84,12,67,21,39,20,61,39,19,70,48,64,22,27,48,59,55,43,62,29,36,35,47,52,33,48,40,58,33,42,58,64,43,23,36,55,90,40,59,18,16,26,21,18,24,5,29,23,39,26,40,30,58,23,28,57,76,60,66,30,57,45,80,89,26,13,62,56,61,35,65,77,68,30,51,85,52,37,60,43,71,67,44,29,38,33,29,31,25,31,44,18,12,14,6,65,75,72,32,27,70,47,10,10,58,22,67,8,62,76,70,25,69,79,92,78,72,84,39,33,60,35,25,18,38,35,18,21,40,10,41,46,20,20,44,31,58,58,42,64,61,58,45,96,55,52,,,,,,,,,,,,,,,,,,,,,,,,,,,,,,32,30,27,75,94,79,73,70,30,107,84,20,91,84,37,86,101,69,34,39,76,60,6,5,5,90,69,8,19,60,39,71,34,28,39,67,9,51,76,73,58,57,14,55,58,59,36,46,41,28,51,24,46,10,45,22,24,30,19,32,45,32,35,30,86,86,94,78,56,63,29,48,48,56,41,34,43,54,41,34,40,17,51,23,59,38,22,19,24,9,3,32,23,28,21,12,45,14,30,10,17,51,51,35,32,44,9,21,6,61,4,,13,30,45,56,27,32,50,63,,42,16,37,37,16,9,12,40,49,4,34,6,6,23,66,49,44,77,,80,25,16,68,30,36,80,86,37,33,92,,72,,65,,75,77,79,87,86,86,57,69,89,92,94,50,50,9,38,34,63,42,46,12,31,22,47,21,,95,19,20,46,54
20250905,8,CO,0.70,0.57,0.51,0.53,0.60,0.90,0.59,0.70,0.63,0.53,0.45,0.53,1.18,0.61,0.41,1.61,0.65,0.54,0.96,0.65,0.85,0.48,0.59,0.60,0.32,1.00,0.75,0.88,1.20,0.77,0.52,0.56,0.33,0.67,0.50,0.50,0.46,0.68,0.75,0.45,0.50,0.50,0.50,0.47,0.98,0.40,0.38,0.77,0.74,0.39,0.54,0.92,0.59,0.47,0.54,0.42,0.56,0.38,0.48,0.42,0.46,0.54,0.50,0.32,0.81,0.78,0.36,0.42,0.35,0.48,0.43,1.10,0.38,0.30,0.70,1.00,0.52,0.36,0.96,0.77,0.83,0.72,0.53,0.60,1.02,0.75,0.58,0.85,0.48,0.38,0.68,0.64,0.62,0.60,0.40,0.65,0.88,0.66,0.37,0.66,0.63,0.43,0.80,0.70,0.60,0.60,0.68,0.55,0.67,0.45,0.84,1.23,1.10,0.88,0.82,1.28,1.47,1.10,0.96,0.58,0.70,0.38,0.75,0.83,0.87,0.76,0.57,0.98,0.75,0.93,0.63,0.65,0.48,0.73,0.83,0.70,0.47,0.40,0.50,0.60,0.47,0.74,1.04,0.92,0.63,0.73,1.05,0.45,0.44,0.50,0.35,0.60,0.57,0.50,0.60,0.60,0.50,0.44,0.20,0.23,,,,,,,,,,,,,,,,,,,,,,,,,,,,,,0.50,0.80,0.63,0.66,0.50,0.53,1.20,0.67,1.90,0.33,0.83,0.25,0.40,0.30,0.60,0.40,0.40,0.78,0.78,0.73,1.10,0.50,0.75,0.50,0.70,0.80,0.55,0.67,0.65,0.60,0.77,0.47,0.68,0.57,0.45,0.65,0.30,0.48,0.46,0.67,0.78,0.93,0.55,0.58,0.60,0.38,0.38,0.70,0.98,0.55,0.57,1.00,0.67,0.73,0.60,0.80,1.30,0.72,0.38,0.66,0.60,0.52,0.53,0.60,0.78,0.47,0.77,0.55,0.70,0.68,0.77,0.43,0.52,0.82,0.78,1.10,0.76,1.00,0.63,0.70,0.80,0.50,0.98,0.75,0.80,0.60,0.50,0.25,0.70,0.45,1.03,0.57,0.52,0.50,0.63,0.67,0.63,0.60,0.55,0.70,0.60,0.50,0.72,1.00,0.97,0.80,0.67,0.60,0.80,0.70,0.60,,0.35,0.83,0.30,0.57,0.55,0.65,0.50,0.35,,0.30,0.40,0.40,0.50,0.60,0.65,0.60,0.33,0.35,0.60,0.65,0.45,0.50,0.55,0.25,0.20,0.15,0.50,,0.30,0.40,0.57,0.43,0.60,0.55,0.90,0.35,0.40,0.50,0.45,,0.45,,0.50,,0.25,0.70,0.50,0.30,0.30,0.50,0.40,0.50,0.23,0.40,0.17,0.65,0.15,0.60,0.40,0.65,0.20,0.40,0.45,0.70,0.10,0.30,0.35,0.50,,0.50,0.40,0.65,0.80,0.37
20250905,8,CO_24h,0.64,0.70,0.50,0.87,0.40,0.82,0.40,0.64,0.63,0.60,0.50,0.53,0.57,0.59,0.47,1.14,0.53,0.56,0.70,0.60,0.71,0.45,0.73,0.66,0.33,0.70,0.78,0.91,0.92,0.73,0.52,0.54,0.35,0.62,0.46,0.42,0.45,0.57,0.70,0.40,0.55,0.50,0.43,0.43,0.79,0.40,0.42,0.70,0.67,0.32,0.59,0.72,0.50,0.45,0.51,0.37,0.53,0.35,0.37,0.43,0.43,0.46,0.49,0.28,0.68,0.65,0.32,0.36,0.32,0.63,0.47,0.90,0.42,0.33,0.63,0.85,0.65,0.56,0.66,0.82,0.53,0.72,0.55,0.44,0.90,0.72,0.36,0.57,0.42,0.30,0.55,0.60,0.50,0.58,0.40,0.50,0.75,0.54,0.35,0.50,0.53,0.40,0.65,0.43,0.53,0.50,0.58,0.45,0.50,0.40,0.68,1.02,0.93,0.93,0.74,1.10,0.97,0.95,0.80,0.52,0.64,0.38,0.80,0.68,0.77,0.72,0.53,0.96,0.75,0.67,0.56,0.50,0.50,0.60,0.78,0.60,0.37,0.37,0.47,0.50,0.37,0.68,0.92,0.90,0.53,0.60,0.90,0.45,0.38,0.43,0.55,0.70,0.73,0.65,0.60,0.40,0.83,0.58,0.26,0.27,,,,,,,,,,,,,,,,,,,,,,,,,,,,,,0.50,0.90,0.57,0.98,0.42,0.53,0.82,0.73,1.00,0.45,0.63,0.30,0.50,0.65,0.60,0.30,0.40,0.66,0.85,0.75,0.85,0.47,0.55,0.60,0.60,0.50,0.55,0.63,0.67,0.60,0.63,0.62,0.80,0.67,0.45,0.70,0.35,0.50,0.40,0.67,0.63,0.75,0.50,0.47,0.52,0.35,0.45,0.70,0.82,0.53,0.53,1.20,0.57,0.60,0.60,0.77,0.85,0.72,0.30,0.66,0.53,0.46,0.50,0.53,0.76,0.42,0.67,0.53,0.66,0.60,0.73,0.33,0.53,0.77,0.72,0.77,0.64,0.80,0.57,0.70,0.77,0.43,0.85,0.65,0.70,0.47,0.37,0.25,0.65,0.35,0.83,0.47,0.47,0.50,0.57,0.57,0.57,0.60,0.55,0.60,0.97,0.40,0.63,0.85,0.80,0.68,0.53,0.65,0.75,0.60,0.60,,0.35,0.67,0.33,0.57,0.45,0.55,0.50,0.35,,0.30,0.35,0.40,0.40,0.45,0.50,0.55,0.27,0.35,0.50,0.60,0.40,0.45,0.40,0.20,0.15,0.20,0.40,,0.30,0.40,0.63,0.60,0.60,0.65,0.45,0.60,0.30,0.45,0.65,,0.60,,0.50,,0.25,0.80,0.60,0.40,0.40,0.50,0.40,0.40,0.40,0.45,0.27,0.60,0.20,0.50,0.35,0.55,0.15,0.30,0.45,0.65,0.10,0.30,0.35,0.40,,0.35,0.40,0.45,0.47,0.57
20250905,9,AQI,74,40,43,40,37,47,68,43,53,55,54,57,51,33,25,51,33,37,50,22,51,31,28,27,29,56,44,48,48,46,31,29,23,50,27,32,32,54,33,21,15,32,38,24,60,31,40,40,51,26,27,53,44,19,9,10,14,15,19,16,11,23,22,11,60,63,30,19,17,69,54,21,63,52,36,43,60,102,38,40,32,37,40,27,69,52,50,49,29,24,43,45,48,26,21,37,43,27,11,25,23,11,24,16,45,16,35,31,16,37,27,33,49,51,49,28,49,52,50,30,50,25,44,56,54,46,20,43,27,25,23,18,25,47,30,63,28,35,18,35,21,38,63,45,63,45,39,44,23,23,74,26,147,33,96,64,84,53,26,71,,,,,,,,,,,,,,,,,,,,,,,,,,,,,,40,53,51,27,25,34,18,34,20,48,65,26,52,31,60,33,44,52,37,37,58,34,41,31,57,50,40,34,30,34,43,24,37,30,26,49,29,43,45,26,66,48,45,61,47,32,35,36,32,49,42,29,31,33,37,35,50,33,43,28,28,43,27,43,29,25,35,24,44,18,85,34,53,32,38,54,50,39,47,21,37,22,45,49,22,39,34,43,53,30,57,22,28,22,26,37,33,23,17,31,28,31,40,69,81,78,54,39,28,30,16,,31,23,23,21,21,36,30,20,,16,30,53,17,37,21,27,30,27,22,20,26,21,19,13,12,13,33,,20,14,21,98,25,9,27,30,45,53,31,,52,,26,,21,26,31,24,34,29,20,54,42,24,28,69,38,53,40,500,500,500,500,43,31,20,35,52,,31,31,17,70,69
20250905,9,PM2.5,54,27,26,23,17,33,49,30,34,35,36,34,33,19,12,25,23,13,21,13,30,16,16,4,20,31,20,26,32,32,13,16,14,34,14,21,21,38,19,12,5,20,26,13,42,17,26,20,35,11,10,28,27,8,3,5,5,5,12,5,4,10,12,3,43,45,14,9,8,32,21,10,25,11,22,30,29,63,16,25,20,26,21,11,50,29,35,27,15,6,24,14,29,6,3,21,28,15,5,10,14,4,13,4,23,11,20,10,9,26,19,23,21,34,33,15,21,20,29,17,27,9,20,40,33,32,13,30,13,15,15,7,10,24,18,45,19,19,7,18,5,18,45,17,45,26,27,31,15,12,24,14,74,19,72,22,26,21,10,21,,,,,,,,,,,,,,,,,,,,,,,,,,,,,,20,34,30,3,9,24,12,24,9,28,47,8,28,22,43,23,17,36,14,26,41,20,18,12,28,27,28,10,10,13,19,10,17,9,8,22,6,22,25,11,48,33,15,44,25,18,16,24,21,29,23,20,18,20,18,22,29,23,19,17,13,28,14,25,20,11,23,10,29,5,63,24,23,11,26,25,30,25,29,15,20,13,27,34,12,27,21,25,28,21,21,12,9,15,11,24,23,15,11,18,5,11,28,50,60,57,25,27,15,19,9,,11,13,12,15,8,25,12,11,,11,21,37,5,10,15,14,21,8,7,14,13,13,10,7,6,3,23,,3,7,3,71,7,6,15,18,15,26,17,,32,,12,,9,18,22,10,8,18,3,21,23,15,13,50,10,21,16,281,341,482,517,18,9,3,14,14,,20,17,8,51,34
20250905,9,PM2.5_24h,35,34,20,38,23,23,28,23,34,42,32,30,14,19,16,27,20,20,21,15,24,18,21,5,22,25,24,31,35,29,13,11,12,27,11,17,29,27,20,13,6,24,21,16,26,25,16,22,32,8,9,21,22,12,6,5,12,6,9,12,7,11,14,7,36,32,16,9,7,13,27,19,27,11,19,24,18,20,22,23,21,33,26,14,42,32,24,29,21,10,17,26,26,7,5,13,26,10,5,8,12,6,17,5,21,17,18,9,6,23,20,17,13,30,26,26,23,19,31,20,24,17,23,33,33,29,11,21,13,12,10,5,11,24,21,32,15,15,6,16,4,21,38,16,36,22,24,25,16,11,14,5,19,21,11,24,23,32,10,35,,,,,,,,,,,,,,,,,,,,,,,,,,,,,,17,29,20,3,16,19,6,25,11,45,37,16,60,25,30,18,22,27,24,20,38,21,15,16,17,24,25,11,17,18,23,20,24,11,16,25,9,19,15,13,34,25,13,27,22,23,15,25,22,28,26,17,14,15,17,25,21,19,18,17,14,22,14,21,17,12,20,10,30,8,40,24,23,16,27,20,34,18,23,17,19,15,24,25,15,20,19,17,26,16,33,10,12,14,15,19,18,12,14,12,8,9,22,41,57,40,24,33,16,17,11,,6,14,15,15,10,24,15,13,,7,15,30,7,15,18,11,19,11,11,13,14,14,9,5,3,2,12,,2,5,6,21,9,8,25,21,26,27,32,,22,,15,,13,21,21,15,11,13,3,20,32,39,25,87,12,15,19,252,252,309,232,19,7,5,14,14,,22,18,6,33,15
20250905,9,PM10,80,40,43,40,37,46,85,38,56,60,57,63,51,33,15,52,29,37,50,22,52,31,28,12,28,61,44,48,48,44,31,22,22,50,27,32,32,49,33,21,15,32,38,24,69,31,40,40,52,19,18,56,44,19,9,8,14,15,19,16,11,23,22,11,61,68,30,19,17,88,57,21,75,53,36,43,70,153,38,40,32,34,40,27,60,54,50,49,29,16,43,45,48,12,17,37,43,27,11,25,23,9,24,16,45,15,35,31,16,34,22,33,49,52,49,28,49,54,50,30,50,25,44,54,57,44,18,36,18,25,22,18,25,47,30,56,28,35,18,35,21,38,63,45,67,45,36,41,23,23,97,26,244,33,120,78,117,55,26,91,,,,,,,,,,,,,,,,,,,,,,,,,,,,,,40,55,52,11,21,22,18,30,14,48,79,26,53,23,,24,44,54,37,34,54,34,41,31,63,50,39,34,30,34,43,24,37,30,26,49,29,43,45,26,72,48,45,52,47,32,35,36,32,49,42,29,31,33,37,35,50,33,43,28,28,43,27,43,20,25,35,21,44,18,91,33,56,32,38,58,50,39,47,21,37,22,45,43,18,36,34,43,55,24,64,22,28,22,26,37,32,23,17,31,14,31,37,68,102,70,58,39,28,30,16,,31,23,23,19,21,35,30,14,,16,16,39,17,37,19,27,25,27,22,13,26,21,19,8,12,10,26,,7,14,8,145,25,9,27,30,45,56,31,,54,,26,,15,21,22,22,34,18,13,57,42,24,18,85,38,55,40,923,1010,1369,1995,43,31,20,35,54,,31,31,17,83,87
20250905,9,PM10_24h,51,51,41,60,48,33,59,38,54,65,50,65,33,36,34,52,28,43,48,27,41,31,30,16,36,42,41,50,44,35,21,18,22,40,26,29,42,37,30,28,16,40,32,27,41,36,24,38,53,15,13,40,38,24,13,9,20,11,18,26,14,22,22,15,50,55,27,18,13,26,72,38,90,35,30,38,35,44,37,42,29,38,37,27,64,56,36,46,41,14,31,51,45,12,10,25,40,18,14,18,19,11,25,12,39,38,34,26,19,31,39,23,31,50,38,45,44,42,46,33,50,33,47,45,52,40,14,28,16,16,15,9,20,39,33,44,21,29,12,29,13,35,54,34,52,34,40,34,25,20,35,12,47,38,19,97,79,137,27,131,,,,,,,,,,,,,,,,,,,,,,,,,,,,,,31,47,33,12,36,29,9,35,23,155,54,31,192,39,46,30,77,49,47,36,49,35,35,28,39,37,33,27,44,54,41,38,46,30,28,49,27,35,30,32,54,36,32,33,41,35,22,34,34,39,37,29,22,28,28,36,32,33,33,27,27,39,28,35,21,26,25,25,38,20,61,34,51,26,44,44,50,36,34,26,31,23,34,38,24,29,29,28,39,22,62,25,26,26,23,37,27,23,26,24,15,28,26,61,96,49,46,50,26,23,12,,16,22,22,19,22,32,25,12,,13,16,40,13,29,15,21,23,21,23,14,26,23,17,8,7,8,19,,4,8,13,38,24,15,86,41,76,84,72,,51,,41,,15,41,26,33,32,24,10,49,124,192,54,236,44,41,43,806,778,852,950,49,15,22,32,39,,53,29,15,61,29
20250905,9,SO2,4,8,2,6,8,6,5,5,3,6,8,6,6,7,4,12,8,5,10,7,6,6,11,4,6,11,8,9,6,12,8,6,6,8,7,5,6,8,6,6,3,4,5,4,10,5,4,7,9,6,5,6,8,6,7,5,5,6,6,6,7,9,6,5,10,5,5,6,8,2,7,8,6,6,9,12,4,5,14,6,7,6,3,11,9,11,9,10,10,5,3,6,8,6,5,9,19,6,6,7,7,4,7,3,14,8,9,6,6,4,5,7,5,15,13,7,10,11,8,6,6,6,8,8,11,7,6,6,4,4,4,6,7,9,8,6,6,7,4,7,3,9,6,15,6,9,4,4,5,4,3,3,4,7,4,1,28,7,5,5,,,,,,,,,,,,,,,,,,,,,,,,,,,,,,4,6,11,2,3,5,6,4,2,9,7,5,9,11,5,4,8,13,4,8,5,8,15,10,8,11,5,7,8,12,23,6,7,10,6,15,4,9,8,9,12,7,4,9,6,6,5,4,5,8,7,13,4,7,9,6,29,11,10,7,10,12,4,14,5,5,3,2,4,8,5,3,6,7,7,12,2,11,8,4,7,5,15,9,7,6,4,10,12,7,12,4,3,4,6,18,15,7,13,8,5,6,4,6,12,9,5,7,7,6,8,,7,9,3,6,7,6,3,3,,6,8,8,10,7,5,8,6,3,7,5,25,5,7,4,3,8,4,,6,5,6,2,5,4,13,7,11,11,9,,5,,6,,4,11,7,9,12,18,4,8,3,4,8,9,4,8,6,4,13,5,3,5,4,3,9,6,,11,7,9,8,4
20250905,9,SO2_24h,3,8,3,6,7,7,3,6,4,5,6,7,3,8,7,9,8,5,8,6,5,6,5,4,6,7,7,9,5,9,8,7,6,7,6,4,6,7,6,6,3,3,4,4,7,5,3,6,9,5,5,5,6,6,7,5,5,6,5,6,8,7,6,5,9,4,6,4,6,2,9,13,7,6,5,10,6,6,8,7,7,5,4,9,11,10,5,8,9,5,5,6,4,6,4,5,10,5,4,6,7,4,6,3,11,9,8,6,5,5,6,7,5,25,12,8,7,7,9,7,6,6,8,7,9,7,6,6,4,5,4,5,5,5,7,6,6,6,4,6,3,9,7,12,5,9,4,4,6,4,3,3,5,7,4,2,32,10,6,4,,,,,,,,,,,,,,,,,,,,,,,,,,,,,,5,6,6,2,3,6,3,7,3,10,6,6,9,11,6,4,8,13,5,11,5,6,10,12,6,7,3,6,9,12,9,6,7,10,7,8,5,7,6,8,9,5,4,7,5,5,4,6,6,8,6,6,4,9,5,7,16,9,8,6,12,8,4,14,5,5,3,2,5,8,4,3,7,7,7,10,2,11,7,4,5,6,9,8,6,10,3,6,9,6,11,4,4,4,5,10,13,7,14,7,5,7,5,6,15,6,5,7,7,7,8,,5,10,4,6,5,10,4,3,,4,9,7,10,7,7,7,7,4,6,5,13,5,6,3,3,8,2,,6,5,6,4,5,4,29,8,8,7,9,,5,,7,,5,12,8,9,9,16,4,9,4,4,8,7,4,8,6,4,8,4,3,5,4,3,10,6,,10,6,8,6,4
20250905,9,NO2,20,15,18,14,16,12,36,17,14,18,29,20,15,19,17,26,12,16,23,21,26,27,28,7,11,26,31,32,32,17,16,9,8,28,10,19,16,25,21,11,15,15,26,9,24,7,17,23,37,13,16,20,11,15,9,5,12,8,11,19,10,13,9,4,27,30,11,11,25,6,26,16,23,30,12,13,19,11,12,12,14,19,13,19,15,22,20,28,13,11,20,16,17,9,12,19,23,10,9,10,11,7,13,10,28,11,14,19,12,18,14,15,19,33,21,10,19,24,20,16,10,12,13,14,21,28,12,16,11,17,8,15,13,19,10,12,9,14,7,12,8,24,27,24,28,27,24,11,8,7,9,11,17,16,11,25,35,11,19,16,,,,,,,,,,,,,,,,,,,,,,,,,,,,,,11,9,19,9,13,21,10,13,39,4,18,13,11,9,10,7,6,14,16,13,11,13,18,14,19,12,5,13,13,12,15,9,13,19,12,13,4,16,13,7,34,28,6,17,14,12,11,15,11,12,8,18,7,12,11,10,19,17,11,14,12,13,11,15,10,17,12,11,9,9,21,9,9,12,14,17,13,17,22,6,16,11,11,16,11,15,8,11,13,10,36,8,12,10,7,18,13,13,5,10,8,12,17,29,37,23,32,12,13,15,5,,14,13,8,5,10,11,7,5,,4,9,10,12,9,8,16,6,8,5,7,12,12,8,6,9,8,37,,6,9,5,11,8,17,16,14,28,17,27,,7,,13,,11,20,3,4,6,1,11,11,8,11,7,30,15,42,10,11,21,34,19,29,7,29,29,24,,16,23,5,22,7
20250905,9,NO2_24h,15,18,14,18,18,13,24,10,16,16,17,25,10,18,14,32,13,26,25,22,18,21,22,9,16,14,27,24,23,9,12,10,9,23,13,14,18,19,21,10,16,19,17,14,20,10,19,23,28,10,12,17,10,20,13,8,17,10,9,27,11,13,10,6,17,23,9,11,17,10,12,11,13,24,9,12,13,12,17,17,20,18,15,20,25,19,13,23,14,9,14,18,20,11,9,14,17,8,7,9,10,8,11,6,21,12,15,14,11,15,14,10,12,34,15,16,23,21,19,16,9,20,11,16,18,29,12,14,10,9,10,9,11,12,12,10,5,10,6,13,7,15,16,19,12,15,17,9,7,8,10,10,15,11,9,11,24,12,13,13,,,,,,,,,,,,,,,,,,,,,,,,,,,,,,9,9,15,13,8,11,9,15,22,8,14,15,7,13,11,7,5,13,19,18,9,19,18,17,13,10,7,14,24,14,14,8,21,23,12,12,7,13,9,9,21,12,5,11,13,9,10,11,12,12,11,13,5,14,9,10,13,11,13,10,6,8,7,15,8,8,12,9,9,8,16,10,12,10,14,17,10,14,11,10,11,8,9,16,10,11,6,10,13,8,27,12,15,11,9,15,11,13,11,11,20,8,12,19,25,11,26,14,15,10,7,,15,9,6,3,7,8,7,5,,4,6,12,10,6,8,9,5,6,5,8,9,12,6,4,4,7,12,,4,3,9,9,7,11,9,12,18,12,11,,6,,6,,6,7,4,4,4,3,10,3,7,6,7,15,16,30,12,10,12,21,23,25,2,16,17,18,,8,17,5,19,9
20250905,9,O3,66,91,73,90,97,72,58,86,86,89,57,70,84,61,81,55,94,70,66,47,81,70,36,87,65,65,68,59,74,59,72,94,75,69,62,51,83,87,83,57,47,80,49,60,96,76,76,46,44,84,86,61,74,27,24,33,30,26,33,19,29,36,41,31,35,16,50,24,19,66,52,43,41,30,76,64,64,79,75,30,82,79,82,60,98,83,76,48,66,76,60,52,71,82,67,94,74,39,32,36,34,34,30,35,32,26,33,24,10,41,82,46,27,41,89,69,38,30,78,54,74,32,82,108,112,51,63,66,87,56,72,59,29,41,89,38,33,26,36,47,21,10,36,18,25,18,10,16,47,26,72,51,58,69,59,50,42,81,42,51,,,,,,,,,,,,,,,,,,,,,,,,,,,,,,26,27,47,86,79,59,39,77,15,91,98,25,63,90,60,92,96,97,58,65,79,94,54,17,16,100,85,23,53,87,84,62,65,74,33,77,10,75,83,78,68,59,39,86,68,56,73,39,69,64,92,35,45,35,60,44,44,45,42,41,54,51,42,60,70,55,73,78,53,51,22,42,89,47,32,80,46,59,68,60,45,23,65,44,71,48,36,50,46,21,17,38,28,31,34,25,61,34,44,39,89,30,25,10,16,32,4,19,3,32,6,,10,29,38,51,38,36,44,65,,31,17,36,34,15,10,12,42,48,6,28,9,11,23,41,32,40,39,,63,14,68,74,19,20,65,86,56,21,66,,71,,63,,68,49,71,76,77,92,64,51,84,75,89,38,54,9,33,20,30,19,33,18,23,19,30,15,,83,47,22,78,68
20250905,9,O3_24h,,,,,,,,,,,,,,,,,,,,,,,,,,,,,,,,,,,,,,,,,,,,,,,,,,,,,,,,,,,,,,,,,,,,,,,,,,,,,,,,,,,,,,,,,,,,,,,,,,,,,,,,,,,,,,,,,,,,,,,,,,,,,,,,,,,,,,,,,,,,,,,,,,,,,,,,,,,,,,,,,,,,,,,,,,,,,,,,,,,,,,,,,,,,,,,,,,,,,,,,,,,,,,,,,,,,,,,,,,,,,,,,,,,,,,,,,,,,,,,,,,,,,,,,,,,,,,,,,,,,,,,,,,,,,,,,,,,,,,,,,,,,,,,,,,,,,,,,,,,,,,,,,,,,,,,,,,,,,,,,,,,,,,,,,,,,,,,,,,,,,,,,,,,,,,,,,,,,,,,,,,,,,,,,,,,,,,,
20250905,9,O3_8h,48,67,68,56,52,90,41,92,25,85,71,43,100,71,85,17,69,27,40,23,62,40,20,71,49,64,26,30,48,59,56,47,63,33,39,36,50,53,35,48,42,61,34,44,61,64,47,25,37,58,90,41,60,19,17,27,22,18,24,7,30,24,39,27,40,30,58,23,28,58,76,60,66,31,58,54,81,90,31,15,64,57,64,37,68,79,68,31,52,85,52,37,61,49,71,68,46,30,38,33,29,31,25,31,44,18,15,14,6,65,77,72,32,31,62,50,13,12,60,26,67,11,63,77,72,27,69,79,93,78,74,84,39,34,65,35,26,18,38,36,18,21,40,10,41,46,20,20,44,31,59,58,46,66,61,58,45,96,56,53,,,,,,,,,,,,,,,,,,,,,,,,,,,,,,32,30,29,77,94,79,72,70,30,107,85,21,91,84,37,87,101,72,35,42,78,67,13,7,5,92,69,10,24,67,44,72,37,34,39,67,9,52,76,73,59,57,17,56,58,59,41,46,42,30,53,24,46,13,46,23,26,30,21,32,45,33,35,32,86,86,95,79,56,63,29,48,55,56,41,39,43,54,44,38,40,17,52,24,61,39,24,23,25,10,5,32,24,29,23,13,46,16,32,14,28,51,51,35,32,44,9,21,6,61,4,,13,30,45,56,28,32,50,64,,42,16,38,37,16,9,12,40,49,4,34,6,6,23,66,49,44,77,,67,25,23,70,30,36,80,89,37,33,93,,73,,67,,75,77,79,87,86,87,57,69,89,92,94,50,51,9,38,34,63,42,46,14,31,22,47,21,,95,22,20,48,56
20250905,9,O3_8h_24h,47,66,66,55,51,88,41,91,25,84,67,42,100,68,84,17,69,27,40,23,62,40,19,71,49,61,25,30,46,57,56,47,63,33,39,35,50,52,35,48,42,61,33,41,60,62,47,25,36,57,90,41,60,18,17,27,22,18,24,7,29,23,37,27,38,26,57,22,26,58,72,56,62,30,58,46,80,89,31,15,64,56,64,36,67,78,67,30,52,82,49,37,60,49,69,68,46,30,36,32,28,31,24,30,38,18,15,13,6,61,77,67,31,30,62,50,13,12,60,26,67,11,63,76,72,27,67,76,93,77,74,81,35,34,65,33,26,18,38,35,17,18,37,10,37,40,16,18,44,29,59,56,46,66,59,56,42,93,55,51,,,,,,,,,,,,,,,,,,,,,,,,,,,,,,30,28,29,77,90,75,68,69,28,103,84,21,88,84,36,87,101,72,35,42,77,67,13,7,5,92,68,10,24,67,44,70,37,34,35,65,8,51,75,72,59,54,17,56,58,56,40,43,42,30,53,24,44,13,45,23,26,30,21,31,44,32,34,32,83,81,94,79,55,61,27,47,55,54,40,39,43,54,44,38,38,17,52,23,61,39,23,23,24,10,5,31,24,29,23,13,46,16,32,14,28,48,46,30,26,40,8,21,5,58,4,,12,30,44,56,27,31,49,64,,42,16,38,36,15,8,10,40,48,4,32,6,6,22,60,45,42,72,,77,23,23,70,27,34,76,89,37,28,92,,73,,67,,75,72,77,86,85,87,57,66,89,89,94,49,51,8,37,29,57,39,45,14,30,22,45,17,,93,22,19,44,56
20250905,9,CO,0.74,0.56,0.52,0.57,0.35,0.83,0.56,0.72,0.63,0.57,0.45,0.47,1.40,0.67,0.42,1.54,0.54,0.55,0.88,0.66,0.82,0.50,0.66,0.64,0.33,1.12,0.70,0.85,1.16,0.92,0.54,0.57,0.33,0.69,0.53,0.52,0.45,0.70,0.77,0.43,0.50,0.50,0.43,0.43,1.01,0.38,0.42,0.77,0.80,0.36,0.57,0.92,0.56,0.46,0.53,0.38,0.56,0.35,0.53,0.40,0.43,0.50,0.47,0.30,0.84,0.81,0.38,0.45,0.43,0.47,0.50,1.00,0.46,0.40,0.85,1.04,0.51,0.36,0.78,0.77,0.60,0.60,0.50,0.47,0.92,0.75,0.68,0.70,0.45,0.33,0.70,0.52,0.60,0.54,0.40,0.70,0.98,0.63,0.37,0.64,0.65,0.43,0.80,0.60,0.63,0.70,0.66,0.55,0.70,0.55,0.71,1.18,1.13,0.88,0.90,0.84,1.18,1.58,0.84,0.57,0.68,0.32,0.77,0.78,0.83,0.80,0.58,1.10,0.77,0.87,0.63,0.70,0.50,0.73,0.85,0.80,0.47,0.40,0.47,0.54,0.47,0.80,1.06,1.00,0.67,0.67,1.05,0.50,0.44,0.50,0.35,0.55,0.53,0.48,0.45,0.40,0.57,0.40,0.32,0.23,,,,,,,,,,,,,,,,,,,,,,,,,,,,,,0.53,0.90,0.63,0.68,0.52,0.63,1.00,0.73,1.87,0.33,0.87,0.30,0.40,0.33,0.70,0.40,0.35,0.80,0.75,0.70,1.07,0.50,0.55,0.55,0.75,0.70,0.55,0.63,0.63,0.40,0.57,0.52,0.67,0.53,0.40,0.60,0.30,0.63,0.60,0.63,1.08,1.20,0.60,0.73,0.57,0.38,0.55,0.70,0.95,0.53,0.60,1.60,0.67,0.80,0.60,0.73,1.40,0.93,0.40,0.66,0.60,0.54,0.47,0.50,0.82,0.58,0.80,0.53,0.70,0.70,0.83,0.43,0.55,0.82,0.78,0.93,0.76,1.10,0.73,0.70,0.87,0.53,1.00,0.60,0.80,0.60,0.47,0.33,0.73,0.50,0.97,0.53,0.52,0.50,0.60,0.77,0.60,0.60,0.50,0.70,0.63,0.50,0.70,1.10,1.00,0.85,0.70,0.60,0.85,0.70,0.60,,0.50,0.77,0.30,0.57,0.55,0.55,0.50,0.35,,0.30,0.45,0.40,0.45,0.60,0.70,0.70,0.27,0.35,0.65,0.65,0.45,1.00,0.50,0.25,0.20,0.20,0.60,,0.40,0.40,0.50,0.40,0.70,0.70,0.70,0.45,0.40,0.55,0.50,,0.55,,0.55,,0.25,1.00,0.50,0.40,0.50,0.50,0.50,0.50,0.23,0.35,0.20,0.70,0.25,0.65,0.35,0.70,0.20,0.40,0.40,0.70,0.20,0.40,0.40,0.50,,0.45,0.40,0.55,0.82,0.37
20250905,9,CO_24h,0.63,0.71,0.50,0.83,0.40,0.82,0.40,0.64,0.63,0.60,0.45,0.53,0.57,0.56,0.45,1.15,0.52,0.56,0.72,0.61,0.72,0.45,0.71,0.63,0.33,0.72,0.80,0.90,0.90,0.73,0.52,0.54,0.33,0.62,0.46,0.42,0.45,0.57,0.68,0.40,0.55,0.50,0.43,0.43,0.80,0.40,0.40,0.70,0.68,0.32,0.59,0.72,0.50,0.44,0.51,0.37,0.53,0.35,0.37,0.43,0.43,0.46,0.47,0.28,0.68,0.65,0.32,0.36,0.30,0.63,0.47,0.87,0.42,0.33,0.63,0.85,0.64,0.56,0.66,0.82,0.53,0.72,0.55,0.44,0.90,0.72,0.38,0.57,0.42,0.32,0.55,0.60,0.53,0.56,0.40,0.50,0.75,0.54,0.35,0.52,0.53,0.40,0.65,0.43,0.53,0.50,0.58,0.45,0.50,0.40,0.65,1.03,0.93,0.92,0.74,1.10,0.95,0.98,0.80,0.52,0.64,0.38,0.80,0.70,0.77,0.70,0.53,0.96,0.75,0.67,0.58,0.50,0.50,0.63,0.83,0.63,0.37,0.37,0.47,0.50,0.37,0.68,0.92,0.88,0.53,0.60,0.90,0.45,0.38,0.45,0.55,0.70,0.73,0.65,0.55,0.40,0.83,0.56,0.26,0.27,,,,,,,,,,,,,,,,,,,,,,,,,,,,,,0.50,0.90,0.57,0.98,0.40,0.53,0.82,0.73,1.03,0.45,0.63,0.25,0.50,0.63,0.60,0.30,0.35,0.66,0.85,0.75,0.83,0.47,0.55,0.60,0.60,0.50,0.55,0.63,0.67,0.57,0.63,0.60,0.77,0.67,0.45,0.70,0.35,0.50,0.42,0.67,0.63,0.77,0.50,0.47,0.52,0.35,0.45,0.70,0.82,0.53,0.53,1.17,0.57,0.57,0.60,0.77,0.85,0.75,0.30,0.66,0.53,0.46,0.50,0.53,0.78,0.42,0.70,0.53,0.66,0.63,0.73,0.33,0.53,0.77,0.72,0.73,0.64,0.85,0.57,0.70,0.77,0.43,0.85,0.60,0.70,0.47,0.37,0.25,0.65,0.35,0.83,0.47,0.47,0.50,0.57,0.57,0.57,0.60,0.55,0.60,0.93,0.43,0.63,0.88,0.80,0.68,0.53,0.65,0.75,0.60,0.60,,0.35,0.67,0.33,0.57,0.45,0.55,0.50,0.35,,0.30,0.35,0.40,0.40,0.45,0.45,0.55,0.27,0.35,0.50,0.60,0.40,0.50,0.40,0.20,0.15,0.20,0.40,,0.30,0.40,0.63,0.60,0.60,0.65,0.45,0.55,0.30,0.45,0.65,,0.60,,0.50,,0.25,0.80,0.60,0.40,0.40,0.50,0.40,0.40,0.37,0.45,0.27,0.60,0.20,0.50,0.35,0.55,0.15,0.30,0.45,0.65,0.10,0.30,0.35,0.40,,0.35,0.40,0.45,0.47,0.57
20250905,10,AQI,74,35,52,35,35,43,65,36,60,58,54,50,52,32,24,44,31,39,43,26,51,37,33,28,29,46,41,41,44,50,31,37,30,50,27,32,34,53,37,23,18,35,49,28,57,28,44,44,51,29,27,51,44,18,10,12,17,20,22,13,13,16,19,11,58,68,37,18,27,42,36,39,57,52,42,41,74,130,32,40,36,33,35,25,46,46,50,40,28,26,37,38,47,31,24,38,41,29,12,23,31,16,21,15,36,32,39,35,22,37,27,32,33,40,58,25,46,49,33,28,46,23,47,54,55,43,20,43,25,29,23,20,44,50,33,60,30,42,14,34,19,40,68,39,59,47,39,43,23,20,32,33,87,25,65,53,68,47,33,75,,,,,,,,,,,,,,,,,,,,,,,,,,,,,,39,55,54,27,27,30,17,34,24,43,63,28,49,28,,33,41,47,35,32,54,34,28,30,57,40,37,28,29,35,42,23,33,34,30,45,30,48,49,30,64,49,37,52,45,36,38,36,30,47,43,35,26,39,48,39,50,32,53,28,32,51,28,39,33,28,29,27,51,28,70,33,50,30,48,53,55,44,49,25,39,29,42,43,28,36,24,37,54,27,53,17,27,23,23,52,43,35,19,21,28,30,40,64,81,73,64,44,28,31,13,,30,24,22,21,28,33,16,20,,14,29,46,18,40,23,23,21,24,28,17,26,26,19,16,18,14,31,,20,15,22,167,20,15,30,29,53,57,30,,46,,24,,19,31,30,35,33,28,21,40,41,37,28,101,40,52,44,500,500,500,500,52,29,45,47,51,,28,32,14,71,37
20250905,10,PM2.5,54,23,30,21,14,30,44,25,43,39,38,28,32,18,17,21,20,13,18,13,29,17,19,5,14,26,18,24,26,35,15,13,17,34,14,20,20,37,19,12,5,20,33,13,40,13,28,21,33,8,11,28,26,8,4,4,7,6,10,4,5,6,11,3,41,49,14,9,9,13,22,18,24,14,23,29,37,79,11,22,16,13,18,9,32,32,34,19,15,6,19,14,27,7,3,20,27,15,4,7,16,3,12,6,20,13,20,10,6,26,11,22,15,28,35,13,18,18,14,16,26,9,21,35,30,28,14,30,16,17,16,12,13,27,20,43,19,19,9,15,3,19,49,15,42,27,27,30,14,11,13,15,53,16,38,12,30,18,7,23,,,,,,,,,,,,,,,,,,,,,,,,,,,,,,19,34,36,3,4,21,12,24,17,20,45,10,26,19,,23,16,23,12,16,38,20,11,12,24,26,26,10,11,11,13,9,15,9,8,21,5,30,30,15,43,27,26,36,28,21,18,25,20,28,17,22,17,22,21,23,33,18,26,15,13,27,9,23,22,14,20,10,34,5,32,23,19,12,26,26,29,28,33,12,23,15,25,26,7,23,16,20,37,19,28,11,8,14,13,27,30,12,9,14,5,11,28,46,60,53,40,31,15,21,9,,5,13,14,15,12,23,8,10,,9,20,32,3,10,12,8,14,17,6,12,13,18,10,5,8,3,22,,3,5,3,127,7,6,21,19,13,27,18,,27,,9,,6,22,21,16,12,12,3,17,23,19,14,68,8,14,17,256,362,497,495,19,15,3,14,20,,18,17,7,52,13
20250905,10,PM2.5_24h,35,34,20,37,22,23,29,23,34,41,33,31,15,19,16,27,20,20,21,15,24,18,20,5,22,25,24,30,34,29,13,11,12,27,12,18,29,27,20,13,6,24,21,16,26,25,16,22,33,8,9,21,22,12,5,5,12,6,9,11,7,11,14,7,36,33,16,9,7,13,27,18,27,11,19,25,19,22,22,23,21,33,25,14,42,32,24,29,22,10,16,26,27,7,5,13,26,10,5,8,13,6,17,5,21,16,18,9,6,23,20,17,14,31,26,26,23,19,30,20,25,17,23,33,33,29,11,22,13,12,9,5,12,24,22,33,15,15,6,16,4,20,38,15,36,22,25,26,17,11,14,6,21,21,12,23,23,32,10,35,,,,,,,,,,,,,,,,,,,,,,,,,,,,,,17,29,21,3,15,19,5,25,11,45,38,16,61,24,31,18,22,27,23,20,38,21,14,15,17,24,25,11,17,18,22,20,24,11,16,25,9,19,16,13,35,25,13,27,22,23,15,25,22,28,26,17,14,15,18,25,22,19,19,17,13,21,14,21,18,12,21,10,30,8,40,24,23,16,27,20,34,18,24,17,19,14,24,25,15,20,19,18,26,16,33,10,12,14,15,20,19,12,14,12,7,9,23,42,58,41,24,33,16,18,10,,6,14,15,14,11,24,15,13,,7,15,30,7,14,18,11,19,12,11,13,14,14,9,5,3,2,12,,2,5,6,26,9,8,25,21,24,25,32,,23,,14,,12,20,20,15,10,13,3,20,33,39,25,84,12,15,19,260,258,322,244,18,8,5,14,14,,21,17,6,33,15
20250905,10,PM10,81,35,53,35,33,43,80,35,60,65,51,50,54,32,22,44,27,39,43,22,52,33,33,13,29,46,41,41,44,44,29,20,27,50,27,32,30,49,33,21,14,28,49,28,64,21,44,44,52,18,19,51,44,18,10,9,17,20,22,13,13,16,19,10,53,71,37,18,27,42,36,39,64,53,42,38,98,209,32,40,36,26,32,23,37,39,50,40,28,17,37,38,47,11,14,38,41,29,11,23,31,16,21,15,36,32,39,35,22,31,17,32,33,40,65,25,46,49,23,28,46,23,47,57,59,43,18,41,21,29,22,20,44,50,30,65,30,42,12,34,19,40,69,39,64,47,33,40,23,20,32,33,123,25,79,56,85,47,33,100,,,,,,,,,,,,,,,,,,,,,,,,,,,,,,39,60,57,11,17,25,14,26,14,43,72,28,49,23,,31,41,47,35,32,54,34,27,30,64,40,34,28,29,25,42,16,33,34,30,45,30,48,49,29,78,49,33,53,45,36,38,36,30,47,43,35,26,39,48,39,50,32,56,28,32,52,28,39,33,28,28,27,52,28,90,32,50,30,48,56,60,44,49,24,39,29,42,43,14,36,24,37,58,27,56,17,27,23,23,53,36,35,19,21,12,30,34,66,98,71,78,41,28,31,10,,30,24,22,19,28,29,16,13,,14,17,35,18,40,23,23,21,22,28,10,26,25,19,7,18,9,23,,9,15,6,218,20,11,26,29,56,63,30,,46,,24,,16,27,25,35,33,17,13,40,41,37,21,151,40,53,44,831,993,1391,1983,54,29,45,47,51,,27,29,14,83,37
20250905,10,PM10_24h,51,51,42,58,47,33,59,37,55,65,50,64,34,35,33,52,28,43,48,27,41,31,30,15,36,42,41,49,44,34,22,18,22,40,26,29,42,38,30,28,15,39,32,27,41,35,24,38,54,15,13,40,38,24,12,9,20,11,18,26,14,22,21,15,50,55,28,18,13,27,71,36,91,36,31,38,37,50,37,43,29,38,37,27,63,54,37,46,41,14,30,51,46,12,10,25,41,18,13,18,19,10,25,12,40,36,33,26,19,31,38,23,31,49,39,45,44,42,45,33,50,33,46,46,52,40,14,28,16,17,14,9,21,40,34,46,21,30,12,28,13,35,55,34,53,34,39,35,25,20,36,14,52,38,22,93,79,138,28,133,,,,,,,,,,,,,,,,,,,,,,,,,,,,,,31,47,34,12,34,28,9,34,22,156,54,32,193,37,46,30,76,49,46,36,49,35,34,28,40,36,33,27,44,54,41,37,46,30,29,49,28,35,30,31,54,37,32,33,42,35,21,34,34,40,37,28,22,27,29,36,32,32,35,26,27,38,28,35,22,26,24,25,38,20,62,34,51,26,45,45,50,36,35,26,32,23,34,37,23,28,29,28,39,22,62,24,26,26,23,37,27,23,25,23,14,29,27,62,96,50,47,50,27,23,12,,16,22,23,19,22,32,25,12,,13,16,40,13,29,15,22,23,20,23,14,26,23,16,8,7,8,17,,4,8,13,47,24,15,84,40,75,72,71,,52,,40,,14,40,25,34,31,23,10,50,125,192,53,220,44,41,43,834,785,885,997,50,16,23,32,39,,51,29,15,61,30
20250905,10,SO2,4,8,2,7,6,6,5,5,3,6,7,6,4,7,5,12,8,6,10,7,6,6,10,4,6,11,7,9,6,13,8,6,6,7,7,4,6,7,6,7,3,3,5,4,9,5,4,7,9,8,5,6,8,6,7,5,5,6,4,6,7,8,5,5,9,5,6,6,8,2,7,10,7,6,11,10,6,5,10,7,8,5,3,10,10,9,9,9,9,5,4,5,7,6,6,10,16,7,5,8,8,4,7,3,15,8,6,5,6,4,5,7,5,9,11,8,8,9,6,6,6,6,8,8,9,8,6,7,4,5,4,6,6,8,8,6,6,9,4,7,3,9,7,19,6,9,4,4,6,4,3,3,4,7,4,1,22,7,6,5,,,,,,,,,,,,,,,,,,,,,,,,,,,,,,4,6,10,3,4,6,5,5,2,9,6,5,9,11,,4,8,8,5,8,5,7,9,10,9,7,6,6,9,12,13,7,7,10,7,14,4,9,9,9,13,13,4,8,5,5,4,5,5,8,6,10,5,7,9,7,28,13,34,7,11,11,4,9,5,5,3,2,4,8,5,3,8,7,6,11,2,12,9,4,8,5,13,8,6,5,3,7,15,8,13,3,2,5,4,24,15,9,10,8,4,7,5,5,12,8,6,7,6,5,8,,7,9,2,6,7,7,3,3,,6,8,8,11,6,5,7,6,3,7,5,32,5,7,3,4,7,4,,7,5,6,2,5,4,8,5,10,9,6,,7,,5,,4,13,8,9,8,18,3,8,3,3,8,8,4,10,9,4,12,7,3,5,3,3,10,5,,14,7,8,8,4
20250905,10,SO2_24h,3,8,3,6,7,7,3,6,4,6,6,7,3,8,7,9,8,5,8,6,5,6,5,4,6,7,7,9,5,9,8,7,6,7,6,4,7,7,6,6,3,3,4,4,7,5,3,6,9,5,5,5,6,6,7,5,5,6,5,6,8,7,6,5,9,4,6,4,7,2,9,12,7,6,5,10,6,6,8,7,7,5,4,9,11,10,5,8,9,5,5,6,4,6,4,6,10,6,4,6,7,4,6,3,11,8,8,6,5,5,6,7,5,24,12,8,7,7,9,7,6,6,8,7,9,7,6,6,4,5,4,5,5,5,7,6,6,6,4,6,3,9,6,12,5,9,4,4,6,4,3,3,4,7,4,2,29,10,6,4,,,,,,,,,,,,,,,,,,,,,,,,,,,,,,5,6,7,2,3,6,3,6,3,10,6,6,9,11,6,4,8,12,5,11,5,6,10,11,6,7,4,6,9,12,9,6,7,10,7,9,5,7,6,8,10,6,4,7,5,5,4,6,6,8,6,6,4,9,5,7,16,9,9,6,12,8,4,14,5,5,3,2,4,8,4,3,7,7,7,9,2,10,7,4,5,6,9,8,6,10,3,6,9,6,11,4,4,4,5,10,13,7,14,7,5,7,5,6,15,6,5,7,7,7,8,,5,10,4,6,5,10,4,3,,4,9,7,10,7,7,7,7,4,6,5,13,5,6,3,3,8,2,,6,5,6,4,5,4,27,8,8,7,9,,5,,7,,5,12,8,9,9,16,4,9,4,4,8,7,4,8,6,4,9,4,3,5,4,3,10,6,,10,6,8,6,4
20250905,10,NO2,19,13,25,12,8,13,30,14,13,16,28,14,17,18,21,18,11,10,17,18,20,22,27,8,9,22,22,27,26,14,12,7,8,23,8,16,11,19,14,10,14,10,24,8,17,6,16,22,38,14,16,17,9,13,8,6,11,7,7,15,9,9,9,5,24,30,10,8,24,7,28,15,22,33,10,11,16,10,6,11,16,9,10,13,12,21,19,19,9,7,15,11,17,5,13,17,21,9,7,9,11,6,11,6,19,13,10,12,11,21,10,14,15,21,15,7,17,20,9,10,9,11,10,12,16,21,12,15,12,21,10,18,13,18,9,10,10,10,5,11,6,20,26,17,27,27,21,11,7,5,9,9,18,17,11,8,15,11,25,26,,,,,,,,,,,,,,,,,,,,,,,,,,,,,,11,10,19,9,9,24,8,21,13,4,15,15,8,9,,7,4,9,9,10,8,9,5,17,22,9,5,10,13,7,8,9,12,15,12,8,5,11,11,7,33,19,6,12,13,12,9,14,8,9,6,15,6,12,12,11,19,11,14,12,12,10,7,12,13,17,13,12,9,8,18,9,4,14,15,14,12,19,18,6,13,13,9,15,8,9,5,7,16,10,24,6,8,9,4,19,11,10,3,11,9,14,18,32,36,19,39,15,14,15,7,,15,8,7,4,10,10,5,6,,4,7,6,11,8,9,6,4,7,8,6,11,9,5,6,12,7,24,,4,9,7,10,8,9,10,17,12,19,24,,8,,9,,19,12,3,8,3,1,10,7,7,8,7,26,14,35,15,16,31,40,31,31,8,30,34,21,,10,9,4,18,7
20250905,10,NO2_24h,15,18,14,18,18,12,24,10,16,16,18,25,10,17,14,32,13,26,24,22,18,22,22,9,16,14,28,24,23,10,12,10,9,23,13,14,18,19,21,10,16,19,17,13,20,10,18,23,29,11,12,17,10,20,13,7,16,9,9,26,11,13,10,6,17,23,9,11,16,10,12,11,13,24,9,12,13,11,17,17,20,18,15,19,25,19,13,23,14,9,14,18,20,10,9,14,17,8,7,9,10,7,11,6,21,12,15,14,12,15,14,10,13,34,15,16,23,21,19,16,9,20,11,16,18,29,11,14,10,10,10,9,11,12,12,10,5,10,6,13,6,15,16,18,12,15,17,9,7,8,10,10,15,11,9,11,23,12,13,14,,,,,,,,,,,,,,,,,,,,,,,,,,,,,,9,9,15,13,8,11,9,15,22,8,14,15,7,13,10,7,4,13,19,18,9,19,18,16,13,10,7,14,24,14,13,8,21,23,12,12,7,13,9,9,21,12,5,11,12,9,10,11,12,13,11,12,5,14,9,10,13,11,13,10,6,8,7,15,9,9,12,9,9,8,16,10,12,10,14,17,10,14,11,9,11,8,9,16,10,11,6,10,13,8,27,12,15,11,9,15,11,13,11,11,19,8,12,20,25,12,26,14,14,10,7,,15,9,6,3,7,8,7,5,,4,6,12,9,6,8,9,5,6,5,8,9,12,6,4,4,7,12,,3,3,9,9,6,11,8,12,17,12,11,,6,,6,,6,6,4,4,3,3,10,4,7,5,7,15,16,30,12,9,13,22,22,26,3,17,17,18,,8,17,5,19,9
20250905,10,O3,80,99,62,103,111,85,70,106,108,102,64,97,85,64,77,86,99,98,92,82,132,117,69,91,87,111,123,102,122,99,100,119,97,115,87,86,110,130,117,75,57,111,69,85,136,88,103,81,52,94,85,87,103,38,32,38,39,37,45,30,37,51,48,35,55,22,52,37,24,70,52,50,49,31,101,96,66,75,91,50,104,107,111,80,117,86,86,71,87,82,101,63,76,98,77,104,101,54,39,43,47,42,48,46,45,51,62,47,23,33,87,44,43,70,91,77,66,55,104,82,84,48,103,140,155,91,64,73,81,54,67,46,45,77,106,77,52,58,46,52,33,20,49,41,41,18,14,19,55,37,80,60,60,71,64,74,70,80,41,39,,,,,,,,,,,,,,,,,,,,,,,,,,,,,,35,28,87,87,87,54,49,66,69,89,121,34,66,89,,81,94,116,78,98,101,110,88,40,48,108,97,46,70,113,102,72,76,90,45,106,17,120,121,96,88,94,68,141,89,85,98,60,95,99,103,70,60,58,75,78,71,76,71,70,75,83,67,91,74,68,73,78,51,54,42,45,113,45,32,115,69,83,108,79,76,37,91,77,90,102,59,75,74,56,50,46,41,41,47,52,94,61,55,49,88,29,18,9,23,42,8,13,5,42,11,,13,45,42,49,66,45,48,65,,46,34,52,42,22,20,32,51,54,20,25,15,18,33,50,33,44,63,,64,17,70,72,32,49,67,79,85,31,65,,66,,64,,62,62,79,81,83,91,66,67,86,90,88,46,54,21,33,13,18,21,21,25,32,24,24,21,,91,101,35,107,75
20250905,10,O3_24h,,,,,,,,,,,,,,,,,,,,,,,,,,,,,,,,,,,,,,,,,,,,,,,,,,,,,,,,,,,,,,,,,,,,,,,,,,,,,,,,,,,,,,,,,,,,,,,,,,,,,,,,,,,,,,,,,,,,,,,,,,,,,,,,,,,,,,,,,,,,,,,,,,,,,,,,,,,,,,,,,,,,,,,,,,,,,,,,,,,,,,,,,,,,,,,,,,,,,,,,,,,,,,,,,,,,,,,,,,,,,,,,,,,,,,,,,,,,,,,,,,,,,,,,,,,,,,,,,,,,,,,,,,,,,,,,,,,,,,,,,,,,,,,,,,,,,,,,,,,,,,,,,,,,,,,,,,,,,,,,,,,,,,,,,,,,,,,,,,,,,,,,,,,,,,,,,,,,,,,,,,,,,,,,,,,,,,,
20250905,10,O3_8h,51,70,69,61,54,91,43,94,38,85,71,50,100,71,86,26,72,38,45,29,70,47,24,73,53,66,36,37,53,61,61,56,67,42,45,39,57,60,43,50,44,66,35,46,68,65,56,30,39,62,90,45,65,21,18,28,24,19,26,10,29,25,39,28,41,30,58,24,28,60,76,60,66,32,64,52,82,90,40,20,68,62,69,41,74,81,68,34,55,86,55,38,62,56,71,70,52,33,38,33,30,32,26,31,44,22,21,15,8,65,79,72,32,37,65,53,19,31,64,33,69,16,67,82,81,35,69,79,93,78,74,84,39,38,70,36,28,22,39,37,19,21,40,13,41,46,20,20,45,31,62,58,51,68,61,58,45,96,56,54,,,,,,,,,,,,,,,,,,,,,,,,,,,,,,32,30,35,80,94,79,72,70,34,107,87,22,91,85,86,87,101,78,41,47,82,75,25,12,11,94,72,15,31,77,52,72,41,42,39,69,9,58,79,74,63,59,23,65,70,59,47,46,49,38,58,29,46,19,47,29,31,35,26,35,47,37,38,38,86,86,96,79,56,63,29,48,65,56,41,49,45,56,52,43,41,20,60,27,64,48,27,29,31,16,11,32,26,31,24,18,50,21,35,20,38,51,51,35,32,44,9,21,6,61,5,,13,31,45,56,31,32,50,65,,42,17,43,37,16,9,12,41,49,5,34,7,8,23,66,49,44,77,,80,25,29,71,30,36,80,89,41,33,93,,74,,67,,75,77,79,87,86,88,57,69,90,92,94,50,53,10,38,34,63,42,46,17,31,23,47,21,,95,32,21,54,59
20250905,10,O3_8h_24h,50,69,65,61,54,87,42,92,38,85,64,49,96,67,85,26,72,38,45,29,70,47,23,73,53,64,36,37,53,60,61,56,67,42,45,39,57,60,43,49,44,66,35,44,67,64,56,30,37,61,89,45,65,20,18,28,24,19,25,10,28,25,38,27,39,24,56,24,25,60,68,53,58,31,64,52,81,89,40,20,68,62,69,40,74,81,67,36,54,80,54,38,61,56,68,70,52,33,36,33,29,32,26,31,36,22,21,15,8,56,79,62,31,36,64,53,19,19,64,33,69,16,67,82,81,35,65,75,93,76,73,75,35,38,70,34,28,22,39,35,19,17,36,13,36,36,13,17,45,29,62,56,51,68,59,57,44,90,53,52,,,,,,,,,,,,,,,,,,,,,,,,,,,,,,31,28,35,80,88,72,65,67,34,101,87,22,85,85,,86,101,78,41,47,81,75,25,12,11,94,72,15,31,77,52,68,41,42,35,68,9,58,79,73,61,57,23,65,64,58,47,43,49,38,58,29,45,19,46,29,30,35,26,35,47,37,38,38,81,77,94,78,55,60,28,46,65,53,39,49,45,56,52,43,40,20,56,23,64,48,27,29,31,16,11,32,25,31,24,18,50,21,35,20,38,44,40,25,22,39,7,20,5,55,5,,12,31,43,56,31,31,48,65,,42,17,43,36,15,9,10,41,49,5,31,7,8,23,57,43,43,69,,74,22,29,71,24,36,74,88,41,26,89,,74,,67,,73,70,76,85,82,88,56,66,89,88,93,47,53,10,35,25,49,36,45,17,30,23,41,14,,92,32,20,54,59
20250905,10,CO,0.74,0.57,0.60,0.72,0.33,0.78,0.56,0.68,0.57,0.63,0.45,0.50,1.15,0.69,0.44,1.34,0.48,0.56,0.78,0.68,0.75,0.48,0.66,0.59,0.33,1.04,0.69,0.85,1.05,1.06,0.56,0.58,0.40,0.67,0.49,0.46,0.42,0.65,0.70,0.40,0.50,0.50,0.47,0.43,0.97,0.37,0.42,0.80,0.83,0.36,0.60,0.87,0.56,0.44,0.53,0.37,0.54,0.33,0.44,0.38,0.41,0.44,0.44,0.30,0.77,0.84,0.35,0.38,0.45,0.44,0.53,1.03,0.58,0.41,0.88,0.93,0.51,0.36,0.64,0.77,0.55,0.57,0.50,0.39,0.84,0.72,0.60,0.45,0.43,0.30,0.57,0.44,0.53,0.54,0.38,0.63,0.95,0.61,0.38,0.54,0.63,0.43,0.70,0.50,0.55,0.70,0.64,0.50,0.73,0.55,0.66,1.12,1.10,0.77,0.80,0.78,0.93,1.35,0.66,0.52,0.66,0.34,0.75,0.73,0.87,0.72,0.59,1.26,0.87,0.83,0.68,0.67,0.53,0.70,0.80,0.67,0.47,0.37,0.45,0.53,0.40,0.72,1.02,0.78,0.63,0.67,1.05,0.45,0.50,0.47,0.33,0.50,0.57,0.47,0.40,0.30,0.47,0.40,0.38,0.27,,,,,,,,,,,,,,,,,,,,,,,,,,,,,,0.53,0.90,0.63,0.66,0.37,0.63,0.90,0.73,0.77,0.33,0.85,0.30,0.40,0.33,,0.40,0.35,0.66,0.53,0.65,1.02,0.45,0.55,0.60,0.70,0.55,0.55,0.60,0.63,0.37,0.50,0.55,0.63,0.50,0.40,0.60,0.30,0.78,0.64,0.67,1.17,1.05,0.55,0.73,0.65,0.42,0.57,0.65,0.80,0.47,0.60,1.27,0.80,0.73,0.65,0.80,1.80,1.07,0.53,0.72,0.57,0.50,0.40,0.50,0.84,0.58,0.73,0.53,0.74,0.70,0.73,0.45,0.55,0.82,0.78,0.90,0.66,1.15,0.80,0.60,0.87,0.47,1.00,0.60,0.80,0.50,0.40,0.22,1.15,0.40,0.93,0.43,0.50,0.53,0.53,0.83,0.60,0.50,0.50,0.60,0.67,0.55,0.73,1.22,0.90,0.82,0.75,0.65,0.80,0.67,0.60,,0.45,0.70,0.27,0.57,0.50,0.55,0.50,0.35,,0.25,0.40,0.40,0.50,0.55,0.60,0.50,0.27,0.35,0.70,0.60,0.45,0.55,0.40,0.25,0.25,0.20,0.50,,0.40,0.40,0.50,0.40,0.70,0.50,0.50,0.50,0.20,0.50,0.50,,0.40,,0.55,,0.25,1.30,0.50,0.40,0.50,0.50,0.40,0.50,0.23,0.35,0.20,0.75,0.25,0.80,0.50,0.80,0.30,0.50,0.45,0.85,0.20,0.30,0.50,0.50,,0.40,0.30,0.50,0.72,0.37
20250905,10,CO_24h,0.63,0.69,0.50,0.77,0.40,0.82,0.43,0.64,0.63,0.60,0.47,0.53,0.63,0.56,0.44,1.15,0.51,0.56,0.73,0.61,0.72,0.45,0.69,0.64,0.33,0.72,0.79,0.89,0.90,0.73,0.52,0.54,0.33,0.62,0.46,0.42,0.45,0.57,0.68,0.40,0.55,0.50,0.43,0.43,0.80,0.40,0.40,0.70,0.69,0.32,0.59,0.72,0.50,0.44,0.50,0.37,0.51,0.35,0.37,0.43,0.43,0.46,0.47,0.28,0.68,0.66,0.32,0.36,0.32,0.61,0.47,0.80,0.42,0.33,0.65,0.85,0.64,0.56,0.66,0.82,0.53,0.72,0.55,0.44,0.90,0.72,0.38,0.55,0.43,0.32,0.55,0.56,0.53,0.56,0.40,0.50,0.75,0.54,0.35,0.50,0.53,0.40,0.70,0.43,0.53,0.50,0.58,0.45,0.50,0.40,0.64,1.03,0.93,0.85,0.76,1.06,0.95,0.97,0.78,0.52,0.64,0.38,0.80,0.72,0.77,0.70,0.53,0.98,0.77,0.67,0.58,0.50,0.50,0.63,0.83,0.63,0.37,0.37,0.47,0.50,0.37,0.68,0.92,0.82,0.53,0.60,0.93,0.45,0.38,0.45,0.53,0.70,0.73,0.65,0.55,0.40,0.80,0.52,0.26,0.30,,,,,,,,,,,,,,,,,,,,,,,,,,,,,,0.50,0.90,0.57,0.98,0.40,0.53,0.80,0.73,1.07,0.45,0.67,0.25,0.50,0.63,0.60,0.30,0.35,0.66,0.78,0.75,0.82,0.47,0.55,0.55,0.60,0.50,0.55,0.63,0.67,0.53,0.60,0.60,0.77,0.63,0.45,0.70,0.35,0.50,0.44,0.67,0.67,0.80,0.50,0.47,0.52,0.35,0.45,0.70,0.82,0.53,0.53,1.10,0.57,0.57,0.60,0.77,0.82,0.75,0.32,0.66,0.53,0.46,0.50,0.53,0.82,0.43,0.70,0.53,0.68,0.63,0.73,0.33,0.53,0.77,0.72,0.73,0.64,0.85,0.57,0.70,0.77,0.43,0.85,0.60,0.70,0.50,0.37,0.28,0.65,0.35,0.83,0.47,0.47,0.50,0.57,0.60,0.57,0.60,0.55,0.60,0.93,0.40,0.63,0.88,0.80,0.68,0.53,0.65,0.75,0.60,0.60,,0.35,0.70,0.33,0.57,0.45,0.55,0.50,0.35,,0.30,0.35,0.40,0.40,0.45,0.50,0.50,0.27,0.35,0.50,0.60,0.40,0.50,0.40,0.20,0.15,0.20,0.40,,0.30,0.40,0.63,0.60,0.60,0.60,0.45,0.55,0.30,0.45,0.65,,0.60,,0.50,,0.25,0.80,0.50,0.40,0.40,0.50,0.40,0.40,0.37,0.35,0.27,0.60,0.20,0.50,0.35,0.55,0.20,0.35,0.45,0.65,0.10,0.30,0.35,0.40,,0.35,0.40,0.45,0.47,0.57
20250905,11,AQI,74,37,48,36,37,44,64,32,59,58,58,47,51,31,23,37,30,52,42,38,63,64,35,30,35,60,65,46,71,42,37,39,39,48,33,36,41,54,45,30,23,40,41,32,54,28,43,48,45,36,27,49,45,20,14,13,18,17,20,16,17,21,21,13,47,66,29,19,20,25,39,40,56,53,39,40,82,117,34,33,37,36,40,32,34,55,65,30,37,27,39,37,43,34,26,38,45,29,14,22,34,16,22,18,26,40,50,27,21,39,27,35,34,30,58,26,42,42,37,31,50,21,47,52,66,41,33,51,25,30,21,19,33,51,37,51,27,36,17,29,15,21,84,29,48,46,36,34,22,16,26,22,73,24,35,56,61,34,27,78,,,,,,,,,,,,,,,,,,,,,,,,,,,,,,33,52,56,29,28,23,17,36,30,48,59,31,44,35,,27,36,38,30,32,55,35,34,31,49,42,49,23,32,36,30,25,32,30,31,40,34,47,50,39,67,42,34,88,49,43,36,36,35,39,39,36,36,48,37,36,50,31,36,29,33,50,28,39,34,37,28,30,53,35,58,40,43,17,47,52,53,41,46,29,39,27,41,46,31,41,24,28,53,34,51,16,22,27,18,50,38,26,19,23,28,31,43,64,78,69,61,44,23,27,17,,20,24,17,24,24,26,16,21,,17,26,39,19,29,24,28,19,23,25,16,31,33,18,18,18,17,24,,21,12,22,162,17,18,39,24,54,49,29,,37,,24,,20,31,33,43,29,30,23,56,42,51,28,86,24,51,43,500,500,500,500,56,43,44,53,52,,30,40,16,69,23
20250905,11,PM2.5,54,24,29,20,10,29,44,19,42,34,41,23,30,18,16,22,19,12,17,16,28,21,19,5,16,25,20,25,22,23,15,15,18,32,14,19,20,35,21,13,3,21,27,12,35,9,25,22,30,9,11,25,25,9,6,4,8,9,11,6,7,6,12,3,33,48,15,9,10,10,22,21,24,16,21,28,43,64,14,16,11,7,22,11,22,39,44,16,22,7,15,16,26,6,5,23,28,14,5,10,20,5,12,7,16,14,22,9,7,21,5,20,16,21,32,13,15,16,9,15,26,8,23,32,29,26,16,36,17,16,15,6,20,29,19,34,19,17,8,15,5,10,62,14,32,28,25,22,14,11,15,12,46,16,16,13,20,13,8,17,,,,,,,,,,,,,,,,,,,,,,,,,,,,,,12,33,40,6,4,16,10,25,15,13,42,10,18,21,,16,14,12,9,14,36,18,8,16,12,22,34,11,13,10,9,9,15,8,16,19,6,29,29,23,39,24,11,32,22,23,18,23,21,25,16,22,17,26,20,24,35,13,25,14,15,28,10,22,20,20,19,11,36,7,19,28,21,8,23,22,29,22,32,12,25,12,24,20,7,17,15,19,32,20,33,10,14,13,12,25,24,11,8,12,6,9,30,46,57,50,41,31,14,19,6,,7,14,10,17,7,18,7,11,,8,18,27,6,10,14,9,13,16,7,10,14,23,10,3,6,3,11,,3,5,3,115,7,7,27,15,14,25,16,,18,,9,,10,22,23,19,16,8,3,30,21,20,15,40,10,11,16,256,408,531,486,24,11,6,13,22,,16,20,7,50,11
20250905,11,PM2.5_24h,35,34,21,36,22,24,30,23,35,41,33,31,16,19,15,27,21,19,21,15,24,18,20,5,22,25,24,30,34,29,13,11,13,27,12,18,29,27,20,13,6,24,21,16,27,25,16,22,33,8,9,22,22,12,5,5,11,6,9,11,7,11,14,6,36,34,16,9,7,14,27,18,27,11,19,25,20,24,21,23,21,32,25,13,42,32,24,28,22,10,16,25,27,7,5,13,27,9,5,8,13,6,17,5,21,16,18,9,6,23,19,17,14,30,26,26,22,17,30,20,25,17,23,34,33,30,11,23,13,12,9,5,12,25,22,34,15,15,6,16,4,20,39,15,36,22,25,26,17,10,15,6,23,21,13,21,23,31,10,36,,,,,,,,,,,,,,,,,,,,,,,,,,,,,,16,29,21,3,14,19,6,25,12,44,39,16,61,24,,18,22,27,23,20,37,21,14,14,17,23,25,11,18,18,22,19,24,11,16,24,9,19,16,14,35,26,14,27,22,22,15,25,22,28,26,17,14,15,18,25,22,19,19,17,13,21,14,21,18,12,20,10,29,8,39,24,23,16,27,20,34,18,24,17,19,14,24,24,14,20,19,18,26,16,33,10,12,14,15,20,19,12,14,12,7,9,23,42,59,42,25,34,16,18,10,,6,14,15,14,11,24,15,13,,8,15,30,7,14,18,11,19,12,11,13,14,15,9,5,3,2,11,,2,5,6,31,9,8,25,20,22,25,32,,24,,14,,12,19,20,15,9,13,3,21,32,39,24,79,12,15,19,268,265,335,255,18,8,5,14,14,,21,17,7,34,15
20250905,11,PM10,76,37,48,36,32,44,77,32,53,66,62,47,51,31,23,37,24,53,42,25,47,40,35,11,30,41,37,39,41,34,31,22,31,45,27,32,30,47,36,21,15,30,41,26,57,16,43,48,45,17,19,49,45,20,12,9,15,17,20,16,16,13,21,9,46,76,29,19,20,25,39,40,62,55,39,34,114,183,34,33,37,24,35,18,27,40,79,30,37,18,38,37,43,9,16,38,40,29,10,22,34,12,21,11,26,40,50,27,21,39,12,35,34,24,66,26,42,42,24,25,50,21,47,53,56,40,33,45,24,30,18,13,33,51,30,52,26,36,14,29,15,20,91,29,48,46,30,34,22,14,26,22,95,24,35,61,72,34,27,105,,,,,,,,,,,,,,,,,,,,,,,,,,,,,,33,54,58,17,13,21,14,,12,48,66,31,44,35,,24,36,34,30,31,59,31,27,31,49,42,46,23,32,22,24,19,32,28,31,40,34,47,50,39,83,42,34,51,49,43,36,36,31,37,39,36,36,48,37,36,48,29,36,25,33,50,26,39,34,37,28,30,55,35,65,37,43,17,47,54,55,41,46,28,39,27,41,46,16,28,22,28,55,34,51,16,22,27,17,50,38,26,16,23,11,31,34,66,98,66,72,41,23,24,17,,20,24,17,20,11,23,14,13,,17,13,29,19,29,24,28,19,21,25,16,31,20,18,6,18,7,17,,6,12,7,274,12,12,31,24,58,49,29,,37,,24,,14,24,27,43,29,12,7,61,42,51,25,122,24,51,43,858,1129,1404,2008,62,43,44,56,54,,26,29,16,83,18
20250905,11,PM10_24h,51,51,42,57,46,34,60,37,55,65,51,64,34,35,32,52,29,43,47,27,42,32,29,15,36,42,42,49,44,34,22,18,22,40,25,30,42,39,31,27,15,39,33,27,42,34,23,38,54,16,14,40,38,24,12,9,19,11,18,25,14,22,21,15,49,56,28,18,12,27,70,35,91,37,31,39,41,56,37,43,29,37,37,27,63,53,38,45,42,14,30,51,46,12,10,25,41,18,14,18,19,10,25,11,40,35,34,27,20,31,36,24,31,47,39,45,44,42,44,33,50,33,46,46,52,41,14,28,16,18,14,9,22,40,34,47,21,30,12,28,13,33,56,34,53,35,38,36,25,20,37,14,55,39,22,84,80,138,28,136,,,,,,,,,,,,,,,,,,,,,,,,,,,,,,30,47,34,12,32,27,9,34,22,162,55,32,194,37,,29,75,49,46,36,49,34,34,27,40,36,33,27,44,54,40,36,46,30,29,49,29,35,31,31,56,37,32,34,42,36,22,34,34,40,37,28,22,27,29,36,32,32,34,26,27,38,28,35,22,26,24,25,38,20,63,34,51,25,46,45,51,36,35,27,32,23,33,37,23,29,29,28,39,22,62,24,26,26,23,37,27,23,25,23,14,29,28,63,96,51,47,51,27,23,12,,16,23,23,20,21,32,25,12,,13,15,40,13,29,16,22,23,20,23,14,26,23,17,8,7,8,15,,4,8,13,57,23,15,83,39,74,61,70,,53,,38,,14,39,25,35,31,23,10,52,125,195,53,206,43,42,43,862,804,914,1048,50,17,24,32,39,,50,29,15,62,30
20250905,11,SO2,4,9,2,6,5,7,4,5,3,6,7,6,3,7,5,9,7,6,9,7,6,6,9,4,6,9,6,9,5,12,8,6,6,7,6,5,6,7,6,6,3,3,5,4,8,5,3,8,9,7,4,6,8,5,7,5,5,6,4,5,7,6,5,5,9,5,6,5,8,2,8,9,7,6,9,10,10,6,9,7,8,5,3,11,10,9,8,8,8,5,4,5,6,6,5,8,12,7,5,7,7,5,6,4,14,8,6,4,6,3,5,7,5,9,10,8,8,7,6,6,7,6,8,7,8,7,6,9,4,5,4,5,3,6,7,6,6,7,4,6,3,9,9,21,5,9,4,4,5,3,3,3,4,7,4,5,11,6,6,5,,,,,,,,,,,,,,,,,,,,,,,,,,,,,,5,6,8,3,4,5,4,4,2,10,6,6,8,11,,4,8,7,5,8,5,6,13,14,5,9,6,6,10,12,7,8,7,10,8,8,5,8,8,11,12,13,4,8,5,5,4,5,5,6,6,6,4,7,7,7,16,14,28,7,10,11,4,9,5,6,3,2,4,8,4,3,6,8,7,9,3,11,9,4,6,5,10,10,5,7,4,6,13,9,13,3,3,4,2,20,12,10,8,7,4,6,4,7,12,7,6,7,6,5,8,,5,9,3,6,2,7,3,3,,5,8,8,11,6,6,6,6,8,6,5,19,5,6,3,4,5,4,,6,5,6,2,6,4,9,13,10,7,9,,5,,6,,5,17,9,9,5,18,3,9,3,6,8,9,4,12,8,4,8,5,2,6,4,3,11,6,,13,7,6,7,4
20250905,11,SO2_24h,3,8,3,6,7,7,3,6,4,6,6,7,3,8,7,9,8,5,8,6,5,6,5,4,6,7,7,9,5,9,8,7,6,7,6,4,7,7,6,6,3,3,4,4,7,5,3,6,9,6,5,5,6,6,7,5,5,6,5,6,8,7,6,5,9,4,6,5,7,2,8,11,7,6,5,10,6,6,8,7,7,5,3,9,11,10,5,8,9,5,5,6,5,6,4,6,10,6,4,6,7,4,6,3,12,8,8,6,5,5,6,7,5,24,13,8,7,6,9,7,6,6,8,7,9,7,6,6,4,5,4,5,5,5,7,6,6,6,4,6,3,9,6,12,5,8,4,4,6,4,3,3,4,7,4,2,26,10,6,4,,,,,,,,,,,,,,,,,,,,,,,,,,,,,,5,6,7,2,3,6,4,6,3,10,6,6,9,11,,4,8,12,5,11,5,6,10,11,6,7,4,6,9,12,9,6,7,10,7,9,5,7,6,8,10,6,4,7,5,5,4,6,6,8,6,5,4,9,5,7,16,9,9,6,12,8,4,14,5,5,3,2,4,8,4,3,7,7,7,9,2,10,7,4,5,6,8,8,5,9,3,5,9,6,11,4,4,4,5,11,13,7,14,7,5,7,5,6,14,6,5,7,7,6,8,,5,10,4,6,5,10,4,3,,4,8,7,10,7,7,7,7,4,6,5,14,5,6,3,3,8,2,,6,5,6,4,5,4,26,8,8,7,9,,5,,7,,5,12,8,9,9,16,4,9,4,4,8,7,4,8,6,4,8,4,3,5,4,3,10,6,,10,6,8,7,4
20250905,11,NO2,17,13,24,12,6,11,31,14,9,15,18,13,17,17,18,12,7,8,12,14,13,16,25,7,7,17,12,19,17,11,10,7,8,17,7,13,9,15,12,9,13,8,15,6,13,4,11,17,32,12,16,14,7,13,8,7,11,8,9,16,9,8,8,6,17,32,10,7,22,7,26,24,13,29,8,9,16,8,5,8,11,5,9,10,11,18,21,18,8,7,12,8,16,6,14,16,16,8,6,7,9,6,10,5,13,19,10,6,8,17,9,14,16,14,14,8,14,12,8,6,9,12,9,10,12,15,11,18,12,18,10,12,15,12,7,6,7,7,4,10,7,6,16,12,18,24,16,9,6,5,10,11,19,17,13,8,5,8,11,6,,,,,,,,,,,,,,,,,,,,,,,,,,,,,,11,8,18,7,7,19,6,14,6,4,13,18,5,8,,6,4,7,7,7,7,7,5,18,17,8,6,11,12,8,5,9,8,11,13,5,11,8,8,8,25,11,4,8,9,10,7,12,6,6,7,11,5,10,10,5,11,9,11,8,6,7,4,10,14,14,13,14,9,8,11,9,3,12,14,9,12,16,15,6,8,12,7,11,6,7,3,4,10,8,20,5,9,7,3,15,7,7,2,8,8,13,16,35,36,16,39,16,9,12,7,,11,5,5,4,8,6,6,6,,3,4,5,10,6,10,4,4,6,6,6,9,6,6,5,9,3,12,,6,6,6,15,6,7,8,18,13,12,34,,6,,10,,13,6,6,7,2,1,6,9,6,6,7,14,9,31,14,15,27,35,31,21,17,19,29,22,,7,8,3,17,8
20250905,11,NO2_24h,15,18,15,18,18,12,25,10,16,16,18,24,10,17,15,32,13,26,24,23,18,22,22,9,16,15,28,24,23,10,12,10,9,23,12,14,17,19,20,10,16,19,18,13,20,10,18,23,30,11,12,17,10,20,14,7,16,10,9,26,11,13,10,6,17,23,9,11,17,9,12,11,13,25,9,12,13,11,17,17,20,18,15,19,25,19,14,23,14,9,14,18,20,10,9,15,17,8,7,9,10,7,11,6,21,12,15,14,12,15,13,10,13,32,15,15,23,20,19,16,9,20,11,16,18,28,11,14,9,10,9,9,10,13,12,10,5,10,6,13,6,15,16,18,12,16,17,8,7,7,10,10,15,12,9,11,23,12,13,13,,,,,,,,,,,,,,,,,,,,,,,,,,,,,,9,8,15,13,8,11,8,15,21,7,14,16,7,12,,7,4,13,19,18,9,19,18,16,13,10,7,14,24,14,13,9,21,23,12,12,7,13,9,9,22,12,5,10,12,9,10,11,12,13,11,12,5,14,9,10,13,11,13,10,6,8,7,15,9,9,11,9,9,8,16,10,12,10,14,17,10,14,11,9,11,8,9,15,10,11,6,10,13,8,27,12,15,11,9,15,11,13,10,11,19,8,12,20,26,12,26,14,14,10,7,,15,9,6,3,7,8,7,5,,4,5,12,9,7,8,9,5,6,5,8,9,12,6,4,4,7,12,,3,3,8,10,6,11,8,12,17,12,12,,5,,6,,6,6,4,4,3,3,10,4,7,5,7,16,16,30,12,9,13,22,22,26,3,17,17,18,,8,17,5,20,9
20250905,11,O3,90,106,56,105,119,95,62,103,118,108,74,93,87,62,74,96,97,116,107,122,170,171,98,97,112,168,172,146,177,135,118,124,124,154,107,114,131,163,143,96,75,129,117,102,160,91,127,122,55,116,85,118,129,56,44,43,58,55,63,48,55,66,67,41,81,23,56,51,37,75,61,62,70,45,112,125,71,78,102,70,119,116,129,103,110,91,81,80,112,87,124,77,81,109,83,113,143,70,46,50,75,50,69,58,70,78,95,55,42,39,86,43,41,86,113,77,86,85,118,99,97,65,117,151,173,130,69,79,79,70,68,60,58,118,117,102,73,84,53,53,39,68,81,56,66,31,28,22,61,52,78,65,60,67,65,82,99,84,64,64,,,,,,,,,,,,,,,,,,,,,,,,,,,,,,53,38,131,93,91,60,54,78,95,90,137,43,79,93,,87,92,121,79,103,115,111,108,66,72,112,105,59,92,116,97,81,96,95,52,116,21,151,152,126,122,123,96,190,120,130,114,86,111,124,111,106,79,102,96,82,109,99,101,93,96,117,88,120,83,95,76,74,53,57,73,46,131,52,35,141,101,124,148,93,109,67,111,83,100,131,76,81,86,76,80,51,54,55,59,91,111,66,62,57,90,29,23,12,27,53,24,16,17,41,27,,32,62,49,52,77,57,51,66,,52,38,63,48,32,38,36,52,59,41,42,35,32,41,58,44,53,78,,66,25,69,65,53,59,76,75,89,57,49,,72,,69,,65,78,82,86,92,95,74,85,86,99,89,62,63,40,52,19,35,41,28,44,30,46,47,34,,96,127,41,108,75
20250905,11,O3_24h,,,,,,,,,,,,,,,,,,,,,,,,,,,,,,,,,,,,,,,,,,,,,,,,,,,,,,,,,,,,,,,,,,,,,,,,,,,,,,,,,,,,,,,,,,,,,,,,,,,,,,,,,,,,,,,,,,,,,,,,,,,,,,,,,,,,,,,,,,,,,,,,,,,,,,,,,,,,,,,,,,,,,,,,,,,,,,,,,,,,,,,,,,,,,,,,,,,,,,,,,,,,,,,,,,,,,,,,,,,,,,,,,,,,,,,,,,,,,,,,,,,,,,,,,,,,,,,,,,,,,,,,,,,,,,,,,,,,,,,,,,,,,,,,,,,,,,,,,,,,,,,,,,,,,,,,,,,,,,,,,,,,,,,,,,,,,,,,,,,,,,,,,,,,,,,,,,,,,,,,,,,,,,,,,,,,,,,
20250905,11,O3_8h,55,75,69,68,59,92,43,96,51,87,71,56,100,71,87,37,76,51,53,42,83,63,33,76,61,76,56,51,69,68,69,67,74,58,54,48,67,73,56,55,48,75,46,51,80,68,66,43,41,69,91,55,73,26,21,30,29,24,30,15,32,30,42,29,44,30,58,27,28,62,76,60,66,35,71,62,82,90,50,28,76,70,76,49,81,86,69,39,60,87,63,43,64,65,71,75,64,39,38,35,34,34,32,33,45,29,32,20,12,65,81,72,32,45,70,57,29,29,71,43,73,23,73,91,93,47,69,79,93,78,74,84,39,47,78,42,34,29,40,38,21,23,42,19,41,46,20,20,48,31,65,58,55,69,61,60,51,96,56,57,,,,,,,,,,,,,,,,,,,,,,,,,,,,,,35,30,47,82,94,79,73,70,44,103,94,25,91,86,,87,101,86,46,54,89,81,40,20,20,96,76,22,40,83,58,72,48,50,39,74,10,73,88,80,70,64,33,80,73,66,58,48,58,50,66,39,49,30,50,36,41,44,37,42,53,48,44,49,86,86,96,79,56,63,33,48,75,56,41,63,53,65,65,51,47,25,63,32,68,62,34,37,38,25,21,34,29,34,29,27,58,27,39,26,48,51,51,35,32,44,9,21,7,61,8,,15,35,45,56,37,34,50,65,,44,20,46,37,17,12,13,42,50,10,34,11,11,26,66,49,45,77,,80,25,36,73,30,38,80,89,48,33,93,,74,,69,,75,77,79,87,86,89,57,69,90,92,94,50,55,14,38,34,63,42,47,21,31,27,47,21,,95,45,22,62,63
20250905,11,O3_8h_24h,55,75,63,68,59,85,42,93,51,87,63,56,91,66,87,37,75,51,53,42,83,63,33,76,61,76,56,51,69,68,69,67,74,58,54,48,67,73,56,55,48,75,46,51,80,67,66,43,40,69,89,55,73,25,21,30,29,24,30,15,31,30,42,28,43,23,56,27,26,62,64,53,58,33,71,62,78,89,50,28,76,70,76,49,81,86,67,42,60,80,63,43,64,65,68,75,64,39,36,35,34,34,32,33,38,29,32,20,12,52,80,58,30,45,70,57,29,29,71,43,73,23,73,91,93,47,64,76,91,74,72,71,37,47,78,41,34,29,40,37,21,22,41,19,39,32,13,18,48,31,65,57,50,69,59,60,51,88,54,54,,,,,,,,,,,,,,,,,,,,,,,,,,,,,,35,29,47,82,86,70,62,69,44,96,94,25,82,86,,86,100,86,46,54,89,81,40,20,20,96,76,22,40,83,58,67,48,50,36,74,10,73,88,80,69,64,33,80,73,66,58,48,58,50,66,39,49,30,50,36,41,44,37,42,53,48,44,49,80,78,92,77,55,59,33,45,75,51,37,63,53,65,65,51,47,25,63,32,68,62,34,37,38,25,21,33,29,34,29,27,58,27,39,26,48,39,34,21,23,39,8,20,6,49,8,,14,35,44,55,37,34,47,65,,44,20,46,37,17,12,11,42,50,10,32,11,11,26,54,41,44,68,,73,22,36,73,25,38,72,87,48,29,84,,74,,69,,72,68,75,84,82,89,57,68,89,88,92,48,55,14,37,24,45,34,45,21,28,27,38,16,,92,45,22,62,63
20250905,11,CO,0.71,0.60,0.61,0.65,0.30,0.75,0.57,0.66,0.57,0.63,0.50,0.50,0.78,0.70,0.40,1.02,0.41,0.53,0.74,0.65,0.68,0.47,0.57,0.65,0.33,0.96,0.57,0.75,0.90,0.85,0.58,0.56,0.40,0.63,0.45,0.44,0.41,0.60,0.70,0.40,0.45,0.47,0.50,0.43,0.92,0.32,0.42,0.82,0.77,0.36,0.61,0.79,0.57,0.43,0.51,0.37,0.55,0.33,0.45,0.38,0.40,0.38,0.46,0.30,0.67,0.85,0.36,0.36,0.43,0.45,0.70,1.10,0.34,0.39,0.80,0.93,0.54,0.36,0.68,0.70,0.60,0.55,0.55,0.32,0.78,0.70,0.60,0.38,0.55,0.30,0.53,0.40,0.48,0.54,0.40,0.57,0.80,0.57,0.37,0.57,0.63,0.40,0.70,0.43,0.52,0.70,0.60,0.40,0.57,0.50,0.60,1.02,1.08,0.73,0.63,0.78,0.78,0.82,0.62,0.58,0.70,0.34,0.75,0.70,0.70,0.70,0.58,1.34,0.90,0.77,0.70,0.60,0.55,0.67,0.80,0.57,0.43,0.37,0.47,0.52,0.43,0.46,1.02,0.65,0.60,0.67,0.88,0.45,0.45,0.45,0.38,0.50,0.57,0.47,0.40,0.20,0.43,0.38,0.22,0.23,,,,,,,,,,,,,,,,,,,,,,,,,,,,,,0.53,0.80,0.60,0.68,0.30,0.65,0.78,0.75,0.53,0.30,0.70,0.30,0.35,0.33,,0.35,0.35,0.56,0.45,0.57,1.00,0.50,0.55,0.70,0.70,0.45,0.55,0.63,0.60,0.37,0.43,0.62,0.65,0.70,0.40,0.60,0.35,0.73,0.58,0.77,1.17,0.83,0.55,0.67,0.65,0.40,0.57,0.67,0.72,0.47,0.55,1.10,0.67,0.70,0.55,0.73,1.03,1.40,0.53,0.82,0.53,0.44,0.40,0.47,0.84,0.55,0.73,0.53,0.78,0.70,0.63,0.43,0.47,0.82,0.78,0.80,0.70,1.00,0.80,0.60,0.90,0.50,0.96,0.30,0.70,0.45,0.37,0.20,0.55,0.40,1.00,0.40,0.52,0.50,0.50,0.80,0.50,0.50,0.50,0.60,0.60,0.53,0.70,1.25,0.90,0.77,0.70,0.70,0.65,0.65,0.60,,0.30,0.63,0.23,0.57,0.40,0.50,0.50,0.35,,0.30,0.30,0.40,0.40,0.55,0.60,0.45,0.27,0.35,0.65,0.60,0.40,0.45,0.40,0.25,0.20,0.15,0.30,,0.40,0.40,0.50,0.43,0.70,0.45,0.40,0.55,0.20,0.45,0.55,,0.30,,0.55,,0.30,1.00,0.50,0.40,0.50,0.50,0.40,0.60,0.23,0.35,0.20,0.65,0.20,0.95,0.50,0.70,0.40,0.40,0.40,0.70,0.30,0.30,0.60,0.40,,0.35,0.30,0.50,0.68,0.37
20250905,11,CO_24h,0.63,0.68,0.49,0.72,0.40,0.82,0.44,0.62,0.63,0.60,0.47,0.53,0.65,0.57,0.44,1.15,0.49,0.56,0.73,0.62,0.71,0.45,0.69,0.61,0.33,0.74,0.79,0.89,0.90,0.73,0.52,0.54,0.33,0.62,0.46,0.42,0.45,0.57,0.68,0.40,0.50,0.50,0.43,0.43,0.80,0.40,0.40,0.70,0.71,0.32,0.60,0.72,0.50,0.44,0.50,0.37,0.51,0.35,0.38,0.42,0.41,0.46,0.47,0.30,0.67,0.67,0.32,0.36,0.32,0.60,0.47,0.73,0.42,0.33,0.65,0.85,0.63,0.52,0.66,0.80,0.53,0.70,0.53,0.44,0.90,0.72,0.38,0.53,0.45,0.32,0.55,0.56,0.53,0.54,0.40,0.50,0.75,0.54,0.35,0.50,0.53,0.40,0.70,0.43,0.53,0.50,0.58,0.45,0.50,0.40,0.64,1.03,0.93,0.85,0.74,1.04,0.95,0.90,0.78,0.52,0.66,0.38,0.80,0.72,0.77,0.70,0.56,0.98,0.77,0.70,0.58,0.50,0.50,0.63,0.83,0.63,0.37,0.40,0.47,0.50,0.37,0.66,0.94,0.78,0.53,0.60,0.93,0.45,0.38,0.45,0.53,0.70,0.73,0.63,0.55,0.40,0.77,0.50,0.26,0.27,,,,,,,,,,,,,,,,,,,,,,,,,,,,,,0.50,0.90,0.57,0.98,0.40,0.53,0.77,0.73,1.03,0.43,0.67,0.25,0.45,0.57,,0.30,0.35,0.66,0.78,0.75,0.82,0.45,0.55,0.50,0.60,0.55,0.55,0.63,0.67,0.53,0.60,0.60,0.77,0.63,0.45,0.65,0.35,0.53,0.44,0.67,0.68,0.80,0.50,0.47,0.52,0.35,0.43,0.70,0.82,0.53,0.53,1.10,0.57,0.60,0.60,0.77,0.78,0.75,0.32,0.66,0.53,0.46,0.50,0.57,0.82,0.43,0.70,0.55,0.68,0.63,0.73,0.33,0.53,0.77,0.72,0.70,0.66,0.85,0.57,0.70,0.77,0.43,0.90,0.60,0.70,0.50,0.37,0.28,0.65,0.35,0.83,0.47,0.47,0.50,0.53,0.60,0.60,0.60,0.50,0.60,0.93,0.40,0.63,0.88,0.80,0.68,0.53,0.65,0.75,0.60,0.60,,0.35,0.70,0.33,0.57,0.45,0.55,0.50,0.35,,0.30,0.35,0.40,0.40,0.45,0.50,0.50,0.27,0.35,0.55,0.60,0.40,0.50,0.40,0.20,0.15,0.20,0.30,,0.30,0.40,0.63,0.57,0.60,0.60,0.45,0.55,0.30,0.45,0.60,,0.55,,0.50,,0.25,0.80,0.50,0.40,0.40,0.50,0.40,0.40,0.37,0.35,0.27,0.60,0.25,0.50,0.35,0.55,0.20,0.35,0.40,0.70,0.10,0.30,0.35,0.40,,0.35,0.30,0.45,0.48,0.57
20250905,12,AQI,74,38,38,32,39,42,53,32,55,60,59,43,51,27,30,34,33,36,41,50,73,96,46,31,43,110,84,55,102,56,42,42,44,65,36,39,45,81,53,32,27,47,48,35,55,30,44,45,47,42,28,42,48,27,19,16,26,25,28,23,24,25,25,15,41,78,30,20,18,23,41,28,48,41,37,38,87,73,34,24,36,38,45,37,33,50,70,28,40,31,40,39,39,34,29,37,50,33,15,19,34,17,24,20,30,42,43,26,15,37,27,33,18,27,57,25,39,37,38,30,51,27,51,46,63,45,29,44,30,49,22,19,59,48,40,43,24,33,18,25,16,24,69,28,37,39,22,21,24,19,25,23,73,21,21,65,61,30,23,78,,,,,,,,,,,,,,,,,,,,,,,,,,,,,,36,55,56,28,30,27,30,31,26,36,55,39,40,30,,27,35,37,39,32,58,31,34,26,33,36,49,30,34,38,33,30,33,33,38,38,36,55,48,49,53,42,33,94,49,56,38,37,40,39,38,40,31,42,36,36,48,35,36,34,33,46,31,41,31,40,30,25,52,31,52,37,44,21,50,49,53,43,69,33,41,28,39,49,34,43,25,26,33,24,52,20,26,23,24,46,37,29,22,19,28,21,46,65,78,63,57,50,20,31,12,,15,25,19,23,23,23,17,20,,17,14,33,17,24,23,20,17,24,18,20,33,30,17,22,18,19,26,,23,11,22,133,18,20,41,23,58,54,37,,32,,29,,25,27,29,30,31,30,25,57,39,48,32,66,23,40,43,500,500,500,500,49,40,34,51,52,,32,41,17,66,24
20250905,12,PM2.5,54,25,26,20,10,28,34,18,39,43,42,19,31,17,21,19,18,12,16,20,25,25,19,6,18,28,21,25,22,21,19,16,20,30,12,19,21,38,22,14,5,21,24,11,31,9,24,23,32,8,13,23,19,11,10,4,9,11,13,10,10,7,12,5,29,57,16,10,9,10,20,13,21,13,22,25,46,33,12,9,11,9,24,8,16,35,51,16,18,6,11,16,25,6,6,16,29,15,5,10,21,5,11,8,16,20,21,9,7,26,7,20,12,18,33,12,11,15,9,16,30,7,21,27,25,27,18,28,21,25,11,10,26,26,18,27,17,16,11,13,5,8,50,12,24,25,10,8,11,9,13,10,47,13,10,20,15,14,8,21,,,,,,,,,,,,,,,,,,,,,,,,,,,,,,14,32,38,10,8,19,21,22,11,10,37,13,13,21,,12,12,10,7,13,37,17,10,13,11,18,34,13,13,11,13,12,17,9,15,17,6,26,26,26,27,22,14,27,21,25,19,24,23,20,13,23,19,25,17,25,23,20,17,12,15,23,9,18,21,21,21,11,32,8,21,26,16,8,28,21,32,15,33,14,26,15,23,16,9,21,16,17,19,15,33,9,12,14,14,20,18,11,10,11,6,8,32,47,57,45,32,35,13,22,5,,5,16,11,16,7,16,5,11,,10,10,23,5,8,13,5,11,17,7,10,15,21,6,3,5,3,7,,3,3,3,81,8,7,27,13,16,23,16,,17,,8,,13,17,20,16,16,7,3,18,19,19,17,24,10,12,14,247,481,533,485,19,13,9,16,19,,16,15,7,48,10
20250905,12,PM2.5_24h,35,34,21,35,21,24,30,23,35,41,34,30,17,19,15,27,21,19,21,15,24,18,20,4,22,26,24,30,33,29,13,11,13,28,12,18,29,28,21,13,6,24,21,16,27,24,16,22,33,8,9,22,22,11,5,5,11,6,9,11,7,11,14,7,36,35,15,9,7,14,26,17,27,11,19,25,21,24,21,23,21,32,25,13,42,32,26,27,23,10,15,25,27,7,4,13,27,10,5,8,13,6,17,5,21,16,18,9,6,23,19,17,14,30,27,26,22,19,29,20,25,17,23,34,34,30,12,23,13,13,9,5,13,26,22,34,15,15,6,16,4,19,40,15,36,22,25,26,17,10,15,6,25,22,13,21,23,31,10,36,,,,,,,,,,,,,,,,,,,,,,,,,,,,,,16,30,22,4,14,19,6,24,12,45,39,16,62,24,33,18,22,26,22,20,37,21,14,14,17,23,26,10,18,18,21,19,24,10,16,24,9,20,16,14,35,25,14,28,22,22,15,25,22,28,25,17,14,15,18,25,21,18,19,17,13,20,13,21,18,13,20,10,28,7,39,23,23,15,27,20,34,18,24,17,19,14,24,24,14,21,19,18,27,16,33,10,12,14,15,20,19,12,14,12,7,9,24,43,60,43,25,34,16,19,10,,6,14,14,15,11,24,14,13,,8,15,30,7,14,18,11,18,12,11,14,14,14,9,5,4,2,10,,2,4,6,34,9,8,24,20,21,24,32,,24,,14,,13,19,20,14,9,13,3,21,32,39,25,73,12,15,19,276,276,347,267,18,8,5,14,14,,21,17,7,35,15
20250905,12,PM10,74,38,38,30,30,42,55,22,53,66,59,43,51,27,30,34,26,31,41,28,42,46,35,12,30,48,39,37,40,33,32,24,34,44,25,32,31,49,37,23,15,34,34,24,49,17,36,40,47,17,22,42,48,22,16,9,19,17,28,19,21,13,20,9,40,71,30,17,18,20,41,28,48,41,37,28,124,95,31,22,31,20,36,16,26,39,61,27,33,12,29,39,39,10,12,36,41,33,14,19,34,12,23,13,25,42,43,26,15,34,13,33,18,25,63,25,39,37,32,25,52,18,51,42,51,38,29,44,27,49,19,19,67,48,28,43,23,33,14,25,16,10,74,28,37,39,21,21,24,14,25,16,95,20,17,80,71,30,23,106,,,,,,,,,,,,,,,,,,,,,,,,,,,,,,36,59,54,18,14,24,,22,22,36,60,39,40,28,,15,35,27,39,28,65,25,27,23,33,36,41,30,30,25,23,19,32,28,38,36,36,46,39,47,56,38,33,46,49,44,29,37,34,29,31,35,31,41,36,33,48,31,34,23,33,46,24,36,30,40,29,25,54,31,53,35,38,21,50,49,55,40,53,27,40,26,39,49,13,30,22,26,33,24,54,20,26,23,24,46,27,29,16,15,9,21,26,66,104,54,63,47,20,31,,,14,25,19,19,12,21,11,13,,7,10,28,17,24,23,20,16,19,18,20,33,29,17,8,12,6,15,,8,10,10,215,9,12,41,22,65,58,37,,32,,29,,22,23,26,30,29,14,6,64,39,48,32,82,20,40,43,808,1225,1365,1959,49,40,34,52,53,,29,29,17,82,19
20250905,12,PM10_24h,52,51,42,56,46,34,60,36,55,65,51,64,36,35,31,52,29,43,47,27,42,32,29,14,36,43,42,49,43,34,22,18,23,40,25,30,42,39,31,27,15,39,33,26,42,33,23,38,55,16,14,40,38,24,12,9,19,11,18,25,14,22,21,15,49,56,27,18,13,27,69,33,92,38,30,39,44,58,36,43,29,36,36,26,62,53,39,44,42,14,30,51,46,12,10,25,41,18,14,18,19,10,25,11,40,35,34,26,19,30,35,24,31,46,40,45,43,42,44,33,49,33,46,47,52,41,15,29,16,19,14,10,23,41,34,47,21,28,12,28,13,31,57,34,53,36,37,35,25,20,37,15,59,39,23,74,80,138,28,139,,,,,,,,,,,,,,,,,,,,,,,,,,,,,,30,48,35,12,31,27,9,34,23,158,56,33,194,36,46,28,76,49,47,36,49,34,34,26,40,37,34,26,43,53,39,36,46,30,30,48,30,35,31,32,56,37,32,34,42,36,21,34,35,40,36,28,21,27,29,37,32,31,35,26,27,38,28,36,23,27,24,25,38,20,62,33,51,25,45,46,51,37,36,27,32,23,34,38,22,29,30,28,39,23,61,24,26,26,23,37,27,23,25,23,14,29,28,64,98,52,47,51,27,24,13,,16,23,23,20,21,32,25,12,,13,14,40,13,29,16,22,22,20,24,14,27,23,16,8,8,8,13,,4,8,13,66,22,15,81,38,72,55,70,,55,,37,,15,39,24,35,31,23,10,54,124,198,53,188,42,43,43,893,830,943,1099,51,17,24,32,40,,49,28,15,63,30
20250905,12,SO2,3,9,3,4,6,7,3,5,3,6,6,5,2,7,6,9,8,6,8,7,5,5,9,4,6,9,6,8,4,11,7,7,6,7,6,4,6,7,6,7,2,3,6,4,8,5,3,8,9,7,4,6,7,5,7,5,6,6,4,5,8,6,5,5,8,3,6,5,7,2,9,7,6,6,7,9,12,6,8,7,7,5,3,9,9,8,5,8,8,5,3,5,6,6,5,7,9,6,4,7,7,4,5,4,12,9,5,4,4,4,5,7,5,8,9,8,7,6,4,5,7,6,8,6,7,7,6,8,4,5,4,5,5,5,7,6,5,6,4,6,3,8,8,13,5,9,4,5,5,4,3,3,4,7,4,46,14,8,6,5,,,,,,,,,,,,,,,,,,,,,,,,,,,,,,5,6,7,2,5,5,4,5,2,9,6,5,8,11,,4,8,6,5,7,6,6,12,12,5,7,5,6,10,12,7,7,7,10,7,7,4,8,7,10,12,7,4,7,5,6,4,3,7,6,6,6,4,5,6,7,12,10,15,6,9,9,4,8,5,5,3,2,4,8,4,3,7,7,7,8,3,10,9,4,5,5,8,10,6,6,3,5,10,8,13,3,3,4,3,13,10,8,7,7,4,6,5,8,13,7,6,9,7,6,8,,6,9,3,6,4,7,3,3,,4,9,8,11,6,6,6,6,5,5,6,12,5,7,4,4,6,2,,6,4,6,3,5,4,8,15,8,6,9,,5,,6,,4,17,9,9,10,17,4,8,3,7,8,6,4,11,6,4,5,4,1,5,6,3,11,7,,12,6,8,7,4
20250905,12,SO2_24h,3,8,3,5,7,7,3,6,4,6,6,7,3,8,7,9,8,5,8,6,5,6,5,4,6,7,7,9,5,9,8,7,6,7,6,4,7,7,6,6,3,3,4,4,7,5,3,6,9,6,5,5,6,6,7,5,5,6,5,6,8,7,6,5,9,4,6,5,7,2,8,10,7,6,5,10,6,6,8,7,7,5,3,9,11,10,5,8,9,5,4,5,5,6,4,6,10,6,4,6,7,4,6,3,12,8,9,6,5,5,6,7,5,24,13,8,7,7,9,7,6,6,8,7,9,7,6,6,4,5,4,5,5,5,7,6,6,6,4,6,3,9,6,12,5,8,4,4,6,4,3,3,4,7,4,4,24,9,6,5,,,,,,,,,,,,,,,,,,,,,,,,,,,,,,5,6,7,2,4,5,3,6,3,10,6,6,9,11,6,4,8,12,5,11,5,6,10,11,6,6,3,6,9,12,9,6,7,10,7,9,5,7,6,9,10,6,4,7,5,5,4,6,6,8,6,5,4,9,5,7,15,10,10,6,12,8,4,14,5,5,3,2,4,8,4,3,7,7,7,9,2,10,6,4,5,6,9,8,5,9,3,5,10,6,11,4,4,4,5,11,13,7,14,7,5,7,5,6,13,6,5,7,7,6,8,,5,10,4,6,5,10,4,3,,4,8,7,10,7,7,7,7,4,6,5,14,5,6,3,3,8,2,,6,5,6,4,5,4,23,8,8,6,9,,5,,7,,5,12,8,9,9,16,4,9,4,4,8,7,4,8,6,4,8,4,2,5,4,3,9,6,,10,6,8,7,4
20250905,12,NO2,17,13,18,13,6,12,19,12,10,15,15,11,19,16,13,7,7,6,9,12,10,13,21,5,6,16,10,13,12,9,7,7,7,13,6,12,7,12,10,8,11,8,11,6,10,6,12,11,34,8,16,11,5,12,9,7,11,9,8,14,9,7,6,5,13,25,9,7,15,8,22,15,11,20,5,7,15,6,5,7,9,5,9,8,12,21,17,14,7,6,10,6,14,5,13,16,13,9,4,7,7,5,7,3,10,13,8,4,6,14,8,17,14,16,16,5,10,7,7,5,8,11,8,10,9,13,14,17,11,15,10,12,14,10,7,4,3,6,4,8,11,5,11,7,10,19,7,7,5,4,10,11,20,16,14,15,4,8,9,5,,,,,,,,,,,,,,,,,,,,,,,,,,,,,,11,9,12,9,6,17,7,14,12,3,13,25,4,9,,5,5,7,7,7,8,6,3,9,8,7,5,11,10,7,4,7,7,9,12,5,13,6,6,9,15,8,4,4,7,8,4,10,6,5,7,8,3,6,6,5,5,4,7,7,4,5,4,9,11,10,13,11,9,8,9,8,2,10,15,8,12,8,12,4,7,7,5,11,6,7,2,3,10,4,10,5,7,5,3,10,7,7,3,4,9,9,14,30,37,12,30,18,12,15,6,,8,3,5,5,6,5,5,5,,2,3,4,9,5,6,3,4,5,4,5,8,8,5,5,5,2,6,,5,3,8,14,5,7,6,16,11,7,14,,7,,17,,7,5,4,3,3,2,4,3,5,5,6,5,7,21,8,16,11,21,26,13,16,13,15,16,,6,6,4,20,8
20250905,12,NO2_24h,16,19,15,18,18,12,25,11,16,16,19,25,11,17,15,32,14,26,24,23,18,22,22,9,16,15,28,24,23,10,12,10,9,23,12,14,17,19,20,10,16,19,18,13,20,10,17,23,31,11,12,17,10,20,14,7,16,10,9,26,11,13,10,6,17,23,9,11,17,9,12,11,13,25,9,12,13,10,17,17,20,18,15,19,25,19,14,23,14,9,14,18,20,10,10,15,17,8,7,9,10,7,11,6,21,12,15,14,12,15,14,10,13,32,15,15,23,20,19,16,9,19,11,16,18,28,11,14,9,11,9,9,10,13,12,10,5,10,6,13,7,14,15,18,12,16,17,8,7,7,10,10,15,12,9,11,22,11,13,13,,,,,,,,,,,,,,,,,,,,,,,,,,,,,,9,8,16,12,8,11,7,15,22,7,14,16,7,12,10,7,4,13,19,18,9,19,18,16,13,10,7,14,24,14,13,9,21,23,12,12,7,13,9,9,21,12,5,10,12,9,10,11,12,12,11,12,5,14,9,10,12,11,13,10,6,8,7,15,9,9,11,9,9,8,16,10,12,10,13,17,10,13,11,9,11,8,9,15,10,11,6,10,13,8,27,12,15,11,9,15,11,13,10,11,19,8,12,21,27,12,26,14,14,11,7,,15,9,6,3,7,8,6,5,,4,5,12,9,7,8,9,5,6,5,8,9,12,6,4,5,7,11,,4,3,8,10,6,11,7,13,17,12,12,,5,,6,,6,6,4,4,3,3,10,4,6,5,7,16,16,31,12,9,13,22,23,26,4,17,17,18,,8,17,5,20,9
20250905,12,O3,80,110,73,102,124,98,79,103,119,114,107,95,80,61,77,105,105,115,121,159,178,197,148,100,136,219,187,164,203,165,133,134,141,172,115,126,143,185,162,103,86,150,153,111,164,95,142,143,62,135,88,132,134,86,61,50,82,79,90,75,77,80,81,47,103,34,60,64,58,75,66,84,83,65,112,121,81,86,108,78,116,120,143,119,105,80,78,91,128,100,128,93,84,110,94,118,160,90,49,62,93,53,76,65,97,125,125,52,48,54,85,44,45,85,115,77,94,92,123,97,102,86,121,148,170,145,62,94,79,90,70,54,88,135,128,107,77,82,56,68,43,78,89,68,84,38,71,47,65,60,80,73,60,68,67,83,110,86,73,72,,,,,,,,,,,,,,,,,,,,,,,,,,,,,,87,57,165,88,97,61,52,82,82,90,138,31,85,93,,86,91,117,81,103,127,99,108,82,89,110,112,78,109,122,104,96,106,105,66,120,25,164,155,157,134,135,107,195,140,165,121,107,127,124,122,129,99,133,108,102,113,112,114,110,102,135,99,132,100,111,77,80,59,59,92,52,142,64,47,157,132,138,175,106,131,88,120,86,109,138,81,84,80,78,125,58,72,71,74,112,119,70,71,62,89,45,36,31,27,68,37,37,24,39,37,,48,69,61,57,72,66,54,65,,53,41,73,54,39,45,37,54,60,48,50,56,45,48,70,59,60,84,,74,34,69,63,59,65,89,75,95,79,74,,72,,60,,79,86,90,95,100,96,79,104,91,95,93,76,72,67,77,30,62,59,37,61,42,53,74,53,,101,132,39,98,76
20250905,12,O3_24h,,,,,,,,,,,,,,,,,,,,,,,,,,,,,,,,,,,,,,,,,,,,,,,,,,,,,,,,,,,,,,,,,,,,,,,,,,,,,,,,,,,,,,,,,,,,,,,,,,,,,,,,,,,,,,,,,,,,,,,,,,,,,,,,,,,,,,,,,,,,,,,,,,,,,,,,,,,,,,,,,,,,,,,,,,,,,,,,,,,,,,,,,,,,,,,,,,,,,,,,,,,,,,,,,,,,,,,,,,,,,,,,,,,,,,,,,,,,,,,,,,,,,,,,,,,,,,,,,,,,,,,,,,,,,,,,,,,,,,,,,,,,,,,,,,,,,,,,,,,,,,,,,,,,,,,,,,,,,,,,,,,,,,,,,,,,,,,,,,,,,,,,,,,,,,,,,,,,,,,,,,,,,,,,,,,,,,,
20250905,12,O3_8h,60,82,69,75,69,93,47,99,65,91,71,66,100,71,88,49,80,65,63,60,97,83,49,80,73,96,79,68,90,81,79,80,85,77,63,61,79,91,74,63,53,87,61,60,94,73,78,59,46,80,91,68,82,34,27,33,37,32,38,25,38,37,47,31,52,30,58,32,31,65,76,60,66,39,78,71,82,90,60,36,83,79,85,60,86,89,71,46,68,89,73,51,68,74,72,81,78,47,38,38,42,36,38,39,47,43,47,25,17,65,82,72,32,53,77,61,41,38,80,52,77,34,81,99,105,64,69,81,93,78,74,84,43,59,87,50,40,37,43,42,24,29,47,26,44,46,21,21,50,35,69,58,59,69,61,64,61,96,56,59,,,,,,,,,,,,,,,,,,,,,,,,,,,,,,42,32,64,85,94,79,72,72,51,107,100,26,91,88,93,87,101,93,54,63,96,85,55,30,30,98,81,31,52,89,67,73,58,59,40,80,12,88,99,91,79,74,45,98,78,80,71,56,70,63,76,52,56,45,58,46,52,54,50,52,60,61,52,63,86,86,96,79,56,63,40,48,86,56,41,79,64,74,81,60,58,34,73,40,74,75,42,44,47,34,36,37,35,38,36,40,67,34,44,32,59,51,51,35,32,44,11,23,9,61,12,,19,40,46,56,44,38,50,65,,45,23,49,39,20,17,16,44,51,16,36,17,16,28,66,49,47,77,,80,25,43,73,30,41,80,89,57,35,93,,74,,70,,75,77,79,87,86,91,60,72,90,92,94,51,58,21,42,34,63,42,47,28,31,32,47,21,,95,59,24,70,67
20250905,12,O3_8h_24h,60,82,61,75,69,84,47,94,65,91,67,66,87,64,87,49,80,65,63,60,97,83,49,80,73,96,79,68,90,81,79,80,85,77,63,61,79,91,74,63,53,87,61,60,94,73,78,59,45,80,89,68,82,33,27,33,37,32,38,25,37,37,47,31,51,23,56,32,30,65,62,55,60,38,78,71,77,88,60,36,83,79,85,60,86,89,70,50,75,81,73,51,68,74,70,81,78,47,37,39,42,36,38,39,46,43,47,25,17,50,81,54,31,53,77,61,41,39,80,52,77,34,81,99,105,64,62,79,89,74,72,67,42,59,87,50,40,37,43,41,24,29,47,26,44,31,20,21,50,35,69,58,55,69,58,64,61,86,56,58,,,,,,,,,,,,,,,,,,,,,,,,,,,,,,42,32,64,85,85,70,58,71,51,97,100,26,81,88,,86,98,93,54,63,96,84,55,30,30,98,81,31,52,89,67,69,58,59,39,80,12,88,99,91,79,74,45,98,85,80,71,56,70,63,76,52,56,45,58,46,52,54,50,52,60,61,52,63,81,80,87,77,55,58,40,45,86,52,38,79,64,74,81,60,58,34,72,40,74,75,42,44,47,34,36,37,35,38,36,40,67,34,44,32,59,38,31,19,23,43,11,23,9,44,12,,19,40,46,55,44,38,47,65,,45,23,49,39,20,17,16,44,51,16,34,17,16,28,54,42,47,67,,73,22,43,73,28,41,72,85,57,34,81,,73,,70,,73,68,76,85,81,91,60,72,90,88,92,51,58,21,42,24,46,34,44,28,30,32,39,21,,92,59,24,70,67
20250905,12,CO,0.70,0.63,0.59,0.57,0.30,0.75,0.49,0.70,0.57,0.65,0.45,0.35,0.82,0.66,0.41,0.91,0.42,0.49,0.67,0.66,0.62,0.47,0.57,0.60,0.42,0.84,0.57,0.63,0.80,0.78,0.58,0.62,0.43,0.61,0.40,0.45,0.42,0.60,0.68,0.40,0.45,0.43,0.47,0.43,0.86,0.28,0.42,0.89,0.78,0.34,0.62,0.71,0.51,0.42,0.50,0.37,0.57,0.35,0.40,0.40,0.40,0.38,0.44,0.27,0.61,0.74,0.32,0.39,0.33,0.46,0.50,0.70,0.32,0.30,0.68,0.77,0.61,0.36,0.56,0.65,0.50,0.55,0.55,0.32,0.70,0.72,0.56,0.35,0.47,0.30,0.50,0.40,0.52,0.52,0.38,0.55,0.78,0.61,0.37,0.55,0.63,0.43,0.70,0.43,0.47,0.80,0.60,0.40,0.43,0.50,0.64,1.00,1.03,0.73,0.60,0.66,0.63,0.60,0.58,0.45,0.70,0.32,0.75,0.60,0.63,0.65,0.61,1.04,0.95,0.80,0.70,0.45,0.63,0.63,0.77,0.47,0.40,0.33,0.47,0.51,0.40,0.42,1.02,0.72,0.53,0.63,0.65,0.30,0.47,0.43,0.35,0.50,0.57,0.48,0.45,0.20,0.40,0.40,0.24,0.20,,,,,,,,,,,,,,,,,,,,,,,,,,,,,,0.60,0.80,0.57,0.72,0.27,0.90,0.53,0.70,0.53,0.33,0.67,0.45,0.35,0.33,,0.30,0.35,0.46,0.45,0.47,1.07,0.40,0.60,0.45,0.65,0.40,0.55,0.67,0.62,0.40,0.60,0.62,0.65,0.65,0.35,0.60,0.35,0.70,0.54,0.80,0.95,0.70,0.50,0.58,0.63,0.45,0.47,0.73,0.80,0.40,0.60,1.10,0.67,0.60,0.45,0.77,0.57,0.58,0.45,0.78,0.53,0.44,0.45,0.47,0.68,0.53,0.73,0.58,0.72,0.68,0.63,0.43,0.47,0.85,0.70,0.73,0.72,0.85,0.77,0.60,0.90,0.40,0.84,0.30,0.70,0.43,0.33,0.20,0.48,0.30,0.93,0.43,0.45,0.50,0.43,0.67,0.47,0.50,0.50,0.60,0.57,0.47,0.73,1.17,0.93,0.70,0.53,0.70,0.60,0.67,0.60,,0.30,0.57,0.25,0.57,0.30,0.50,0.45,0.35,,0.45,0.30,0.40,0.40,0.50,0.50,0.45,0.27,0.35,0.55,0.60,0.35,0.50,0.40,0.25,0.20,0.40,0.20,,0.40,0.35,0.50,0.47,0.70,0.40,0.35,0.50,0.20,0.35,0.50,,0.30,,0.65,,0.25,0.90,0.50,0.40,0.40,0.50,0.40,0.40,0.20,0.30,0.17,0.55,0.20,0.45,0.40,0.70,0.15,0.25,0.45,0.60,0.20,0.30,0.40,0.40,,0.35,0.30,0.50,0.63,0.37
20250905,12,CO_24h,0.63,0.68,0.50,0.70,0.40,0.83,0.44,0.64,0.63,0.60,0.47,0.53,0.68,0.57,0.44,1.15,0.48,0.56,0.73,0.62,0.71,0.45,0.64,0.61,0.33,0.76,0.77,0.89,0.90,0.73,0.52,0.54,0.33,0.62,0.46,0.42,0.45,0.57,0.68,0.40,0.50,0.50,0.40,0.43,0.79,0.40,0.38,0.70,0.70,0.32,0.60,0.72,0.49,0.44,0.49,0.37,0.51,0.35,0.38,0.42,0.40,0.46,0.47,0.30,0.67,0.66,0.32,0.36,0.32,0.58,0.43,0.70,0.42,0.34,0.65,0.83,0.61,0.48,0.66,0.80,0.53,0.70,0.53,0.44,0.90,0.72,0.38,0.53,0.45,0.32,0.55,0.56,0.53,0.54,0.40,0.50,0.75,0.54,0.37,0.50,0.53,0.40,0.70,0.43,0.55,0.50,0.58,0.45,0.50,0.40,0.64,1.03,0.93,0.83,0.72,1.04,0.93,0.95,0.78,0.53,0.66,0.38,0.80,0.72,0.77,0.72,0.57,0.98,0.78,0.70,0.60,0.50,0.50,0.63,0.80,0.63,0.40,0.40,0.47,0.50,0.37,0.66,0.92,0.76,0.53,0.63,0.90,0.45,0.38,0.45,0.50,0.70,0.73,0.62,0.55,0.40,0.70,0.50,0.26,0.27,,,,,,,,,,,,,,,,,,,,,,,,,,,,,,0.47,0.90,0.57,0.96,0.40,0.53,0.74,0.73,1.07,0.43,0.67,0.25,0.40,0.57,0.60,0.30,0.35,0.66,0.78,0.72,0.82,0.45,0.55,0.50,0.60,0.45,0.55,0.63,0.67,0.53,0.60,0.60,0.77,0.63,0.45,0.65,0.35,0.53,0.44,0.67,0.72,0.78,0.50,0.47,0.52,0.35,0.43,0.70,0.82,0.53,0.53,1.03,0.57,0.63,0.60,0.77,0.75,0.75,0.32,0.66,0.53,0.46,0.47,0.57,0.82,0.43,0.70,0.55,0.68,0.63,0.73,0.33,0.53,0.77,0.72,0.70,0.66,0.85,0.57,0.70,0.77,0.43,0.83,0.60,0.70,0.50,0.37,0.25,0.65,0.35,0.83,0.47,0.47,0.50,0.53,0.60,0.60,0.60,0.50,0.60,0.93,0.40,0.63,0.88,0.80,0.68,0.53,0.65,0.75,0.60,0.60,,0.35,0.70,0.33,0.57,0.45,0.55,0.50,0.35,,0.30,0.35,0.40,0.40,0.45,0.50,0.50,0.27,0.35,0.55,0.60,0.40,0.50,0.40,0.20,0.15,0.20,0.30,,0.30,0.40,0.60,0.57,0.60,0.60,0.45,0.50,0.30,0.45,0.60,,0.55,,0.50,,0.25,0.80,0.50,0.40,0.40,0.50,0.40,0.40,0.37,0.35,0.27,0.60,0.20,0.55,0.35,0.55,0.20,0.35,0.40,0.65,0.10,0.30,0.35,0.40,,0.35,0.30,0.45,0.50,0.53
20250905,13,AQI,68,45,39,40,40,45,42,31,59,63,54,35,51,24,39,34,34,34,40,66,74,98,90,33,46,115,78,50,105,88,47,44,48,70,40,38,46,95,64,31,26,49,46,35,48,33,51,46,43,43,27,41,39,37,23,18,33,28,33,37,31,28,27,14,37,30,24,22,23,23,42,32,54,36,34,37,87,58,35,26,36,38,48,40,32,50,56,30,43,34,39,42,37,34,34,39,53,38,14,20,31,18,29,20,36,52,51,24,17,44,27,28,26,27,50,25,36,36,38,30,53,30,45,44,60,45,28,33,31,51,22,32,39,44,40,31,23,35,18,27,17,24,58,23,38,39,24,18,28,23,25,24,79,20,20,65,68,31,27,110,,,,,,,,,,,,,,,,,,,,,,,,,,,,,,36,52,70,23,30,24,37,27,27,27,59,42,34,39,,26,35,38,26,36,57,32,30,25,26,36,46,30,37,38,34,34,34,35,23,38,32,60,48,73,46,42,34,89,44,74,41,39,43,34,37,43,34,43,32,39,36,36,36,36,34,43,32,42,41,39,41,26,46,34,47,44,43,25,48,59,52,40,61,30,41,29,39,26,36,44,24,26,27,25,51,23,25,26,26,39,40,23,25,19,28,23,43,61,68,63,54,59,16,31,17,,19,24,22,21,24,23,18,20,,14,16,29,16,27,18,14,19,30,18,19,29,27,15,25,22,20,26,,25,12,23,86,20,23,58,25,61,58,41,,24,,31,,32,31,32,32,50,31,26,63,39,43,37,57,36,36,40,500,500,500,500,48,20,26,45,33,,36,46,15,59,24
20250905,13,PM2.5,49,30,24,27,14,29,27,18,42,45,38,17,30,14,20,18,15,11,17,22,24,27,21,6,23,27,21,22,21,24,20,18,21,29,11,19,21,37,24,13,3,21,20,11,26,10,25,21,29,8,14,19,17,13,13,5,10,8,15,13,12,7,13,3,25,19,13,8,8,8,20,12,21,12,19,23,44,20,12,6,11,9,23,9,17,35,40,18,20,8,9,19,23,5,3,18,27,14,4,8,22,6,12,6,14,20,24,9,8,31,7,13,11,19,26,12,13,11,11,15,29,8,20,22,22,24,16,23,22,33,11,15,27,23,16,21,14,13,4,12,3,5,41,12,26,25,10,8,15,6,11,9,43,11,9,27,23,13,8,42,,,,,,,,,,,,,,,,,,,,,,,,,,,,,,14,29,37,9,8,17,26,19,16,9,42,13,9,24,,9,11,9,6,15,34,15,10,5,15,15,32,14,12,12,14,10,16,14,10,16,6,25,24,25,30,18,8,26,17,27,19,24,24,18,9,23,19,21,16,27,21,17,18,10,16,22,8,17,29,20,27,11,29,11,22,31,16,7,27,22,32,12,34,13,26,12,23,15,6,19,15,16,14,13,35,10,13,12,13,20,20,11,12,9,3,6,30,44,49,45,29,42,11,22,6,,3,16,10,15,5,16,10,12,,3,11,20,5,7,8,5,10,21,8,12,14,19,6,5,3,3,3,,3,3,3,40,8,7,32,11,18,20,16,,16,,8,,15,11,19,11,16,6,3,19,18,18,18,23,8,14,17,273,479,480,472,19,7,6,16,15,,18,19,5,42,8
20250905,13,PM2.5_24h,36,35,21,34,21,25,30,22,35,41,35,30,18,19,15,27,21,19,21,15,24,19,20,4,23,26,24,29,33,28,13,12,13,28,11,17,29,28,21,13,6,24,21,16,27,23,16,22,34,8,10,22,22,11,5,4,11,6,10,11,7,11,14,6,36,36,15,9,7,14,26,16,28,12,19,25,22,24,21,22,20,32,25,13,41,32,26,26,23,10,15,26,27,6,4,13,27,9,5,8,13,5,17,5,21,17,18,9,6,23,19,17,14,29,27,26,21,16,29,20,25,17,23,34,34,30,12,23,14,14,9,5,14,26,22,34,15,15,6,16,4,19,40,15,36,23,25,26,17,11,15,6,26,22,13,20,23,31,10,38,,,,,,,,,,,,,,,,,,,,,,,,,,,,,,16,30,23,3,14,20,7,24,12,45,40,16,62,23,,17,22,26,22,20,37,20,14,14,17,23,26,10,18,18,21,19,23,11,14,23,10,20,17,15,35,25,13,28,22,22,15,24,22,28,24,17,14,15,18,25,21,19,19,17,13,20,13,21,18,13,21,10,28,7,38,23,23,15,27,21,34,18,24,17,19,14,24,25,14,21,20,18,27,17,33,10,12,14,15,20,19,12,14,12,7,9,24,43,61,43,26,35,16,19,10,,5,14,14,15,10,24,15,13,,8,15,30,7,13,18,11,18,12,11,14,14,15,9,5,4,2,9,,2,4,6,35,9,8,24,20,19,24,32,,25,,13,,13,19,20,14,9,13,3,21,32,39,25,67,12,16,19,287,288,357,279,19,8,5,14,14,,21,17,7,35,15
20250905,13,PM10,67,45,39,40,32,45,42,22,55,65,58,35,51,24,39,32,24,27,40,31,42,47,33,14,36,46,36,36,40,35,35,27,36,42,24,30,30,48,38,21,14,35,28,24,42,19,41,36,43,15,21,36,39,26,19,9,22,21,31,23,22,13,24,10,37,30,24,18,14,17,42,29,57,36,32,23,123,66,28,17,24,20,41,19,24,43,53,27,31,15,26,42,37,9,10,37,39,38,14,17,30,18,17,11,23,53,51,24,16,40,12,28,26,23,50,23,36,36,32,24,55,30,45,36,48,35,28,33,26,51,18,32,37,40,26,30,18,35,14,24,16,9,60,22,38,39,19,14,28,14,20,17,108,20,11,80,85,31,27,170,,,,,,,,,,,,,,,,,,,,,,,,,,,,,,30,54,50,18,14,23,,20,,27,57,42,34,39,,8,35,23,22,29,63,26,22,14,22,36,38,29,31,25,19,16,30,25,23,36,32,40,38,47,46,31,31,41,42,43,35,35,35,25,32,40,27,35,27,30,34,29,31,21,33,41,23,36,35,39,41,25,46,34,47,34,35,25,48,48,54,33,48,23,40,24,39,24,12,26,20,23,27,18,52,23,24,18,22,39,27,22,22,12,10,6,29,62,84,61,58,55,15,25,,,10,24,19,19,12,21,11,13,,7,12,24,12,27,18,14,14,24,12,19,29,26,12,6,9,6,12,,7,8,6,121,,17,66,20,71,66,41,,24,,31,,32,16,31,25,50,21,6,75,39,43,37,63,36,36,40,890,1280,1242,1886,48,7,26,45,33,,36,29,15,62,14
20250905,13,PM10_24h,53,51,42,55,45,35,59,35,54,65,52,64,37,35,31,52,29,43,47,27,42,32,29,14,36,43,42,48,43,34,23,18,24,40,25,29,42,39,31,26,15,39,33,26,43,33,23,38,55,16,15,40,38,23,13,9,19,11,19,25,14,22,21,15,49,55,28,18,13,27,69,32,93,38,31,39,48,59,36,42,29,36,36,26,61,53,39,43,43,14,29,52,47,11,10,25,41,19,14,18,20,10,25,11,40,36,35,26,19,31,35,25,32,44,40,45,43,41,43,34,49,33,46,47,52,41,16,30,17,21,13,11,24,42,34,46,21,28,12,28,13,30,57,33,53,36,36,35,25,20,38,15,63,39,23,65,80,138,29,145,,,,,,,,,,,,,,,,,,,,,,,,,,,,,,30,48,36,12,31,28,10,33,23,158,56,34,194,36,,25,76,48,47,36,49,34,34,26,40,37,33,26,43,53,38,35,46,30,29,48,30,35,32,33,55,36,33,34,42,36,22,34,34,40,35,28,21,28,29,36,33,31,35,26,27,37,28,35,23,27,25,25,38,20,61,33,51,25,45,46,51,37,36,27,32,23,34,38,22,30,30,28,39,23,61,24,26,26,23,37,27,23,25,22,14,28,28,64,98,52,48,52,26,24,13,,16,22,22,20,21,33,25,12,,13,14,40,13,29,16,22,22,20,24,14,28,23,16,7,8,8,12,,4,8,13,70,21,15,81,37,67,52,70,,55,,36,,16,38,24,35,32,23,10,56,124,197,54,168,42,44,43,927,860,970,1148,52,17,25,33,41,,49,28,15,63,31
20250905,13,SO2,3,9,3,4,5,7,3,5,3,5,4,5,2,7,5,7,8,5,9,7,5,5,7,4,6,8,5,8,4,11,8,7,6,7,6,4,6,7,6,6,2,3,5,4,7,5,3,7,8,6,5,5,6,6,7,5,5,6,5,5,8,5,4,5,8,3,6,4,7,2,10,10,6,6,5,8,13,6,7,6,7,5,3,8,9,8,3,9,8,6,3,4,5,6,5,7,9,7,4,6,7,4,5,3,10,9,6,5,3,4,5,6,5,8,9,7,7,6,6,5,7,6,8,6,7,6,6,6,3,5,4,5,5,4,7,5,6,5,4,6,3,8,6,10,5,8,3,4,5,3,3,3,4,7,4,23,30,7,6,5,,,,,,,,,,,,,,,,,,,,,,,,,,,,,,5,6,6,2,5,5,4,5,2,7,6,6,8,10,,4,8,6,4,6,6,6,11,11,5,7,5,6,9,12,6,6,7,10,5,7,4,7,6,10,10,5,4,8,4,6,4,4,11,5,6,6,4,4,5,10,10,8,8,6,9,8,4,7,4,5,3,2,4,8,4,4,6,8,7,8,3,10,8,4,5,5,8,9,5,5,3,5,8,6,11,4,3,4,2,11,10,6,7,6,4,6,4,8,11,6,6,8,6,6,8,,6,10,3,6,6,6,5,3,,4,9,8,10,6,7,6,6,5,6,5,10,6,6,3,4,8,1,,6,5,6,3,6,4,14,10,9,6,9,,5,,6,,4,12,7,9,7,17,4,6,3,7,8,7,4,10,6,4,5,4,3,5,4,3,11,7,,12,8,7,5,4
20250905,13,SO2_24h,3,8,2,5,7,7,3,6,4,6,6,7,3,8,6,9,8,5,9,6,5,6,5,4,6,8,7,9,5,10,8,7,6,7,6,4,7,7,6,6,3,3,4,4,7,5,3,6,9,6,5,5,6,6,7,5,5,6,5,6,8,7,6,5,9,4,6,5,7,2,8,10,7,6,5,10,6,6,8,7,7,5,3,9,11,10,5,8,9,5,4,5,5,6,4,6,10,6,4,6,7,4,6,3,12,8,9,6,5,5,6,7,5,23,13,8,7,5,9,7,6,6,8,7,8,7,6,6,4,5,4,5,5,5,7,6,6,6,4,6,3,9,6,12,5,8,4,4,6,4,3,3,4,7,4,5,23,9,7,5,,,,,,,,,,,,,,,,,,,,,,,,,,,,,,5,6,7,2,4,5,4,6,3,10,6,6,9,11,,4,8,12,5,11,5,6,10,11,6,6,3,6,9,12,9,6,7,10,6,9,5,7,6,9,10,6,4,7,5,5,4,6,7,8,6,5,4,9,5,7,15,10,10,6,12,8,4,14,5,5,3,2,4,8,4,3,6,7,7,9,2,10,6,4,5,6,9,8,5,9,3,6,10,6,11,4,4,4,5,10,13,7,14,7,5,7,4,6,13,6,5,7,7,6,8,,5,10,4,6,5,10,4,3,,4,8,7,10,7,7,7,7,4,6,5,14,5,6,3,3,8,2,,6,5,6,4,5,4,20,9,8,6,9,,5,,7,,5,12,8,9,9,16,4,8,4,5,8,7,4,8,6,4,8,4,2,5,4,3,9,6,,11,6,8,7,4
20250905,13,NO2,17,14,13,15,6,12,11,11,12,17,13,8,19,16,10,5,8,5,9,12,9,13,15,4,5,12,9,11,12,9,7,6,5,10,7,10,6,11,8,6,7,8,6,5,8,4,12,8,30,7,17,9,4,11,9,8,9,8,7,13,8,6,4,5,10,7,8,6,10,8,14,7,9,20,4,5,13,6,4,7,8,4,10,7,11,22,14,14,6,6,9,7,13,5,8,16,11,8,4,7,6,5,6,3,9,11,7,4,5,11,8,13,15,21,11,5,9,6,5,4,8,8,8,7,8,12,13,11,11,15,9,10,9,8,8,3,2,5,3,6,6,6,10,7,8,16,6,5,6,4,9,9,13,19,14,13,11,6,7,3,,,,,,,,,,,,,,,,,,,,,,,,,,,,,,9,7,10,15,6,19,7,13,11,3,13,31,3,9,,5,4,7,5,9,8,7,3,6,4,6,5,12,8,6,5,5,6,9,6,4,10,5,5,8,8,5,3,3,7,6,3,7,5,3,7,7,3,5,4,6,2,2,5,5,2,4,3,6,9,9,16,10,9,8,8,8,2,8,13,9,11,6,10,4,6,4,4,9,5,7,2,3,7,4,3,7,5,5,2,9,6,6,3,3,9,4,11,20,32,12,22,18,5,10,5,,5,3,5,3,4,5,5,5,,3,3,4,8,5,5,4,4,4,3,5,6,7,4,3,4,2,5,,3,3,7,10,4,5,7,14,11,4,10,,8,,18,,6,2,1,1,2,1,3,2,4,5,5,5,7,14,6,12,9,14,16,12,3,10,10,6,,6,7,3,24,8
20250905,13,NO2_24h,16,19,15,19,18,12,26,11,16,17,19,25,11,17,15,32,14,26,24,23,18,22,22,9,16,15,28,24,23,10,12,10,9,23,12,14,17,19,20,10,16,19,18,13,20,10,18,23,31,11,12,17,10,20,14,8,16,10,9,26,11,13,9,6,17,23,9,11,17,9,12,11,13,25,9,12,13,10,17,17,20,18,15,19,25,20,15,24,14,9,14,18,21,10,10,15,17,8,7,9,10,7,11,6,21,12,15,14,12,15,14,10,13,31,15,15,23,18,18,16,9,19,11,16,18,28,11,13,10,11,9,9,10,13,12,10,5,10,6,13,7,14,15,18,12,16,17,8,7,7,10,10,15,12,10,12,21,11,13,13,,,,,,,,,,,,,,,,,,,,,,,,,,,,,,9,8,16,12,8,11,7,15,21,6,14,17,7,12,,7,4,13,19,18,9,19,18,15,13,10,7,14,23,14,13,9,21,23,12,12,8,13,9,9,21,12,5,11,12,9,10,11,12,12,11,12,5,15,9,9,12,11,13,10,5,8,7,15,9,9,11,9,9,8,15,10,12,10,13,17,10,13,11,9,11,8,9,15,10,11,6,10,13,8,27,12,15,11,8,15,11,13,10,11,18,8,12,21,27,12,26,14,13,11,7,,15,9,6,3,7,8,6,5,,4,5,12,9,7,8,9,5,6,5,8,9,12,6,4,5,7,11,,4,3,8,10,6,11,7,13,17,12,12,,5,,6,,6,6,4,3,3,3,10,4,6,5,7,16,16,31,12,9,13,23,23,27,4,17,17,18,,7,17,5,20,9
20250905,13,O3,75,110,80,111,129,101,95,99,117,112,106,91,81,63,83,109,109,108,126,173,179,198,192,107,148,230,182,159,209,190,150,141,152,176,127,123,147,196,171,99,83,156,148,113,153,106,161,148,72,139,86,130,119,117,74,56,107,91,107,118,98,89,85,44,118,73,61,71,75,75,82,102,90,72,109,117,83,86,113,83,116,121,154,127,102,70,90,96,139,109,126,96,86,108,108,124,162,94,45,65,100,52,94,64,115,120,145,54,53,79,87,49,49,74,110,79,113,90,123,96,102,96,122,140,168,145,62,104,79,89,69,57,114,141,129,100,75,79,56,86,55,78,85,75,99,54,77,59,75,74,81,78,67,65,65,91,110,91,80,79,,,,,,,,,,,,,,,,,,,,,,,,,,,,,,114,72,176,72,96,61,57,84,85,78,126,23,93,92,,84,94,120,82,115,124,102,95,80,84,108,111,96,119,120,109,108,109,112,66,122,37,168,154,178,128,133,108,191,142,179,130,125,139,109,119,136,108,136,103,124,115,114,114,114,109,137,103,134,106,111,75,84,63,62,104,66,139,78,49,167,153,129,169,95,130,93,123,83,116,140,78,84,81,79,139,65,80,82,84,121,128,72,80,62,89,74,55,59,36,60,51,67,47,55,55,,62,73,70,66,77,73,56,65,,46,44,79,50,45,40,38,60,56,56,53,71,56,47,80,69,65,84,,80,39,73,69,63,73,100,81,103,97,80,,74,,57,,83,99,103,101,110,98,84,107,93,103,95,83,80,81,84,45,65,66,56,77,64,65,84,77,,108,148,43,93,77
20250905,13,O3_24h,,,,,,,,,,,,,,,,,,,,,,,,,,,,,,,,,,,,,,,,,,,,,,,,,,,,,,,,,,,,,,,,,,,,,,,,,,,,,,,,,,,,,,,,,,,,,,,,,,,,,,,,,,,,,,,,,,,,,,,,,,,,,,,,,,,,,,,,,,,,,,,,,,,,,,,,,,,,,,,,,,,,,,,,,,,,,,,,,,,,,,,,,,,,,,,,,,,,,,,,,,,,,,,,,,,,,,,,,,,,,,,,,,,,,,,,,,,,,,,,,,,,,,,,,,,,,,,,,,,,,,,,,,,,,,,,,,,,,,,,,,,,,,,,,,,,,,,,,,,,,,,,,,,,,,,,,,,,,,,,,,,,,,,,,,,,,,,,,,,,,,,,,,,,,,,,,,,,,,,,,,,,,,,,,,,,,,,
20250905,13,O3_8h,64,88,70,84,83,94,55,101,79,95,74,76,100,71,88,62,86,77,76,80,112,105,73,85,87,120,101,86,114,98,92,93,97,96,75,73,93,112,93,70,58,100,77,70,107,79,93,76,51,91,91,81,90,47,35,36,48,42,50,40,46,45,54,34,61,32,58,38,36,67,76,61,67,43,84,80,82,90,71,46,89,85,97,73,90,89,75,53,77,90,84,60,73,83,75,89,93,55,39,42,52,39,47,43,55,56,64,32,24,65,83,72,33,58,84,66,55,42,89,62,82,45,90,109,117,80,69,83,93,78,74,84,52,73,96,59,47,45,44,48,29,37,54,35,51,46,28,26,54,40,73,60,62,70,61,67,71,96,59,62,,,,,,,,,,,,,,,,,,,,,,,,,,,,,,52,37,83,85,94,79,73,74,57,107,107,26,91,91,,87,101,100,61,73,101,90,68,39,40,100,88,41,65,93,79,76,70,68,46,89,16,103,109,106,89,85,57,117,88,96,84,67,83,75,86,67,65,61,66,59,65,65,62,63,69,75,61,77,87,86,96,79,56,63,50,48,97,56,41,96,78,83,98,68,71,44,75,49,80,90,49,53,56,44,54,42,43,44,44,54,79,42,51,38,70,51,51,35,32,46,16,29,14,61,18,,25,45,49,56,50,44,50,65,,46,26,53,41,23,21,20,47,52,22,38,25,22,32,66,49,49,77,,80,25,51,74,34,45,80,89,67,44,93,,74,,70,,75,77,80,87,86,92,64,76,90,92,94,56,61,29,49,37,63,42,47,34,34,37,48,28,,95,74,27,77,70
20250905,13,O3_8h_24h,64,88,63,84,83,85,55,95,79,95,72,76,83,62,86,62,86,77,76,80,112,105,73,85,87,120,101,86,114,98,92,93,97,96,75,73,93,112,93,70,58,100,77,70,107,79,93,76,50,91,88,81,90,46,35,36,48,42,50,40,46,45,54,34,61,29,56,38,35,67,62,60,63,42,84,80,76,87,71,46,89,85,97,73,90,87,75,59,86,83,84,60,73,83,75,89,93,55,38,44,52,39,47,43,55,56,64,32,24,51,82,52,33,58,84,66,55,50,89,62,82,45,90,109,117,80,62,83,86,74,71,62,52,73,96,59,47,45,44,48,29,37,54,35,51,31,28,26,54,40,73,60,61,68,58,67,71,86,58,61,,,,,,,,,,,,,,,,,,,,,,,,,,,,,,52,37,83,85,86,68,55,74,57,92,107,26,81,91,,86,96,100,61,73,101,89,68,39,40,100,88,41,65,93,79,75,70,64,46,89,16,103,109,106,89,85,57,117,98,96,84,67,83,75,86,67,65,61,66,59,65,65,62,63,69,75,61,77,84,83,83,78,56,57,50,47,97,55,39,96,78,83,98,68,71,44,81,49,80,90,49,53,56,44,54,42,43,44,44,54,79,42,51,38,70,42,31,22,22,46,16,29,14,43,18,,25,45,49,56,50,44,48,65,,46,26,53,41,23,21,20,47,52,22,37,25,22,32,55,45,49,68,,74,24,51,74,34,45,76,83,67,44,78,,73,,68,,73,71,80,86,84,92,64,76,90,89,92,56,61,29,49,26,47,36,45,34,34,37,44,28,,94,74,27,77,70
20250905,13,CO,0.68,0.62,0.54,0.55,0.35,0.78,0.49,0.66,0.60,0.63,0.45,0.35,0.78,0.69,0.39,0.76,0.39,0.44,0.61,0.66,0.62,0.48,0.63,0.60,0.47,0.76,0.55,0.61,0.76,0.77,0.62,0.62,0.45,0.60,0.41,0.38,0.41,0.57,0.68,0.33,0.45,0.45,0.40,0.43,0.82,0.27,0.44,0.87,0.74,0.33,0.64,0.59,0.46,0.43,0.51,0.37,0.55,0.35,0.36,0.38,0.39,0.38,0.43,0.28,0.59,0.45,0.32,0.37,0.27,0.45,0.50,0.50,0.34,0.34,0.62,0.70,0.59,0.34,0.50,0.60,0.43,0.55,0.58,0.37,0.70,0.78,0.50,0.42,0.50,0.30,0.45,0.44,0.50,0.52,0.36,0.63,0.70,0.71,0.35,0.48,0.57,0.43,0.70,0.40,0.47,0.60,0.60,0.35,0.40,0.50,0.66,1.08,0.97,0.75,0.60,0.66,0.72,0.53,0.62,0.45,0.70,0.32,0.70,0.53,0.70,0.60,0.61,0.86,0.96,0.73,0.70,0.40,0.57,0.57,0.77,0.45,0.33,0.33,0.47,0.49,0.35,0.44,0.94,0.66,0.53,0.63,0.65,0.20,0.46,0.40,0.38,0.50,0.50,0.48,0.45,0.20,0.93,0.40,0.33,0.20,,,,,,,,,,,,,,,,,,,,,,,,,,,,,,0.57,0.80,0.53,0.85,0.28,1.03,0.50,0.73,0.47,0.30,0.67,0.50,0.30,0.43,,0.30,0.30,0.48,0.45,0.60,1.05,0.40,0.45,0.35,0.55,0.50,0.60,0.63,0.62,0.43,0.53,0.62,0.63,0.70,0.30,0.60,0.35,0.65,0.52,0.83,0.72,0.60,0.55,0.58,0.54,0.45,0.45,0.73,0.90,0.38,0.53,1.07,0.63,0.63,0.45,0.80,0.55,0.55,0.40,0.66,0.58,0.40,0.40,0.43,0.62,0.52,0.80,0.60,0.70,0.70,0.63,0.40,0.47,0.82,0.70,0.70,0.68,0.80,0.63,0.60,0.83,0.40,0.82,0.30,0.70,0.43,0.30,0.23,0.45,0.30,0.77,0.47,0.45,0.47,0.43,0.63,0.47,0.50,0.50,0.60,0.63,0.27,0.65,0.98,0.87,0.70,0.53,0.70,0.55,0.63,0.60,,0.30,0.53,0.27,0.53,0.30,0.50,0.50,0.30,,0.25,0.25,0.40,0.35,0.50,0.45,0.45,0.30,0.25,0.55,0.60,0.30,0.40,0.40,0.20,0.20,0.35,0.20,,0.30,0.35,0.50,0.43,0.60,0.35,0.35,0.50,0.20,0.35,0.50,,0.40,,0.60,,0.25,0.80,0.40,0.40,0.40,0.50,0.40,0.40,0.20,0.35,0.17,0.55,0.20,0.35,0.35,0.70,0.20,0.20,0.50,0.60,0.10,0.30,0.35,0.30,,0.35,0.60,0.45,0.63,0.40
20250905,13,CO_24h,0.63,0.68,0.48,0.68,0.38,0.83,0.43,0.64,0.63,0.63,0.47,0.53,0.65,0.59,0.44,1.15,0.48,0.56,0.73,0.62,0.70,0.45,0.64,0.60,0.33,0.76,0.77,0.89,0.90,0.73,0.52,0.54,0.33,0.62,0.45,0.42,0.45,0.57,0.68,0.40,0.45,0.50,0.40,0.43,0.78,0.38,0.38,0.71,0.71,0.32,0.61,0.72,0.50,0.44,0.49,0.37,0.51,0.35,0.38,0.42,0.40,0.46,0.47,0.30,0.67,0.66,0.30,0.36,0.32,0.57,0.43,0.70,0.42,0.34,0.65,0.83,0.61,0.46,0.62,0.80,0.53,0.70,0.53,0.44,0.88,0.72,0.38,0.53,0.47,0.32,0.53,0.56,0.55,0.54,0.40,0.50,0.75,0.54,0.37,0.50,0.53,0.40,0.70,0.43,0.55,0.50,0.58,0.45,0.50,0.40,0.64,1.02,0.95,0.82,0.72,1.04,0.93,0.86,0.76,0.52,0.68,0.38,0.80,0.72,0.77,0.72,0.57,0.98,0.82,0.70,0.60,0.50,0.50,0.63,0.80,0.60,0.40,0.40,0.47,0.50,0.40,0.66,0.94,0.76,0.53,0.63,0.90,0.45,0.38,0.45,0.50,0.70,0.70,0.60,0.55,0.40,0.67,0.50,0.26,0.27,,,,,,,,,,,,,,,,,,,,,,,,,,,,,,0.47,0.90,0.57,0.92,0.40,0.53,0.72,0.73,1.03,0.43,0.67,0.25,0.40,0.55,,0.30,0.35,0.66,0.78,0.72,0.82,0.45,0.55,0.50,0.60,0.45,0.55,0.63,0.67,0.53,0.60,0.60,0.77,0.63,0.40,0.65,0.35,0.53,0.44,0.67,0.72,0.78,0.50,0.47,0.52,0.35,0.43,0.67,0.82,0.53,0.53,1.10,0.57,0.63,0.60,0.77,0.75,0.75,0.32,0.66,0.53,0.46,0.47,0.57,0.82,0.45,0.70,0.55,0.66,0.63,0.73,0.33,0.53,0.80,0.74,0.70,0.68,0.85,0.57,0.70,0.77,0.43,0.83,0.60,0.70,0.50,0.37,0.22,0.65,0.35,0.83,0.47,0.47,0.50,0.53,0.60,0.57,0.60,0.55,0.60,0.90,0.40,0.63,0.88,0.80,0.68,0.53,0.65,0.75,0.60,0.60,,0.35,0.70,0.33,0.57,0.45,0.55,0.50,0.35,,0.30,0.35,0.40,0.40,0.45,0.50,0.50,0.27,0.35,0.55,0.60,0.40,0.55,0.40,0.20,0.15,0.20,0.30,,0.30,0.40,0.60,0.57,0.60,0.55,0.40,0.50,0.30,0.45,0.55,,0.55,,0.50,,0.25,0.80,0.50,0.40,0.40,0.50,0.40,0.40,0.37,0.35,0.23,0.60,0.20,0.55,0.35,0.55,0.20,0.35,0.40,0.65,0.10,0.30,0.35,0.40,,0.35,0.30,0.45,0.52,0.53
20250905,14,AQI,40,43,35,43,40,41,36,29,60,43,44,28,51,19,32,35,34,33,48,76,70,93,84,34,47,109,66,61,103,104,49,48,47,65,39,30,48,91,69,28,20,50,44,36,48,30,63,45,30,43,27,42,36,43,24,19,38,23,38,49,32,29,26,13,39,23,25,23,26,24,59,33,54,42,33,36,79,52,37,26,35,39,46,43,30,39,56,32,43,36,39,41,33,33,35,46,61,30,13,20,34,18,33,20,41,43,51,28,19,44,26,22,32,26,42,25,39,28,39,29,54,29,42,46,56,44,25,36,34,42,20,24,46,40,39,29,23,25,17,29,18,24,66,22,41,41,24,19,24,26,25,22,61,21,21,70,67,31,27,147,,,,,,,,,,,,,,,,,,,,,,,,,,,,,,40,38,76,17,31,21,21,27,18,30,56,32,32,46,,26,35,38,26,37,54,32,28,21,25,36,45,36,36,38,42,35,34,35,21,42,22,55,46,79,43,43,37,90,43,79,41,43,40,35,31,44,34,40,28,41,34,38,33,34,33,42,31,43,37,36,50,29,41,31,36,43,39,24,49,46,52,38,46,32,39,24,38,41,39,41,25,26,30,26,55,34,28,27,28,45,42,22,26,19,28,23,34,59,31,52,53,59,19,26,21,,21,23,24,22,25,24,19,20,,15,16,22,18,27,17,21,20,30,15,18,32,22,15,26,23,22,28,,26,13,23,62,28,27,65,27,59,63,46,,24,,30,,45,33,56,32,51,32,28,64,42,39,41,54,30,30,38,500,500,500,500,41,25,21,40,29,,42,39,13,53,24
20250905,14,PM2.5,28,29,23,26,12,29,24,20,43,28,31,18,33,10,17,18,15,12,18,22,24,29,23,8,23,25,22,22,21,28,22,20,20,28,11,14,23,35,26,11,3,20,16,11,27,6,24,19,21,7,19,20,17,15,14,5,12,4,15,18,13,8,11,3,24,7,11,7,7,7,23,14,18,15,16,22,35,15,12,7,10,8,20,11,18,27,40,15,16,10,8,21,23,5,4,31,28,13,4,12,22,7,10,5,15,22,25,11,8,31,8,12,8,18,24,12,14,9,10,16,28,8,18,21,21,21,15,25,24,29,11,9,32,23,14,16,13,10,3,12,3,5,48,10,29,29,4,3,13,8,8,8,29,11,7,26,22,13,9,62,,,,,,,,,,,,,,,,,,,,,,,,,,,,,,15,26,35,5,12,15,15,19,9,7,38,15,12,24,,12,10,8,5,14,34,14,10,9,12,16,28,13,14,12,17,13,15,13,10,19,9,20,22,25,25,19,14,25,16,29,18,24,21,18,4,21,18,16,12,26,15,14,12,12,15,21,9,23,26,16,35,11,27,11,23,30,23,10,26,19,28,11,24,16,24,7,21,8,3,17,16,16,21,13,33,9,12,11,13,21,18,11,14,9,6,5,24,42,6,35,27,42,10,12,3,,5,15,12,14,8,15,8,13,,3,11,15,8,6,12,10,9,21,7,9,13,9,5,3,3,3,6,,3,3,2,28,8,6,36,10,20,21,19,,15,,6,,17,10,24,8,16,3,3,21,15,17,19,37,13,21,22,270,456,487,461,16,3,3,12,10,,23,18,3,36,7
20250905,14,PM2.5_24h,36,35,21,34,21,26,31,22,35,41,35,30,19,19,15,27,21,19,21,15,24,19,20,4,23,26,24,29,33,29,14,12,14,28,11,17,29,28,21,12,6,24,21,15,27,23,16,22,33,8,10,22,22,12,6,4,11,6,10,11,7,11,14,6,35,35,15,9,7,14,26,16,28,12,19,25,23,24,21,22,20,31,24,13,41,32,27,26,23,10,14,26,28,6,4,14,27,9,5,8,13,5,17,5,21,17,19,9,6,24,18,17,14,29,27,26,21,18,28,20,26,17,23,34,34,30,13,24,14,15,9,6,15,26,22,33,15,15,6,16,4,18,41,15,36,23,24,25,17,11,15,6,27,22,13,20,23,31,10,39,,,,,,,,,,,,,,,,,,,,,,,,,,,,,,16,29,23,3,15,20,7,25,12,44,40,16,62,23,33,17,21,25,22,20,37,20,14,14,17,22,26,10,18,18,21,18,23,11,16,23,10,20,17,15,34,25,13,28,22,23,15,24,22,27,24,17,14,15,18,25,22,19,19,16,13,20,13,21,19,13,22,11,28,7,38,23,23,15,27,21,34,17,24,17,19,14,24,25,14,21,20,19,27,17,33,10,12,14,15,20,20,12,14,12,7,9,24,44,60,44,26,36,16,19,10,,6,13,15,15,11,24,15,13,,8,15,30,7,13,18,11,18,13,11,14,14,14,9,5,4,2,9,,2,4,6,36,9,8,24,20,18,23,32,,25,,13,,14,18,20,14,9,13,2,21,32,38,26,64,12,16,20,296,298,367,290,19,8,4,14,15,,21,17,7,35,15
20250905,14,PM10,39,43,35,43,31,40,36,19,62,43,44,28,51,17,32,33,24,27,48,32,37,48,33,15,39,43,36,34,37,39,36,28,35,41,22,24,33,45,40,16,11,34,24,24,39,15,35,32,28,14,26,30,32,28,19,8,24,20,31,29,19,13,16,11,38,17,25,12,10,12,68,29,58,42,33,21,108,54,29,18,25,26,35,20,23,32,50,29,35,15,24,41,27,9,10,46,40,30,9,17,29,14,19,7,24,36,51,28,19,44,12,22,32,26,42,23,39,28,30,25,58,16,42,30,45,30,25,35,33,42,19,24,43,35,21,25,16,14,15,29,11,9,68,21,40,36,12,11,24,15,15,15,71,18,13,90,84,31,21,244,,,,,,,,,,,,,,,,,,,,,,,,,,,,,,26,38,45,13,24,19,18,,18,23,61,32,32,46,,,35,36,21,29,57,29,18,15,18,36,45,36,35,24,42,20,28,28,16,40,22,38,34,49,43,27,37,37,31,44,32,32,29,24,26,37,27,31,16,32,33,28,25,22,28,37,26,35,31,36,50,22,41,31,36,39,39,22,49,45,53,26,33,16,35,22,35,41,9,26,19,21,29,14,60,34,25,17,20,45,28,12,21,14,10,6,30,59,31,54,55,53,13,21,19,,12,23,15,18,15,21,17,13,,6,9,20,13,27,12,21,17,19,6,14,32,22,11,7,7,6,13,,7,6,6,73,28,27,79,17,68,76,46,,20,,30,,45,13,62,18,51,18,6,77,42,39,41,57,29,28,38,863,1295,1157,1798,41,25,18,40,21,,42,24,10,55,14
20250905,14,PM10_24h,53,52,41,54,45,36,59,35,55,65,52,63,38,34,31,52,29,43,47,27,41,33,29,14,37,44,42,47,43,34,23,19,24,41,25,29,42,40,31,26,15,39,32,26,43,33,24,39,54,16,16,40,38,23,13,9,19,11,19,24,14,22,20,15,49,54,27,18,13,27,69,32,93,39,31,39,51,60,36,42,29,36,35,26,60,52,39,43,43,14,29,52,46,12,10,26,42,19,13,18,20,9,25,11,39,36,36,25,19,31,34,25,33,43,41,45,43,42,42,34,49,33,46,47,52,41,16,30,18,22,13,12,25,42,33,46,21,27,12,29,13,30,59,33,53,36,35,34,25,20,38,15,66,39,23,60,81,139,28,152,,,,,,,,,,,,,,,,,,,,,,,,,,,,,,29,47,37,12,30,27,10,33,22,157,57,35,194,36,43,24,76,47,47,36,49,34,35,26,40,36,34,27,44,52,37,34,45,31,30,47,31,36,32,33,56,37,33,35,42,37,21,34,35,40,34,28,21,28,28,37,34,31,35,25,27,37,28,36,24,27,26,25,38,20,60,33,52,24,45,46,51,37,36,26,32,23,34,38,22,30,30,28,39,23,60,24,26,25,24,37,27,22,25,22,14,27,29,65,97,53,49,52,26,24,14,,16,22,22,20,21,33,25,12,,13,14,40,13,29,16,22,22,20,24,14,28,23,16,7,8,8,12,,4,8,13,73,22,16,82,37,60,51,70,,55,,35,,17,37,25,35,34,23,10,58,124,196,56,153,41,44,43,958,891,995,1195,52,18,25,33,41,,49,28,15,64,31
20250905,14,SO2,3,7,2,4,5,7,3,5,3,3,3,5,3,7,6,7,8,5,9,7,5,5,5,4,6,7,5,8,4,10,8,7,5,7,6,4,6,6,5,6,3,3,6,4,7,5,3,6,8,6,5,6,6,5,7,5,5,6,5,5,7,6,4,5,8,3,6,4,6,2,11,10,7,7,5,7,6,6,7,8,7,4,3,9,9,8,4,9,7,6,3,4,2,6,4,7,9,7,4,6,7,4,5,4,9,9,6,4,3,4,5,6,5,8,11,6,8,5,6,5,7,6,7,7,7,6,7,5,4,7,4,6,5,4,7,5,6,5,3,5,3,8,6,8,5,8,4,4,4,4,3,3,4,7,4,53,35,7,6,4,,,,,,,,,,,,,,,,,,,,,,,,,,,,,,6,5,5,2,4,5,3,4,2,8,5,5,9,11,,4,8,6,4,7,5,7,10,10,7,7,5,6,9,12,6,6,7,10,6,7,4,7,6,9,8,4,4,8,4,5,4,3,8,6,6,5,4,4,4,10,8,8,7,6,9,8,4,8,5,4,3,2,4,8,3,3,6,8,7,9,2,9,7,4,5,5,6,4,5,5,3,4,8,6,10,4,3,5,3,9,10,7,8,6,4,6,4,7,9,7,6,8,6,5,8,,6,15,2,6,6,7,4,3,,4,9,5,10,7,8,7,6,4,6,5,8,6,6,3,3,8,2,,6,5,6,5,6,4,14,9,8,6,9,,5,,6,,5,10,7,9,6,16,4,6,3,8,8,6,8,10,7,4,5,5,2,5,4,3,12,5,,11,9,6,5,4
20250905,14,SO2_24h,3,8,2,5,7,7,4,6,3,6,6,7,3,8,6,9,8,5,9,6,5,6,5,4,6,8,7,9,5,10,8,7,6,7,6,4,7,7,6,6,3,3,4,4,7,5,3,6,9,5,5,5,6,6,7,5,5,6,5,6,8,7,6,5,9,4,6,5,7,2,8,10,7,6,5,10,6,6,8,7,7,5,3,9,11,9,5,9,9,5,4,5,4,6,4,6,10,6,4,6,7,4,6,3,12,8,9,6,5,5,6,7,5,22,12,8,7,6,9,7,6,6,8,7,8,7,6,6,4,5,4,5,5,5,7,6,6,6,4,6,3,9,6,12,5,8,4,4,6,4,3,3,4,7,4,7,22,9,7,4,,,,,,,,,,,,,,,,,,,,,,,,,,,,,,5,6,7,2,4,5,3,5,3,9,6,6,9,11,6,4,8,12,5,11,5,6,10,11,6,6,4,6,9,12,9,6,7,10,8,8,5,7,6,9,9,6,4,7,5,5,4,6,6,7,6,5,4,9,5,7,15,9,10,6,12,8,4,15,5,5,3,2,4,8,4,3,6,7,7,9,2,10,6,4,5,6,9,8,5,9,3,5,10,6,11,4,4,4,5,10,13,7,14,7,5,7,4,6,12,6,5,7,7,6,8,,5,10,4,6,5,10,4,3,,4,8,7,10,7,7,7,7,5,6,5,14,5,6,3,3,8,2,,6,5,6,4,5,4,14,9,7,6,9,,5,,6,,5,12,8,9,9,16,4,8,4,5,8,7,4,8,6,4,8,4,2,5,4,3,9,6,,11,6,8,7,4
20250905,14,NO2,10,12,7,17,6,12,11,12,14,11,11,8,20,18,7,6,8,7,10,12,9,12,12,5,5,9,9,10,11,10,7,7,5,9,6,9,7,9,8,6,10,7,4,5,7,4,13,6,24,6,18,9,3,10,9,7,9,6,7,12,7,6,4,3,10,8,7,6,7,8,9,7,8,19,3,5,7,5,4,7,9,4,9,7,11,19,14,12,6,7,9,7,15,5,7,17,11,7,4,7,5,5,6,3,9,12,7,4,4,9,8,12,9,25,14,6,10,5,5,6,10,7,9,8,8,10,13,9,12,14,9,10,8,7,7,2,2,3,3,5,3,6,10,5,11,15,6,5,5,4,10,11,10,16,14,10,13,6,6,2,,,,,,,,,,,,,,,,,,,,,,,,,,,,,,9,6,12,24,5,18,7,11,27,2,12,9,3,7,,4,3,6,6,9,8,10,5,4,3,8,5,10,7,6,6,6,5,8,4,5,5,4,4,6,6,5,3,4,5,6,3,6,4,3,6,6,2,4,4,5,4,2,4,5,2,4,2,6,8,7,17,9,8,6,6,8,3,8,11,8,8,4,9,6,6,3,4,11,5,6,2,3,6,4,2,7,5,4,3,9,5,5,3,3,6,3,9,15,15,8,25,16,4,5,5,,4,5,5,2,4,5,5,5,,2,3,3,8,4,6,4,3,5,2,4,6,7,5,4,2,2,6,,3,4,7,10,6,5,7,12,9,3,5,,5,,13,,3,2,1,2,1,1,2,1,4,5,5,4,8,10,6,11,7,15,13,9,1,10,7,3,,6,7,2,20,9
20250905,14,NO2_24h,16,19,15,19,18,12,26,11,16,17,19,25,12,17,15,32,14,26,24,22,18,22,22,9,15,16,28,24,23,10,12,10,9,23,12,14,17,19,20,10,16,19,18,13,20,10,18,23,32,11,13,17,10,20,14,8,16,10,9,26,11,13,9,6,17,23,9,11,17,9,12,11,12,26,9,12,13,10,17,17,20,17,14,19,26,20,15,24,14,9,14,18,21,10,10,15,17,8,7,9,10,7,11,6,21,12,15,14,12,14,14,10,13,31,16,15,23,20,18,16,9,19,11,16,18,28,12,13,10,11,9,9,10,13,12,10,5,10,6,13,7,14,15,18,12,17,17,8,7,7,10,10,15,12,10,12,21,11,13,13,,,,,,,,,,,,,,,,,,,,,,,,,,,,,,9,8,16,12,8,12,6,15,22,6,14,17,7,12,11,7,4,13,19,17,9,19,18,15,13,10,7,14,23,14,13,9,21,23,13,12,8,13,9,9,21,12,5,11,12,9,10,11,12,12,11,12,5,15,9,9,12,11,13,10,5,8,7,15,9,8,11,9,9,8,15,9,12,10,13,16,10,13,11,9,11,8,9,16,10,11,6,10,13,8,27,12,15,11,8,15,11,13,10,11,18,8,12,21,27,11,27,14,13,11,7,,15,9,6,3,7,8,6,5,,4,5,12,9,7,8,9,5,6,5,8,9,12,6,4,5,7,11,,4,3,8,10,6,10,6,13,17,12,12,,6,,7,,6,6,4,3,3,3,10,4,6,5,7,16,16,31,12,10,13,23,23,27,4,17,17,18,,7,17,5,21,9
20250905,14,O3,88,112,93,109,129,108,91,91,100,113,95,87,83,62,88,111,110,105,131,181,176,194,187,108,150,217,173,169,205,208,158,154,150,172,124,96,152,193,175,89,65,159,140,115,152,97,170,143,71,136,81,134,116,136,77,62,123,75,121,158,102,93,83,43,124,75,63,72,84,76,95,104,99,82,106,115,90,84,117,82,113,126,146,136,97,70,106,102,139,116,124,99,81,106,113,127,169,87,43,63,110,57,105,63,132,137,148,61,57,91,84,55,72,61,96,79,112,88,126,94,107,93,117,147,165,141,62,108,82,87,64,59,133,128,125,94,73,79,53,94,57,76,75,69,97,61,77,61,78,84,79,71,72,67,68,98,113,94,86,79,,,,,,,,,,,,,,,,,,,,,,,,,,,,,,127,86,181,53,99,62,60,85,58,95,132,50,98,96,,82,96,120,82,119,126,103,91,66,81,107,106,108,116,123,106,111,109,111,68,134,61,164,147,183,130,137,103,192,138,183,131,137,128,112,99,141,108,128,88,130,108,120,105,109,106,134,100,138,102,109,68,92,81,67,113,81,120,77,46,146,148,123,148,101,124,78,120,88,124,132,80,83,82,82,138,70,90,85,88,123,133,71,84,62,91,74,58,83,62,40,48,64,60,83,66,,68,69,76,70,80,77,60,64,,47,47,71,56,49,39,37,64,61,48,56,78,57,48,83,74,70,90,,82,43,72,73,59,79,105,87,108,106,89,,77,,68,,89,106,109,101,125,103,88,108,95,107,98,88,95,90,90,57,69,64,63,89,76,68,94,94,,111,125,42,90,77
20250905,14,O3_24h,,,,,,,,,,,,,,,,,,,,,,,,,,,,,,,,,,,,,,,,,,,,,,,,,,,,,,,,,,,,,,,,,,,,,,,,,,,,,,,,,,,,,,,,,,,,,,,,,,,,,,,,,,,,,,,,,,,,,,,,,,,,,,,,,,,,,,,,,,,,,,,,,,,,,,,,,,,,,,,,,,,,,,,,,,,,,,,,,,,,,,,,,,,,,,,,,,,,,,,,,,,,,,,,,,,,,,,,,,,,,,,,,,,,,,,,,,,,,,,,,,,,,,,,,,,,,,,,,,,,,,,,,,,,,,,,,,,,,,,,,,,,,,,,,,,,,,,,,,,,,,,,,,,,,,,,,,,,,,,,,,,,,,,,,,,,,,,,,,,,,,,,,,,,,,,,,,,,,,,,,,,,,,,,,,,,,,,
20250905,14,O3_8h,71,96,72,91,97,95,69,103,90,99,77,82,100,71,88,76,93,88,90,102,127,125,96,91,99,140,122,103,132,119,104,109,106,114,87,81,106,130,113,74,62,113,91,82,121,83,110,91,55,102,91,92,98,62,42,41,60,50,64,58,55,55,60,36,72,35,58,45,42,70,76,66,69,49,90,91,82,90,84,54,96,95,109,87,94,89,81,68,87,92,92,69,76,89,81,99,110,61,40,46,62,43,58,47,68,71,80,39,30,65,84,72,38,61,90,70,68,52,99,72,88,56,98,120,131,96,69,85,93,78,74,84,66,86,104,69,53,54,46,57,34,44,60,43,58,46,36,32,59,47,75,61,63,70,61,70,79,96,62,64,,,,,,,,,,,,,,,,,,,,,,,,,,,,,,64,45,103,85,94,79,72,77,58,107,115,30,91,95,37,87,101,106,67,85,106,94,81,46,50,102,95,54,78,100,91,82,81,77,47,99,23,116,118,119,97,96,69,136,93,111,94,79,93,85,93,82,74,77,74,73,77,77,74,73,77,89,70,92,88,88,96,80,59,63,61,52,106,58,42,110,91,93,112,76,83,52,82,59,89,97,57,62,63,50,71,48,51,52,54,68,91,50,58,45,80,51,51,35,33,46,22,34,20,61,26,,32,49,53,57,57,50,50,65,,46,31,56,43,28,25,25,49,53,28,40,34,30,35,66,50,52,77,,80,27,60,74,39,50,82,89,77,54,93,,74,,70,,76,77,84,87,90,94,69,80,90,92,94,60,65,39,55,40,63,42,47,43,41,42,51,38,,96,87,30,83,72
20250905,14,O3_8h_24h,71,96,69,91,97,88,64,94,90,99,77,82,82,62,84,76,93,88,90,102,127,125,96,91,99,140,122,103,132,119,104,109,106,114,87,81,106,130,113,74,62,113,91,82,121,83,110,91,55,102,87,93,98,62,42,41,60,50,64,58,55,55,60,36,72,35,57,45,42,70,65,66,68,48,90,91,76,85,84,54,96,95,109,87,94,83,81,68,97,89,92,69,76,89,81,99,110,61,39,46,62,43,58,47,68,71,80,39,30,55,83,50,40,61,90,70,68,60,99,72,88,56,98,120,131,96,62,85,84,74,69,60,66,86,104,69,53,54,46,57,34,44,60,43,58,34,36,32,59,47,75,61,62,67,60,70,79,85,62,63,,,,,,,,,,,,,,,,,,,,,,,,,,,,,,64,45,103,81,89,65,54,77,58,91,115,30,82,95,,86,95,106,67,85,106,94,81,46,50,102,95,54,78,100,91,82,81,77,47,99,23,116,118,119,97,96,69,136,104,111,94,79,93,85,93,82,74,77,74,73,77,77,74,73,77,89,70,92,86,86,79,79,59,58,61,52,106,58,39,110,91,93,112,76,83,52,89,59,89,97,57,62,63,50,71,48,51,52,54,68,91,50,58,45,80,46,33,30,27,45,22,34,20,47,26,,32,49,53,57,57,50,50,65,,46,31,56,43,28,25,25,49,53,28,40,34,30,35,59,49,52,69,,74,27,60,73,39,50,80,83,77,54,77,,73,,66,,75,75,84,87,90,94,69,80,89,90,92,60,65,39,55,29,48,39,45,43,41,42,51,38,,96,87,30,83,72
20250905,14,CO,0.56,0.63,0.47,0.54,0.33,0.77,0.38,0.64,0.63,0.50,0.35,0.42,0.78,0.77,0.38,0.78,0.37,0.42,0.59,0.64,0.62,0.46,0.61,0.59,0.47,0.68,0.59,0.57,0.74,0.73,0.66,0.62,0.43,0.57,0.40,0.36,0.42,0.55,0.68,0.30,0.45,0.43,0.43,0.43,0.77,0.20,0.40,0.74,0.71,0.33,0.67,0.52,0.40,0.44,0.50,0.37,0.55,0.30,0.34,0.40,0.36,0.36,0.39,0.26,0.58,0.44,0.36,0.36,0.27,0.46,0.53,0.47,0.32,0.32,0.60,0.65,0.44,0.30,0.52,0.63,0.43,0.55,0.60,0.39,0.70,0.72,0.50,0.47,0.48,0.37,0.45,0.48,0.48,0.54,0.34,0.70,0.68,0.73,0.35,0.50,0.57,0.43,0.70,0.43,0.45,0.60,0.70,0.40,0.40,0.40,0.64,0.98,0.63,0.80,0.64,0.66,0.73,0.52,0.64,0.42,0.64,0.30,0.65,0.63,0.57,0.55,0.61,0.80,0.96,0.77,0.70,0.38,0.57,0.50,0.73,0.38,0.33,0.30,0.45,0.44,0.40,0.42,0.94,0.60,0.50,0.63,0.65,0.20,0.47,0.38,0.40,0.50,0.43,0.47,0.45,0.20,1.17,0.38,0.23,0.20,,,,,,,,,,,,,,,,,,,,,,,,,,,,,,0.53,0.80,0.50,0.85,0.25,0.87,0.50,0.73,0.50,0.25,0.63,0.25,0.30,0.43,,0.30,0.25,0.46,0.45,0.65,0.97,0.43,0.45,0.30,0.50,0.50,0.60,0.60,0.57,0.47,0.50,0.62,0.63,0.70,0.30,0.60,0.40,0.60,0.46,0.83,0.57,0.57,0.50,0.60,0.42,0.45,0.45,0.67,0.82,0.38,0.47,1.03,0.53,0.53,0.35,0.80,0.48,0.50,0.38,0.63,0.57,0.38,0.53,0.43,0.60,0.47,0.83,0.60,0.70,0.70,0.63,0.40,0.50,0.82,0.70,0.67,0.64,0.70,0.57,0.60,0.80,0.37,0.74,0.45,0.70,0.43,0.30,0.23,0.50,0.40,0.60,0.43,0.45,0.47,0.40,0.57,0.43,0.50,0.50,0.50,0.50,0.27,0.63,0.88,0.57,0.60,0.48,0.70,0.50,0.47,0.60,,0.30,0.60,0.30,0.57,0.30,0.50,0.45,0.30,,0.20,0.25,0.30,0.35,0.45,0.40,0.45,0.23,0.25,0.45,0.60,0.30,0.40,0.40,0.25,0.20,0.30,0.20,,0.30,0.35,0.50,0.40,0.50,0.30,0.35,0.50,0.20,0.30,0.50,,0.35,,0.55,,0.20,0.70,0.30,0.40,0.40,0.50,0.40,0.30,0.20,0.35,0.20,0.55,0.60,0.35,0.35,0.65,0.25,0.25,0.50,0.55,0.10,0.30,0.40,0.30,,0.30,0.70,0.35,0.60,0.37
20250905,14,CO_24h,0.63,0.67,0.48,0.64,0.38,0.83,0.43,0.66,0.63,0.63,0.47,0.53,0.68,0.60,0.44,1.15,0.48,0.56,0.74,0.63,0.70,0.45,0.64,0.60,0.33,0.76,0.79,0.88,0.90,0.73,0.52,0.54,0.33,0.63,0.44,0.42,0.45,0.57,0.68,0.40,0.45,0.50,0.40,0.43,0.79,0.38,0.38,0.71,0.71,0.32,0.61,0.72,0.48,0.44,0.49,0.37,0.51,0.35,0.38,0.42,0.40,0.46,0.47,0.30,0.67,0.66,0.32,0.36,0.32,0.57,0.40,0.70,0.40,0.36,0.65,0.83,0.61,0.46,0.62,0.75,0.53,0.68,0.53,0.44,0.88,0.72,0.38,0.53,0.47,0.32,0.53,0.56,0.55,0.54,0.40,0.52,0.75,0.56,0.37,0.50,0.53,0.40,0.70,0.43,0.55,0.60,0.60,0.45,0.50,0.40,0.64,1.00,0.95,0.82,0.72,1.04,0.93,0.90,0.76,0.53,0.70,0.38,0.80,0.72,0.77,0.73,0.56,0.98,0.83,0.67,0.62,0.50,0.50,0.63,0.80,0.57,0.40,0.40,0.47,0.50,0.37,0.64,0.94,0.76,0.53,0.63,0.88,0.45,0.38,0.45,0.50,0.60,0.70,0.60,0.55,0.40,0.67,0.50,0.26,0.23,,,,,,,,,,,,,,,,,,,,,,,,,,,,,,0.47,0.90,0.57,0.88,0.40,0.57,0.68,0.73,0.97,0.40,0.67,0.25,0.40,0.53,0.60,0.30,0.35,0.66,0.78,0.72,0.82,0.45,0.55,0.50,0.60,0.50,0.55,0.63,0.67,0.53,0.60,0.60,0.75,0.60,0.45,0.60,0.35,0.53,0.44,0.67,0.70,0.75,0.50,0.47,0.52,0.38,0.43,0.67,0.85,0.53,0.53,1.10,0.60,0.63,0.55,0.77,0.75,0.73,0.35,0.66,0.53,0.46,0.47,0.57,0.78,0.45,0.70,0.55,0.66,0.63,0.70,0.33,0.53,0.80,0.76,0.70,0.68,0.85,0.57,0.70,0.77,0.43,0.83,0.60,0.70,0.50,0.37,0.22,0.65,0.35,0.83,0.47,0.47,0.50,0.53,0.60,0.57,0.60,0.55,0.60,0.87,0.40,0.63,0.93,0.80,0.68,0.53,0.65,0.70,0.60,0.60,,0.35,0.70,0.33,0.57,0.45,0.55,0.50,0.35,,0.30,0.35,0.40,0.40,0.45,0.50,0.50,0.27,0.35,0.55,0.60,0.40,0.55,0.40,0.20,0.15,0.20,0.30,,0.30,0.40,0.60,0.57,0.60,0.55,0.40,0.50,0.30,0.45,0.55,,0.55,,0.50,,0.30,0.80,0.50,0.40,0.40,0.50,0.40,0.40,0.30,0.35,0.23,0.60,0.25,0.55,0.35,0.60,0.20,0.35,0.45,0.70,0.10,0.30,0.35,0.40,,0.35,0.30,0.50,0.52,0.50
20250905,15,AQI,27,47,33,46,37,39,30,26,51,50,38,29,51,21,36,34,33,33,47,76,69,101,91,33,48,102,64,56,108,112,54,58,48,70,33,28,49,85,75,24,18,50,39,38,48,24,46,43,29,43,31,41,36,47,22,20,42,23,41,78,31,32,26,13,40,22,28,22,27,24,74,33,51,49,33,36,69,48,39,27,35,41,42,44,28,33,52,33,44,37,37,41,33,34,35,53,54,24,14,18,38,19,36,19,44,42,45,21,18,47,26,24,23,19,35,25,34,35,39,28,52,28,46,45,44,43,21,39,33,34,23,19,50,37,42,30,23,26,15,30,16,24,70,21,41,40,24,19,26,28,24,25,48,23,23,70,71,30,28,192,,,,,,,,,,,,,,,,,,,,,,,,,,,,,,39,43,102,21,32,21,24,27,25,30,52,24,31,64,33,27,35,39,25,36,59,32,28,19,24,35,43,35,33,38,35,33,34,34,21,43,29,49,45,83,42,41,40,55,42,76,40,41,43,33,23,38,33,39,24,45,32,37,34,29,28,42,33,45,43,35,56,27,44,30,39,42,35,23,40,43,44,40,38,33,38,23,38,44,36,39,27,27,32,26,41,35,29,27,27,41,43,22,28,19,28,23,28,21,23,40,42,41,21,25,20,,23,22,25,23,24,25,18,20,,15,15,26,20,20,20,12,21,22,20,17,28,22,15,25,25,22,27,,24,15,21,55,18,25,61,27,66,62,54,,24,,37,,37,33,59,30,41,33,28,86,47,49,55,78,40,31,39,500,500,500,500,37,26,23,32,30,,46,36,13,37,24
20250905,15,PM2.5,19,32,23,32,14,27,17,14,36,35,19,15,36,9,17,17,12,14,16,21,21,29,22,8,25,23,23,30,22,30,22,22,22,28,10,12,24,32,25,10,3,19,13,11,26,4,18,18,20,8,22,20,17,17,14,4,12,4,17,21,13,9,11,3,24,6,12,7,7,5,28,15,20,16,16,24,28,11,14,6,11,11,18,11,19,23,35,19,18,7,6,21,23,4,5,37,27,9,4,6,22,7,7,4,16,17,24,12,8,33,7,14,9,13,24,12,11,11,11,16,30,10,17,21,18,21,11,27,20,23,16,7,35,21,12,14,12,13,3,13,3,4,51,9,27,28,4,5,17,7,7,12,23,11,12,24,24,11,7,76,,,,,,,,,,,,,,,,,,,,,,,,,,,,,,17,29,36,4,19,14,17,16,11,6,33,17,11,28,3,16,9,8,5,14,36,16,7,10,9,16,29,11,10,13,15,14,14,9,11,18,10,22,20,26,26,17,6,22,14,27,17,23,20,17,3,19,16,15,8,29,16,17,17,12,13,17,8,20,30,19,40,12,31,9,26,29,13,16,25,16,25,11,23,17,22,9,22,12,9,19,17,14,18,13,28,9,14,10,12,20,15,10,13,9,4,6,4,14,3,28,21,29,9,8,7,,6,14,9,15,9,15,5,13,,3,10,18,6,7,14,3,8,13,7,10,9,10,3,3,3,3,10,,3,3,3,24,8,6,37,15,21,19,19,,14,,8,,15,12,27,9,19,8,3,24,15,23,20,57,12,7,27,245,456,527,456,11,3,3,8,8,,23,3,5,23,4
20250905,15,PM2.5_24h,36,35,22,33,21,26,31,22,35,41,34,30,20,19,15,27,21,19,21,15,24,20,19,4,24,26,24,29,33,29,14,13,14,28,11,17,28,28,21,12,6,24,20,15,27,22,16,22,33,9,11,22,22,12,6,4,11,6,10,11,7,11,14,6,35,34,15,9,7,14,27,16,28,13,19,25,23,24,21,21,20,31,24,13,41,32,27,25,23,10,14,27,28,6,4,15,27,9,5,8,14,5,16,5,21,17,19,9,6,24,18,18,14,28,27,26,21,18,27,21,26,17,23,33,34,31,13,25,15,16,9,6,16,26,22,33,15,15,6,16,4,17,42,15,35,23,24,24,17,11,15,7,28,22,13,20,23,31,10,37,,,,,,,,,,,,,,,,,,,,,,,,,,,,,,15,29,24,3,15,20,7,24,12,44,41,17,62,24,32,18,21,24,22,19,37,20,14,14,17,22,26,10,17,18,21,18,23,11,16,23,10,20,18,15,34,25,13,28,22,23,15,24,22,27,23,17,14,15,17,25,22,19,19,16,13,20,13,22,20,14,23,11,28,7,37,23,24,15,27,21,33,17,24,17,19,14,24,25,14,22,20,19,27,17,33,10,12,14,15,20,20,12,14,12,7,9,23,43,59,44,26,36,16,19,10,,6,14,14,15,11,25,14,13,,7,15,31,7,13,18,11,18,13,11,14,14,14,9,5,4,2,9,,2,4,6,37,8,8,24,20,17,23,33,,26,,13,,14,18,20,14,10,14,2,21,32,39,26,64,12,17,19,302,310,377,303,19,8,4,14,15,,22,17,7,35,15
20250905,15,PM10,26,47,33,45,32,35,30,26,42,46,38,24,52,15,36,31,22,28,47,33,34,47,34,16,39,40,34,35,38,41,37,34,36,43,20,24,32,41,37,16,10,34,19,31,36,18,27,30,28,16,29,28,29,28,22,8,19,14,26,35,21,15,15,9,40,13,28,14,8,10,98,31,52,49,29,22,87,48,34,17,24,24,31,22,27,23,54,33,38,18,21,41,30,8,9,54,39,21,9,14,32,14,21,9,26,41,38,19,11,45,10,24,17,19,35,23,34,35,34,26,53,24,46,30,36,25,21,34,33,34,20,17,41,35,23,20,13,17,8,27,10,11,71,20,41,38,12,10,19,13,10,24,48,16,14,90,91,27,19,333,,,,,,,,,,,,,,,,,,,,,,,,,,,,,,25,43,46,14,32,19,23,17,25,14,54,24,28,78,6,23,35,33,25,29,68,29,16,17,17,35,43,24,33,30,35,25,29,25,20,39,29,34,32,48,41,27,40,33,31,42,33,30,28,25,17,29,25,25,14,36,23,24,27,25,28,29,24,34,39,35,58,27,38,30,37,42,35,18,40,43,44,21,28,20,31,17,33,44,16,25,21,20,32,14,34,35,26,17,18,41,27,17,23,,12,6,28,21,21,40,42,21,11,16,13,,16,22,16,18,11,22,16,13,,7,12,21,16,20,16,12,18,22,10,7,28,22,13,10,6,6,18,,6,7,14,59,14,25,72,19,81,74,57,,24,,37,,37,18,67,25,41,20,6,121,47,49,59,56,40,19,34,800,1271,1144,1738,37,26,18,30,14,,46,17,11,37,8
20250905,15,PM10_24h,53,52,41,54,44,36,59,34,55,65,51,62,39,34,30,52,29,42,47,27,41,33,29,14,38,44,42,47,44,35,24,20,25,41,24,28,41,40,31,25,14,39,32,26,43,32,24,39,53,17,17,40,38,24,13,8,19,11,20,24,14,22,20,15,49,53,28,18,13,27,71,31,94,41,31,39,53,60,36,41,29,35,35,27,59,51,40,42,44,14,29,52,46,11,11,28,42,19,13,18,21,10,25,11,39,36,36,25,19,32,34,25,32,42,41,45,44,43,42,34,49,33,46,46,52,41,17,31,19,23,13,12,26,42,33,45,21,27,12,29,13,29,60,33,53,37,35,33,25,20,38,16,67,39,23,53,82,138,28,149,,,,,,,,,,,,,,,,,,,,,,,,,,,,,,29,47,37,12,30,27,10,32,23,156,58,35,194,38,41,24,75,47,47,36,50,34,35,26,40,36,34,26,43,51,38,34,44,31,31,47,31,36,32,34,55,37,33,35,41,37,22,34,35,39,34,28,21,28,27,36,34,30,35,25,27,37,28,35,25,28,27,25,38,20,59,32,52,24,44,47,51,36,35,26,32,23,34,39,21,30,30,28,39,23,59,24,27,25,24,37,28,23,25,22,14,26,29,64,94,53,49,51,26,24,14,,16,22,22,20,20,32,26,12,,13,14,40,13,29,16,21,22,20,23,14,28,23,16,8,8,8,13,,4,8,13,75,21,16,82,37,52,52,71,,57,,35,,18,36,27,35,35,24,10,62,125,196,57,144,41,44,42,975,920,1022,1245,53,19,25,34,41,,49,28,15,63,31
20250905,15,SO2,3,6,2,3,5,7,3,5,3,3,3,4,2,7,6,7,8,5,9,7,5,5,4,5,5,7,5,8,4,10,8,7,5,7,5,4,6,6,5,5,2,3,5,4,7,4,3,6,8,6,5,6,5,6,8,5,5,6,5,5,8,6,4,5,8,3,7,4,6,2,10,9,7,7,3,8,4,5,6,7,7,5,3,8,9,8,4,7,7,6,3,4,2,6,4,7,9,6,4,5,7,5,5,3,8,7,6,5,3,4,6,7,5,7,8,6,7,5,6,5,7,6,8,6,7,5,6,6,4,7,4,7,5,4,6,5,5,5,4,5,3,8,6,8,5,9,4,4,4,3,3,3,4,7,4,11,31,6,6,5,,,,,,,,,,,,,,,,,,,,,,,,,,,,,,5,6,5,2,3,5,4,5,3,8,6,5,9,11,7,4,8,7,4,7,5,5,9,11,7,7,5,7,9,12,8,7,7,9,6,8,5,6,5,9,8,5,4,8,4,5,4,3,6,5,6,3,4,5,4,12,9,8,7,5,9,6,4,6,5,4,3,2,4,8,3,3,6,8,7,11,2,8,5,5,5,5,5,4,4,5,3,5,9,6,10,4,5,5,2,7,10,7,8,7,5,6,4,6,9,6,5,8,6,6,8,,6,15,4,6,6,7,4,3,,4,9,6,11,6,8,6,8,3,6,5,7,6,6,3,3,9,2,,6,5,6,5,6,4,11,11,8,5,9,,5,,7,,4,10,6,9,8,17,4,6,4,6,9,6,7,8,7,4,6,4,1,5,5,3,11,5,,10,7,7,5,4
20250905,15,SO2_24h,3,8,2,5,7,7,4,6,3,6,6,7,3,8,6,9,8,5,9,6,5,6,5,4,6,8,7,9,5,10,8,7,6,7,6,4,7,7,6,6,3,3,4,4,7,5,3,6,9,5,5,5,6,6,7,5,5,6,5,6,8,7,6,5,9,4,6,5,7,2,8,10,6,6,5,10,6,6,8,7,7,5,3,9,11,9,5,9,9,5,4,5,4,6,4,6,10,6,4,6,7,4,6,3,12,8,9,6,5,5,6,7,5,21,12,8,7,6,9,7,6,6,8,7,8,7,6,6,4,6,4,5,5,5,7,6,6,6,4,6,3,9,6,11,5,8,4,4,6,4,3,3,4,7,4,8,22,9,7,4,,,,,,,,,,,,,,,,,,,,,,,,,,,,,,5,6,7,2,4,5,3,5,3,9,6,6,9,11,6,4,8,12,5,11,5,6,10,11,6,6,4,6,9,12,9,6,7,11,7,8,5,7,6,9,9,6,4,7,5,5,4,6,6,7,6,5,4,9,5,7,15,9,10,6,12,8,4,15,5,5,3,2,4,8,4,3,6,8,7,9,2,10,6,4,5,6,9,8,5,9,3,6,10,6,10,4,4,4,5,10,13,7,14,7,5,7,4,6,12,6,5,7,7,6,8,,5,10,3,6,5,10,4,3,,4,8,7,10,7,7,7,7,5,6,5,14,5,6,3,3,8,2,,6,5,6,4,5,4,10,9,7,6,8,,5,,6,,5,12,8,9,9,17,4,8,4,5,8,7,4,8,6,4,8,4,2,5,4,3,10,6,,11,6,8,7,4
20250905,15,NO2,8,12,6,13,7,11,9,11,13,14,9,8,22,17,7,7,8,8,11,11,9,12,12,7,5,8,11,9,14,11,8,7,5,9,5,9,8,9,9,6,8,6,4,5,7,5,9,5,21,6,17,9,3,10,13,7,10,6,7,13,7,6,4,3,11,10,7,5,6,8,7,8,8,12,3,5,7,6,4,7,8,5,8,8,17,19,15,18,7,7,9,7,18,5,9,22,10,6,4,9,6,6,6,3,9,13,8,6,4,8,9,13,8,24,14,7,9,4,7,8,9,7,11,9,7,9,9,12,13,16,10,10,10,8,7,3,2,4,3,5,4,6,10,5,12,73,6,6,6,5,12,10,10,15,13,7,11,6,5,2,,,,,,,,,,,,,,,,,,,,,,,,,,,,,,7,5,13,12,6,17,9,11,30,3,13,11,3,5,7,5,4,7,7,8,11,8,4,5,4,8,5,8,6,7,6,6,7,7,6,7,6,4,6,7,6,5,3,2,5,5,3,5,5,3,6,5,3,5,4,7,5,2,4,5,2,4,2,7,10,7,19,11,8,6,6,8,4,9,11,13,7,4,12,4,6,3,4,11,5,6,2,3,7,4,2,8,5,4,3,8,5,6,3,3,6,4,8,10,8,7,21,13,4,7,7,,5,5,5,2,4,5,5,5,,3,3,3,8,4,8,4,3,6,4,4,6,9,5,2,2,2,6,,2,3,8,9,6,8,7,13,8,3,4,,4,,11,,2,2,1,2,1,2,3,2,4,5,5,3,4,5,5,7,7,13,12,8,2,7,5,3,,6,6,2,12,8
20250905,15,NO2_24h,16,19,15,19,18,12,26,11,16,17,19,25,13,17,15,32,14,26,24,22,18,22,21,9,15,15,28,24,23,10,12,10,9,23,12,14,17,19,20,10,16,20,17,13,19,10,17,23,32,12,13,17,10,20,14,8,16,10,10,26,11,13,9,6,17,23,9,11,17,9,12,11,12,26,9,12,13,10,17,17,20,17,14,19,26,20,15,24,14,9,14,18,21,10,10,16,17,8,7,9,10,7,11,6,21,12,15,14,12,14,14,10,14,32,16,15,23,21,18,17,9,19,11,16,18,28,12,13,10,11,9,9,10,13,12,9,5,10,6,13,7,14,15,18,12,18,17,8,7,7,10,10,15,13,10,12,20,11,14,13,,,,,,,,,,,,,,,,,,,,,,,,,,,,,,9,8,16,12,8,12,7,15,22,5,14,17,7,12,11,7,4,13,18,17,9,20,18,15,13,10,7,14,23,14,13,9,21,23,12,12,8,13,9,9,21,12,6,10,12,9,10,10,11,12,11,12,5,15,9,9,12,11,13,10,5,8,7,15,9,8,11,9,9,7,15,9,12,10,13,17,10,13,11,9,11,8,9,16,10,11,6,10,13,8,27,12,14,11,9,15,11,13,10,11,17,8,12,21,27,11,28,14,12,11,7,,15,9,6,3,7,8,6,5,,4,5,12,10,7,8,9,5,6,5,8,9,12,6,4,5,7,11,,4,3,9,10,6,10,6,12,17,12,11,,6,,7,,6,5,4,3,3,3,10,4,6,5,7,16,16,31,12,10,13,23,23,27,4,17,17,18,,7,17,5,21,9
20250905,15,O3,84,110,92,115,119,112,92,79,92,99,92,93,76,67,90,110,107,105,120,181,175,201,193,107,154,204,171,165,216,223,163,166,152,176,107,90,157,188,180,78,58,160,126,123,152,76,146,136,72,136,77,132,116,149,68,63,134,72,131,182,99,101,84,43,127,71,65,69,87,77,99,104,106,93,107,116,90,86,125,86,113,130,135,142,88,73,104,90,140,118,117,112,78,108,112,124,163,76,44,56,120,60,115,60,142,135,145,68,58,95,82,53,75,52,91,81,103,90,124,88,106,89,113,143,142,139,65,106,83,90,63,60,135,118,134,96,73,83,47,97,52,76,76,67,94,50,77,62,82,89,77,80,69,73,72,105,116,96,89,78,,,,,,,,,,,,,,,,,,,,,,,,,,,,,,124,94,203,68,97,66,59,86,51,96,128,50,100,98,105,86,97,125,81,114,116,102,88,61,78,107,103,111,103,123,103,106,109,109,67,136,64,158,145,186,135,132,90,164,134,181,129,132,136,105,75,123,106,126,78,145,103,117,108,92,85,135,107,143,98,104,69,84,86,76,125,93,105,70,55,129,138,128,122,107,122,73,120,92,114,126,86,85,84,83,132,67,93,85,86,109,139,69,88,61,91,74,62,62,73,52,42,66,68,80,65,,73,68,81,73,78,81,59,63,,48,47,77,63,52,39,39,68,57,63,54,72,59,48,80,81,71,85,,76,48,67,78,58,73,106,86,105,108,96,,77,,81,,88,104,109,97,126,104,88,111,96,105,100,93,93,99,100,74,71,65,72,101,81,74,101,97,,115,116,40,96,78
20250905,15,O3_24h,,,,,,,,,,,,,,,,,,,,,,,,,,,,,,,,,,,,,,,,,,,,,,,,,,,,,,,,,,,,,,,,,,,,,,,,,,,,,,,,,,,,,,,,,,,,,,,,,,,,,,,,,,,,,,,,,,,,,,,,,,,,,,,,,,,,,,,,,,,,,,,,,,,,,,,,,,,,,,,,,,,,,,,,,,,,,,,,,,,,,,,,,,,,,,,,,,,,,,,,,,,,,,,,,,,,,,,,,,,,,,,,,,,,,,,,,,,,,,,,,,,,,,,,,,,,,,,,,,,,,,,,,,,,,,,,,,,,,,,,,,,,,,,,,,,,,,,,,,,,,,,,,,,,,,,,,,,,,,,,,,,,,,,,,,,,,,,,,,,,,,,,,,,,,,,,,,,,,,,,,,,,,,,,,,,,,,,
20250905,15,O3_8h,77,102,76,100,109,96,76,104,99,103,82,86,100,71,88,88,99,98,102,123,143,148,119,97,113,160,143,119,157,142,119,125,119,134,96,90,122,151,134,80,64,127,104,94,135,86,123,106,59,114,91,106,106,79,50,46,75,58,79,80,65,66,66,39,84,42,58,51,50,72,76,74,74,56,97,100,82,90,97,62,104,106,120,102,98,93,86,77,96,95,102,79,78,97,91,109,127,67,41,50,75,47,70,52,83,86,96,46,37,68,85,72,44,63,95,75,80,58,107,81,93,66,105,131,143,110,69,88,93,78,75,84,80,98,113,81,60,63,47,66,39,52,65,51,66,54,45,37,64,55,76,66,63,70,64,76,87,96,66,66,,,,,,,,,,,,,,,,,,,,,,,,,,,,,,76,53,127,85,95,79,72,79,60,107,122,34,91,95,37,87,101,112,73,95,109,100,86,53,59,105,102,67,88,108,97,87,91,84,54,109,30,132,128,135,108,107,79,152,101,128,107,92,107,96,97,95,82,91,80,90,88,89,85,82,83,103,81,108,89,90,96,81,63,63,73,59,113,60,42,123,103,103,123,86,95,59,91,70,97,109,65,70,73,61,86,53,60,60,62,81,103,57,65,51,89,52,51,36,36,47,27,38,28,61,34,,40,55,57,59,66,58,52,65,,47,35,61,47,34,29,30,54,55,35,43,42,37,38,66,53,56,77,,80,30,68,74,44,56,85,89,85,66,93,,74,,70,,77,80,88,89,97,96,75,86,90,94,94,66,70,51,63,44,63,45,47,54,47,48,60,50,,99,101,34,91,74
20250905,15,O3_8h_24h,77,102,74,100,109,93,73,93,99,103,82,86,81,63,82,88,99,98,102,123,143,148,119,97,113,160,143,119,157,142,119,125,119,134,96,90,122,151,134,80,64,127,104,94,135,86,123,106,58,114,84,106,106,79,50,46,75,58,79,80,65,66,66,39,84,42,57,51,50,72,69,74,74,56,97,100,77,83,97,62,104,106,120,102,98,82,86,77,108,94,102,79,78,97,91,109,127,67,41,50,75,47,70,52,83,86,96,46,37,60,84,49,47,63,95,75,80,69,107,81,93,66,105,131,143,110,63,88,82,75,68,58,80,98,113,81,60,63,47,66,39,52,65,51,66,37,45,37,64,55,76,66,62,67,64,76,87,86,66,66,,,,,,,,,,,,,,,,,,,,,,,,,,,,,,76,53,127,79,91,63,53,79,60,91,122,34,84,94,,86,95,112,73,95,109,100,86,53,59,105,102,67,88,108,97,87,91,88,54,109,30,132,128,135,108,107,79,152,114,128,107,92,107,96,97,95,82,91,80,90,88,89,85,82,83,103,81,108,88,90,75,81,63,60,73,59,113,60,41,123,103,103,123,86,95,59,99,70,97,109,65,70,73,61,86,53,60,60,62,81,103,57,65,51,89,50,37,35,34,47,27,38,28,51,34,,40,55,57,59,66,58,52,65,,47,35,61,47,34,29,30,54,55,35,43,42,37,38,63,53,56,71,,75,30,68,72,44,56,85,83,85,66,77,,73,,67,,76,80,88,89,97,96,75,86,90,94,93,66,70,51,63,35,50,45,46,54,47,48,60,50,,99,101,34,91,74
20250905,15,CO,0.51,0.65,0.49,0.64,0.27,0.70,0.28,0.56,0.57,0.55,0.30,0.42,0.82,0.79,0.36,0.76,0.32,0.45,0.58,0.67,0.66,0.46,0.60,0.60,0.48,0.68,0.64,0.56,0.74,0.73,0.68,0.70,0.50,0.58,0.40,0.34,0.41,0.52,0.70,0.30,0.40,0.40,0.40,0.40,0.72,0.17,0.36,0.66,0.68,0.33,0.67,0.47,0.39,0.43,0.51,0.35,0.55,0.32,0.35,0.42,0.34,0.36,0.37,0.26,0.60,0.43,0.32,0.33,0.25,0.46,0.50,0.43,0.34,0.29,0.55,0.67,0.38,0.30,0.52,0.60,0.40,0.55,0.50,0.37,0.72,0.73,0.52,0.52,0.53,0.35,0.45,0.50,0.43,0.52,0.38,0.77,0.63,0.67,0.33,0.60,0.57,0.43,0.65,0.40,0.45,0.50,0.84,0.40,0.40,0.40,0.69,0.92,0.47,0.75,0.62,0.72,0.60,0.50,0.62,0.45,0.62,0.32,0.68,0.60,0.50,0.53,0.47,0.86,0.90,0.63,0.74,0.38,0.60,0.47,0.73,0.35,0.33,0.33,0.40,0.43,0.40,0.40,1.00,0.56,0.53,0.70,0.63,0.20,0.47,0.33,0.38,0.45,0.47,0.45,0.50,0.20,1.00,0.40,0.25,0.20,,,,,,,,,,,,,,,,,,,,,,,,,,,,,,0.53,0.80,0.50,0.94,0.23,0.87,0.50,0.73,0.53,0.25,0.50,0.30,0.35,0.37,0.60,0.30,0.25,0.46,0.45,0.53,1.05,0.38,0.40,0.25,0.55,0.55,0.60,0.60,0.47,0.50,0.60,0.63,0.63,0.40,0.30,0.60,0.40,0.60,0.46,0.70,0.53,0.55,0.55,0.55,0.40,0.45,0.43,0.63,0.70,0.35,0.40,0.63,0.53,0.57,0.30,0.87,0.60,0.50,0.35,0.60,0.55,0.38,0.50,0.40,0.62,0.45,0.77,0.63,0.70,0.68,0.63,0.43,0.50,0.80,0.70,0.80,0.54,0.70,0.53,0.60,0.70,0.37,0.63,0.45,0.60,0.43,0.27,0.23,0.50,0.25,0.57,0.40,0.47,0.40,0.37,0.53,0.43,0.50,0.50,0.50,0.50,0.27,0.50,0.68,0.40,0.50,0.42,0.55,0.45,0.47,0.60,,0.30,0.50,0.27,0.57,0.30,0.50,0.45,0.30,,0.20,0.25,0.40,0.35,0.45,0.40,0.45,0.27,0.25,0.45,0.60,0.30,0.45,0.35,0.20,0.15,0.30,0.20,,0.30,0.35,0.50,0.37,0.40,0.30,0.35,0.45,0.20,0.30,0.50,,0.35,,0.50,,0.20,0.70,0.30,0.50,0.30,0.50,0.40,0.30,0.20,0.25,0.20,0.50,0.20,0.25,0.35,0.55,0.20,0.25,0.55,0.55,0.10,0.30,0.35,0.20,,0.30,0.60,0.35,0.43,0.37
20250905,15,CO_24h,0.61,0.66,0.48,0.63,0.38,0.77,0.43,0.66,0.63,0.63,0.43,0.53,0.68,0.61,0.44,1.14,0.48,0.56,0.74,0.63,0.71,0.45,0.64,0.60,0.35,0.76,0.77,0.86,0.92,0.73,0.54,0.54,0.33,0.63,0.44,0.42,0.45,0.57,0.70,0.40,0.45,0.50,0.40,0.43,0.78,0.38,0.38,0.73,0.71,0.32,0.61,0.72,0.48,0.44,0.50,0.37,0.51,0.35,0.38,0.42,0.40,0.46,0.47,0.30,0.68,0.66,0.32,0.36,0.32,0.57,0.40,0.70,0.38,0.36,0.63,0.83,0.61,0.46,0.64,0.75,0.53,0.68,0.53,0.44,0.88,0.72,0.38,0.53,0.47,0.32,0.55,0.58,0.55,0.54,0.40,0.55,0.75,0.57,0.37,0.50,0.53,0.40,0.70,0.43,0.55,0.60,0.62,0.45,0.50,0.40,0.65,1.00,0.93,0.82,0.72,1.04,0.92,0.92,0.76,0.53,0.68,0.38,0.80,0.72,0.77,0.73,0.56,0.98,0.83,0.70,0.64,0.50,0.50,0.63,0.80,0.57,0.40,0.40,0.47,0.50,0.43,0.64,0.94,0.76,0.53,0.63,0.88,0.40,0.40,0.45,0.50,0.60,0.70,0.60,0.55,0.40,0.70,0.50,0.26,0.23,,,,,,,,,,,,,,,,,,,,,,,,,,,,,,0.47,0.90,0.57,0.88,0.40,0.60,0.66,0.73,0.97,0.38,0.67,0.25,0.40,0.50,0.60,0.30,0.35,0.64,0.75,0.70,0.82,0.45,0.55,0.45,0.60,0.50,0.55,0.60,0.67,0.53,0.60,0.60,0.75,0.57,0.45,0.60,0.35,0.55,0.44,0.67,0.72,0.75,0.50,0.47,0.52,0.38,0.40,0.67,0.85,0.50,0.53,1.07,0.60,0.60,0.55,0.77,0.75,0.73,0.35,0.66,0.53,0.46,0.47,0.53,0.78,0.45,0.70,0.58,0.66,0.63,0.70,0.33,0.53,0.80,0.76,0.70,0.68,0.85,0.57,0.70,0.77,0.43,0.83,0.60,0.70,0.50,0.37,0.22,0.65,0.35,0.83,0.47,0.47,0.50,0.50,0.60,0.57,0.60,0.55,0.60,0.83,0.40,0.63,0.93,0.80,0.68,0.53,0.65,0.70,0.60,0.60,,0.35,0.70,0.33,0.57,0.40,0.55,0.50,0.35,,0.30,0.35,0.40,0.40,0.45,0.55,0.50,0.27,0.35,0.55,0.60,0.40,0.55,0.40,0.20,0.15,0.20,0.30,,0.30,0.40,0.60,0.57,0.60,0.55,0.40,0.50,0.30,0.45,0.55,,0.50,,0.50,,0.20,0.80,0.50,0.40,0.40,0.50,0.40,0.40,0.27,0.35,0.23,0.60,0.25,0.55,0.35,0.60,0.20,0.35,0.45,0.70,0.10,0.30,0.35,0.40,,0.35,0.40,0.50,0.52,0.50
20250905,16,AQI,24,49,32,43,36,47,33,23,50,44,35,29,53,22,42,33,32,32,39,64,73,95,102,34,44,104,50,61,114,108,56,47,50,78,28,24,50,83,83,21,21,46,39,38,47,21,42,39,28,41,31,41,37,54,19,19,39,27,38,100,30,33,26,13,43,22,27,22,27,24,82,31,49,45,31,35,58,48,40,25,37,38,35,46,27,33,51,34,45,37,36,45,30,34,34,52,56,23,14,16,39,19,40,18,47,40,47,39,18,56,26,23,24,21,32,26,34,26,37,29,53,26,43,41,43,43,30,46,28,36,22,20,55,39,42,32,20,27,15,31,15,23,59,23,39,38,23,19,26,29,24,40,41,23,23,69,69,32,29,304,,,,,,,,,,,,,,,,,,,,,,,,,,,,,,41,54,86,22,45,20,29,25,33,30,55,26,31,59,34,28,33,38,33,33,57,31,27,20,24,33,43,35,29,39,33,32,35,33,27,40,31,48,44,75,47,40,43,50,40,60,40,39,44,34,19,35,34,36,21,41,32,36,34,38,29,37,34,45,43,37,46,28,39,30,44,52,37,26,34,45,39,42,42,33,39,24,34,31,31,37,28,26,31,27,40,35,28,28,27,35,44,21,29,21,28,24,23,22,25,30,41,26,22,26,20,,21,22,26,23,24,26,19,20,,15,15,29,21,21,27,13,22,22,24,17,22,23,16,26,27,23,22,,23,16,22,46,18,24,69,33,72,66,52,,27,,68,,27,33,54,30,53,32,28,82,51,56,63,74,38,33,37,500,500,500,500,35,27,24,33,30,,50,37,19,33,24
20250905,16,PM2.5,17,34,20,30,15,33,18,5,35,31,24,20,37,10,17,17,13,14,15,22,22,29,23,8,22,24,22,22,23,30,24,21,24,31,9,10,24,32,24,10,3,19,12,11,24,3,16,15,19,9,16,16,19,17,12,6,12,4,17,24,13,10,11,3,25,4,12,6,5,5,29,15,19,11,17,24,19,13,15,6,12,14,12,17,8,23,36,23,21,11,6,17,21,4,4,32,27,8,4,5,24,7,10,4,17,13,22,11,5,40,10,10,3,8,21,13,10,12,11,18,24,12,17,19,18,16,13,30,18,23,13,6,39,21,12,12,12,14,6,11,3,6,42,9,24,13,4,7,16,5,6,17,22,12,8,22,20,10,7,94,,,,,,,,,,,,,,,,,,,,,,,,,,,,,,21,27,29,3,17,14,17,13,22,7,27,16,11,28,15,15,9,9,7,14,36,14,8,7,9,18,29,13,11,11,13,15,15,7,11,17,11,19,20,27,29,16,14,23,14,28,21,23,19,18,3,17,17,12,7,28,16,13,11,12,13,16,9,16,30,20,27,12,27,8,28,32,16,15,23,20,22,15,21,15,21,9,21,12,11,17,18,16,14,12,22,10,14,8,13,20,13,10,13,8,6,6,3,3,3,21,20,18,7,6,7,,5,14,11,14,5,14,6,13,,3,8,20,7,5,19,3,10,15,11,10,8,11,5,3,3,3,10,,3,3,3,18,6,7,44,15,23,19,19,,16,,17,,10,14,27,8,21,18,3,21,15,20,21,54,14,3,26,247,435,522,401,11,3,3,15,10,,21,15,7,21,3
20250905,16,PM2.5_24h,36,35,22,33,20,27,31,22,36,42,34,30,22,19,15,27,21,19,20,15,24,20,19,5,24,26,24,28,33,29,14,13,15,28,11,17,28,29,20,12,6,24,20,15,28,21,16,22,33,9,12,22,22,12,6,4,11,6,10,11,7,11,14,6,35,33,15,9,7,13,27,18,28,13,20,26,23,24,21,21,21,31,23,13,40,30,27,25,24,9,14,26,28,6,4,17,28,9,5,8,15,6,16,5,21,17,20,9,6,24,18,18,15,27,28,26,21,16,27,21,26,17,22,33,33,30,13,25,15,16,9,6,17,26,22,32,15,16,6,16,4,17,43,15,35,23,23,23,18,11,15,7,28,22,13,20,23,31,10,36,,,,,,,,,,,,,,,,,,,,,,,,,,,,,,15,29,24,3,15,19,9,24,12,44,40,17,62,24,32,18,21,24,22,19,38,20,14,13,17,22,26,10,17,18,20,18,22,11,16,22,10,20,18,16,35,25,14,28,21,23,15,24,23,27,22,18,14,16,17,26,22,19,19,16,13,20,13,22,20,14,24,11,27,6,37,22,24,14,26,21,33,17,24,17,18,14,24,25,13,22,20,19,27,17,32,10,12,14,16,21,20,12,14,12,7,9,23,42,57,43,27,36,16,19,10,,6,14,14,15,10,25,15,13,,8,15,31,7,13,18,11,17,13,11,14,14,14,9,5,4,2,9,,2,4,6,37,8,8,25,20,16,23,33,,26,,13,,14,18,20,14,10,14,3,21,32,38,26,64,12,17,20,303,320,390,314,19,8,4,14,15,,21,17,7,35,15
20250905,16,PM10,23,48,32,37,29,46,33,13,43,41,35,29,54,16,42,33,22,32,39,32,36,48,35,17,33,36,31,35,39,41,41,31,38,48,19,22,33,41,36,17,11,30,19,26,36,15,24,31,28,17,31,26,29,28,19,7,26,22,31,38,20,16,16,8,43,13,27,10,8,8,113,28,49,45,29,25,66,48,34,18,20,28,21,28,11,28,50,34,39,13,22,45,28,7,12,53,39,15,11,12,35,18,29,7,28,40,47,39,12,53,12,23,13,16,32,25,34,26,34,29,56,25,43,31,32,23,30,46,27,36,17,13,46,33,21,22,14,16,13,24,8,15,60,19,39,38,10,10,25,14,12,40,41,20,16,88,88,30,21,423,,,,,,,,,,,,,,,,,,,,,,,,,,,,,,32,58,37,11,45,19,29,19,33,13,60,26,25,68,,28,33,33,33,29,63,27,22,12,21,33,43,26,27,36,33,28,31,21,27,40,31,35,30,47,41,25,43,30,23,40,30,28,29,25,15,33,25,29,13,41,22,25,23,38,29,28,24,33,39,37,46,28,36,30,44,54,33,26,34,40,37,21,34,22,33,20,30,28,23,24,22,19,31,14,33,35,25,14,17,35,26,13,16,9,14,6,23,6,19,30,41,10,10,13,17,,15,21,22,18,11,21,14,13,,8,12,20,20,21,18,11,16,22,24,6,21,23,16,6,6,6,16,,6,10,8,46,11,24,87,33,94,81,53,,27,,86,,27,25,57,29,55,24,8,113,52,61,75,55,38,13,21,772,1207,1168,1472,32,9,17,30,17,,50,17,16,33,10
20250905,16,PM10_24h,53,52,41,53,44,37,59,33,55,64,50,61,41,33,31,52,29,42,47,27,41,34,29,14,38,44,42,47,44,35,24,20,26,42,24,28,40,40,31,25,14,39,32,26,43,31,24,39,52,17,18,40,38,24,13,8,19,12,21,25,15,22,20,14,49,51,27,18,13,27,74,34,94,42,31,39,54,62,37,41,29,35,34,27,58,46,40,42,44,11,29,52,45,11,11,29,42,19,13,17,21,10,25,11,39,36,36,25,19,33,33,25,32,41,41,45,44,42,41,34,49,33,45,46,51,41,18,32,19,24,13,12,27,42,33,45,21,27,12,29,12,28,61,32,52,36,34,32,25,20,38,17,68,40,23,52,83,138,28,148,,,,,,,,,,,,,,,,,,,,,,,,,,,,,,28,48,38,12,31,27,11,31,24,155,58,35,195,39,39,25,75,46,47,36,50,34,34,25,41,36,35,26,42,51,37,34,44,31,31,47,32,36,32,35,56,37,33,35,41,37,22,33,35,39,33,28,21,28,26,36,34,31,34,26,27,37,28,36,26,29,28,25,38,20,59,32,52,24,44,47,50,36,35,26,31,23,35,39,21,31,31,29,39,24,58,25,27,25,24,37,28,22,25,22,14,25,29,63,92,52,50,50,25,24,15,,16,22,22,20,18,32,26,12,,12,14,40,14,29,16,21,22,20,24,14,28,23,17,8,8,9,13,,4,8,13,76,21,15,83,37,46,53,72,,57,,38,,19,35,28,33,36,24,10,66,125,196,59,140,42,44,42,974,948,1048,1271,53,19,25,34,41,,49,27,15,63,31
20250905,16,SO2,2,6,3,3,5,6,3,5,5,3,3,5,2,7,6,7,8,5,8,7,5,5,4,4,5,7,5,8,4,9,8,6,6,7,5,4,6,7,6,6,2,3,5,4,7,4,2,5,8,5,5,6,5,5,7,5,5,6,5,5,7,6,3,5,8,3,8,4,6,2,8,9,6,6,9,8,5,6,7,6,7,5,2,8,9,9,4,6,8,5,3,4,2,6,4,7,8,5,4,5,8,5,5,3,8,7,5,5,3,4,6,6,5,7,9,7,7,5,6,5,7,6,8,6,7,5,6,8,4,8,5,7,5,4,6,5,6,5,4,5,3,8,6,8,5,9,4,4,4,4,3,3,4,7,4,5,26,7,6,4,,,,,,,,,,,,,,,,,,,,,,,,,,,,,,5,5,5,2,4,5,4,6,3,7,6,5,9,12,6,4,8,7,5,7,6,4,9,10,5,8,5,7,10,12,6,7,7,9,6,12,5,6,6,9,8,5,4,8,4,5,4,3,6,5,6,2,4,5,4,12,9,7,8,5,9,6,4,7,5,4,3,3,4,8,3,3,6,8,7,14,2,8,6,5,5,6,4,7,4,5,3,4,8,6,9,4,6,5,3,6,10,7,8,7,4,6,4,5,9,5,5,7,6,5,8,,6,14,3,6,6,6,4,4,,4,9,5,12,6,8,6,7,3,6,5,8,6,6,4,3,9,2,,6,5,6,3,6,4,13,12,8,5,9,,5,,7,,4,10,6,9,7,17,4,5,4,6,8,6,4,8,7,4,5,4,2,4,5,3,11,6,,11,7,7,5,4
20250905,16,SO2_24h,3,8,2,5,7,7,4,5,3,6,6,7,3,8,6,9,8,5,9,6,5,6,5,4,6,8,7,9,5,10,8,7,6,7,6,4,6,7,6,6,3,3,4,4,7,5,3,6,9,5,5,5,6,6,7,5,5,6,5,6,8,7,6,5,9,4,6,5,7,2,8,10,6,6,5,10,6,7,8,7,7,5,3,9,11,10,5,8,9,4,4,5,4,6,4,6,10,6,4,6,7,4,6,3,12,8,9,6,5,5,6,7,5,21,12,8,7,5,9,7,6,6,8,7,8,7,6,7,4,6,4,5,5,5,7,6,6,6,4,6,3,9,6,11,5,8,4,4,6,4,3,3,4,7,4,8,22,9,7,4,,,,,,,,,,,,,,,,,,,,,,,,,,,,,,4,6,7,2,4,5,4,5,3,9,6,6,9,11,6,4,8,12,5,11,5,6,10,11,6,6,4,6,9,12,9,6,7,11,8,9,5,7,6,9,10,6,4,7,5,5,4,6,6,7,6,5,4,9,5,7,15,9,10,6,12,8,4,15,5,5,3,2,4,8,4,3,6,8,7,10,2,10,6,4,5,6,8,8,5,9,3,5,10,6,10,4,4,4,5,10,13,7,14,7,5,7,4,6,12,6,5,7,6,6,8,,5,10,3,6,5,10,4,3,,4,8,7,10,7,7,7,7,4,6,5,13,5,6,3,3,8,2,,6,5,6,4,5,4,8,9,7,6,7,,5,,6,,5,12,8,9,9,17,4,8,4,5,8,7,4,8,6,4,7,4,2,5,4,3,10,6,,10,6,8,7,4
20250905,16,NO2,9,13,5,12,8,15,8,10,14,14,10,9,20,17,7,9,10,10,11,12,9,12,16,6,8,9,14,9,14,11,9,7,7,12,5,9,8,8,11,7,7,7,5,5,8,6,8,5,21,8,16,7,4,11,14,6,11,8,9,13,6,6,4,3,11,12,7,5,6,7,7,9,8,8,5,6,7,6,5,7,10,6,9,8,14,18,15,21,8,6,11,7,18,5,11,23,10,4,5,9,7,5,6,3,9,14,7,5,4,10,9,13,7,18,16,11,11,7,9,11,10,10,13,10,7,9,8,12,14,14,9,11,10,8,8,2,2,3,4,5,5,7,10,5,12,28,7,6,5,5,11,11,8,15,13,6,9,7,5,2,,,,,,,,,,,,,,,,,,,,,,,,,,,,,,8,4,16,9,6,20,7,14,23,3,14,16,4,6,7,3,4,9,11,10,15,11,4,5,6,10,5,10,7,10,6,7,8,8,6,9,5,4,6,6,8,5,4,2,4,5,3,4,6,3,6,5,3,5,4,8,8,3,3,7,3,3,2,7,10,8,14,13,8,6,6,8,4,8,12,12,6,5,14,5,7,3,5,10,7,7,2,3,7,6,2,10,5,5,5,8,6,5,3,4,6,4,7,5,8,8,16,8,4,7,6,,4,6,6,2,4,6,5,5,,3,3,3,9,4,6,4,3,7,4,5,6,8,5,3,2,2,19,,2,2,8,7,6,8,8,10,8,2,3,,5,,9,,4,2,1,2,1,4,2,1,4,4,6,3,4,5,5,3,4,14,9,8,2,7,7,4,,6,7,4,11,8
20250905,16,NO2_24h,16,19,15,19,18,12,27,12,17,17,19,25,14,18,15,32,14,26,24,22,18,22,21,8,15,16,28,24,23,11,12,10,9,23,11,14,17,19,20,10,16,20,17,12,19,9,17,22,32,12,13,17,10,20,14,8,16,10,10,26,11,13,9,6,17,23,9,11,17,9,12,12,12,27,9,12,13,9,17,16,20,17,14,19,26,21,16,24,14,8,14,18,21,10,10,16,17,8,7,9,10,7,11,6,21,13,15,14,12,14,14,10,14,32,16,15,23,19,18,17,9,19,11,16,17,28,11,13,10,12,9,9,10,13,12,8,5,10,6,13,6,14,15,18,12,19,17,8,7,7,10,10,15,13,10,12,20,10,14,13,,,,,,,,,,,,,,,,,,,,,,,,,,,,,,9,8,16,12,8,13,7,15,23,5,14,18,7,12,11,7,4,13,18,17,9,20,18,15,13,10,7,14,23,14,13,9,21,23,12,12,8,13,9,9,21,12,6,10,12,9,10,10,11,12,10,12,5,14,9,9,12,11,13,10,6,8,7,15,9,8,12,9,9,7,14,9,12,10,13,17,10,12,11,9,11,8,9,15,10,11,6,10,13,9,28,12,14,11,9,15,11,13,10,11,17,7,12,21,26,11,28,14,11,11,7,,15,9,6,3,7,8,6,5,,4,5,12,10,7,8,9,5,6,5,8,9,12,6,4,4,7,12,,4,3,9,10,6,10,6,12,17,12,11,,6,,7,,6,5,3,3,3,3,10,4,6,5,7,16,16,31,12,10,13,23,23,27,4,17,17,18,,7,17,5,22,9
20250905,16,O3,78,110,92,108,116,109,93,75,94,105,88,89,72,69,90,105,103,96,108,171,178,196,203,110,142,208,160,169,228,216,165,150,159,182,91,76,159,186,186,68,68,148,126,121,149,68,134,126,69,130,77,131,119,163,62,61,126,87,123,200,97,105,83,43,128,69,65,71,85,78,100,98,109,100,100,111,91,93,129,79,118,120,112,146,87,62,102,74,145,118,114,115,86,108,109,122,165,73,46,52,124,62,128,59,150,121,119,74,59,98,82,53,76,68,81,82,94,84,119,80,103,84,107,132,138,136,70,105,91,95,69,64,142,125,134,102,65,86,48,100,47,73,81,73,83,66,73,61,82,92,76,78,71,73,73,103,119,101,93,80,,,,,,,,,,,,,,,,,,,,,,,,,,,,,,132,91,189,71,93,64,63,79,64,95,125,54,100,92,110,90,98,122,77,106,105,100,85,63,78,105,106,112,94,124,100,101,112,105,71,128,65,154,141,180,150,129,85,160,128,168,127,126,141,109,62,113,109,114,66,132,101,116,108,85,83,118,110,143,94,103,70,73,79,87,126,78,118,66,62,143,125,135,133,107,125,76,110,99,98,118,88,83,91,85,128,64,88,88,85,97,142,68,93,68,91,76,68,71,80,48,38,78,69,83,64,,67,69,83,74,78,83,60,64,,49,48,74,68,51,41,41,69,54,58,55,69,47,47,83,86,73,71,,72,50,70,84,59,76,110,90,104,108,97,,77,,92,,86,104,109,97,126,103,89,116,97,109,98,100,92,104,107,82,78,68,83,112,86,76,104,97,,121,117,62,94,77
20250905,16,O3_24h,,,,,,,,,,,,,,,,,,,,,,,,,,,,,,,,,,,,,,,,,,,,,,,,,,,,,,,,,,,,,,,,,,,,,,,,,,,,,,,,,,,,,,,,,,,,,,,,,,,,,,,,,,,,,,,,,,,,,,,,,,,,,,,,,,,,,,,,,,,,,,,,,,,,,,,,,,,,,,,,,,,,,,,,,,,,,,,,,,,,,,,,,,,,,,,,,,,,,,,,,,,,,,,,,,,,,,,,,,,,,,,,,,,,,,,,,,,,,,,,,,,,,,,,,,,,,,,,,,,,,,,,,,,,,,,,,,,,,,,,,,,,,,,,,,,,,,,,,,,,,,,,,,,,,,,,,,,,,,,,,,,,,,,,,,,,,,,,,,,,,,,,,,,,,,,,,,,,,,,,,,,,,,,,,,,,,,,
20250905,16,O3_8h,80,106,79,105,118,100,79,106,104,105,85,90,100,72,88,99,103,102,110,140,159,168,142,101,125,181,157,134,182,162,132,137,131,153,102,95,135,168,152,83,67,138,116,104,147,87,132,119,63,123,91,118,114,97,55,51,87,67,92,104,74,78,72,41,96,48,59,58,59,74,79,78,81,64,103,108,83,90,107,70,110,115,126,116,100,90,90,82,105,102,112,88,81,104,96,116,142,73,43,54,88,51,83,57,100,99,109,54,44,73,85,72,49,68,98,78,89,64,115,86,97,74,110,138,153,122,70,92,93,79,75,84,95,110,120,92,65,72,49,75,43,60,72,59,73,46,53,43,69,64,78,70,65,70,66,86,97,96,71,69,,,,,,,,,,,,,,,,,,,,,,,,,,,,,,86,62,147,85,96,79,73,80,65,107,126,39,91,95,37,87,101,117,77,103,114,103,90,59,68,108,105,79,95,116,101,92,98,90,59,117,38,147,137,151,119,118,87,165,108,143,119,104,118,106,98,107,91,104,84,110,99,100,95,89,90,114,91,123,92,95,96,81,66,65,87,64,120,63,45,135,114,115,134,94,108,67,97,82,103,120,73,78,79,69,101,57,68,67,71,91,116,64,72,58,90,55,51,43,43,50,32,45,36,61,41,,47,61,63,62,73,65,54,65,,48,40,66,51,38,34,34,57,56,42,47,51,42,42,68,60,61,77,,75,34,70,74,50,61,92,89,93,79,93,,74,,70,,78,86,94,92,105,98,79,94,91,98,94,73,75,64,72,48,63,50,49,66,54,53,70,61,,103,114,41,96,75
20250905,16,O3_8h_24h,80,106,78,105,118,98,79,92,104,105,85,90,81,64,83,99,103,102,110,140,159,168,142,101,125,181,157,151,182,162,132,137,131,153,102,95,135,168,152,83,67,138,116,104,147,87,132,119,62,123,83,118,114,97,55,51,87,67,92,104,74,78,72,41,96,48,59,58,59,74,76,78,81,64,103,108,79,83,107,70,110,115,126,116,100,78,90,82,119,102,112,88,80,104,96,116,142,73,43,54,88,51,83,57,100,99,109,54,44,66,84,48,55,67,98,78,89,77,115,86,97,74,110,138,153,122,64,92,83,79,67,57,95,110,120,92,65,72,49,75,43,60,72,59,73,40,53,43,69,64,78,70,65,69,66,86,97,89,71,69,,,,,,,,,,,,,,,,,,,,,,,,,,,,,,86,62,147,77,93,61,55,80,65,90,126,39,87,94,,86,95,117,77,103,114,103,90,59,68,108,105,79,95,116,101,92,98,97,59,117,38,147,137,151,119,118,87,165,123,143,119,104,118,106,98,107,91,104,84,110,99,100,95,89,90,114,91,123,91,95,73,80,66,65,87,64,120,63,45,135,114,115,134,94,108,67,107,82,103,120,73,78,79,69,101,57,68,67,71,91,116,64,72,58,90,55,43,43,43,50,32,45,36,57,41,,47,61,63,62,73,65,54,64,,48,40,66,51,38,34,34,57,56,42,47,51,42,42,68,60,61,74,,73,34,70,72,50,61,92,82,93,79,77,,74,,70,,78,86,94,92,105,98,79,94,91,98,94,73,75,64,72,43,53,50,49,66,54,53,70,61,,103,114,41,96,75
20250905,16,CO,0.51,0.65,0.47,0.45,0.27,0.73,0.27,0.54,0.77,0.53,0.33,0.50,0.95,0.81,0.36,0.77,0.35,0.49,0.65,0.64,0.71,0.47,0.60,0.59,0.48,0.66,0.61,0.60,0.76,0.72,0.65,0.70,0.50,0.58,0.37,0.32,0.40,0.52,0.70,0.33,0.45,0.40,0.43,0.37,0.70,0.17,0.36,0.64,0.67,0.34,0.67,0.44,0.39,0.45,0.49,0.35,0.57,0.35,0.40,0.42,0.34,0.36,0.37,0.26,0.60,0.41,0.36,0.30,0.25,0.45,0.40,0.45,0.30,0.25,0.82,0.65,0.41,0.30,0.50,0.63,0.43,0.60,0.43,0.40,0.74,0.77,0.52,0.60,0.55,0.36,0.45,0.50,0.42,0.56,0.40,0.77,0.63,0.47,0.33,0.52,0.55,0.40,0.65,0.40,0.45,0.60,0.70,0.40,0.40,0.45,0.61,0.93,0.50,0.68,0.64,0.78,0.60,0.52,0.62,0.45,0.58,0.30,0.70,0.57,0.57,0.53,0.44,0.86,0.82,0.77,0.68,0.40,0.57,0.43,0.73,0.33,0.33,0.33,0.38,0.43,0.33,0.42,1.08,0.52,0.53,0.40,0.63,0.20,0.38,0.33,0.38,0.40,0.50,0.43,0.50,0.20,0.80,0.40,0.25,0.17,,,,,,,,,,,,,,,,,,,,,,,,,,,,,,0.53,0.80,0.50,0.86,0.28,1.00,0.50,0.73,0.47,0.25,0.40,0.30,0.35,0.40,0.70,0.25,0.25,0.46,0.43,0.45,1.10,0.32,0.45,0.25,0.60,0.55,0.60,0.60,0.52,0.53,0.50,0.70,0.70,0.65,0.35,0.50,0.40,0.54,0.42,0.73,0.53,0.53,0.55,0.50,0.40,0.47,0.43,0.63,0.57,0.38,0.40,0.47,0.53,0.53,0.30,0.83,0.90,0.48,0.35,0.63,0.53,0.38,0.40,0.40,0.62,0.45,0.75,0.60,0.70,0.68,0.60,0.43,0.47,0.80,0.70,0.93,0.46,0.70,0.53,0.60,0.73,0.37,0.70,0.45,0.60,0.47,0.27,0.23,0.43,0.30,0.53,0.53,0.47,0.40,0.37,0.47,0.43,0.50,0.55,0.50,0.50,0.27,0.43,0.50,0.40,0.50,0.40,0.45,0.50,0.43,0.60,,0.30,0.55,0.28,0.53,0.30,0.45,0.45,0.30,,0.20,0.25,0.30,0.45,0.45,0.40,0.45,0.23,0.35,0.45,0.60,0.30,0.45,0.40,0.20,0.15,0.25,0.30,,0.30,0.30,0.50,0.37,0.40,0.30,0.40,0.35,0.20,0.30,0.45,,0.35,,0.40,,0.20,0.70,0.30,0.40,0.30,0.50,0.40,0.30,0.20,0.25,0.17,0.55,0.20,0.25,0.35,0.50,0.15,0.25,0.50,0.50,0.10,0.30,0.30,0.15,,0.25,0.70,0.45,0.42,0.37
20250905,16,CO_24h,0.61,0.66,0.48,0.61,0.38,0.75,0.43,0.66,0.63,0.63,0.43,0.53,0.70,0.61,0.44,1.14,0.46,0.56,0.75,0.62,0.70,0.46,0.63,0.60,0.35,0.76,0.77,0.86,0.92,0.73,0.54,0.54,0.35,0.63,0.44,0.42,0.45,0.57,0.70,0.40,0.45,0.50,0.43,0.43,0.78,0.35,0.38,0.73,0.70,0.33,0.61,0.72,0.48,0.44,0.50,0.37,0.53,0.35,0.38,0.42,0.40,0.46,0.47,0.30,0.68,0.65,0.30,0.36,0.32,0.57,0.40,0.70,0.36,0.37,0.65,0.85,0.60,0.45,0.64,0.75,0.53,0.68,0.53,0.46,0.88,0.77,0.42,0.53,0.47,0.36,0.55,0.58,0.52,0.54,0.40,0.57,0.75,0.57,0.37,0.50,0.55,0.40,0.70,0.43,0.55,0.60,0.64,0.45,0.50,0.40,0.65,1.02,0.93,0.82,0.72,1.02,0.92,0.82,0.76,0.53,0.68,0.38,0.80,0.70,0.70,0.73,0.56,0.96,0.83,0.70,0.64,0.50,0.50,0.63,0.80,0.53,0.40,0.40,0.47,0.50,0.43,0.64,0.94,0.76,0.53,0.60,0.88,0.40,0.40,0.45,0.47,0.60,0.67,0.58,0.55,0.40,0.70,0.50,0.26,0.23,,,,,,,,,,,,,,,,,,,,,,,,,,,,,,0.50,0.90,0.57,0.84,0.40,0.63,0.65,0.77,0.97,0.38,0.67,0.30,0.40,0.50,0.60,0.30,0.35,0.62,0.75,0.68,0.85,0.47,0.55,0.45,0.60,0.50,0.55,0.60,0.67,0.53,0.60,0.60,0.75,0.57,0.45,0.60,0.35,0.56,0.44,0.67,0.72,0.75,0.50,0.47,0.50,0.38,0.40,0.63,0.85,0.47,0.53,1.07,0.60,0.63,0.55,0.77,0.78,0.70,0.35,0.68,0.55,0.46,0.47,0.53,0.78,0.45,0.70,0.58,0.68,0.63,0.70,0.33,0.53,0.80,0.76,0.70,0.68,0.85,0.57,0.70,0.77,0.43,0.83,0.60,0.70,0.50,0.40,0.22,0.65,0.35,0.83,0.47,0.47,0.50,0.50,0.60,0.57,0.55,0.55,0.60,0.83,0.40,0.63,0.88,0.80,0.68,0.53,0.65,0.65,0.60,0.60,,0.35,0.70,0.30,0.57,0.40,0.55,0.50,0.35,,0.30,0.35,0.40,0.40,0.45,0.50,0.50,0.27,0.35,0.55,0.60,0.40,0.55,0.40,0.20,0.15,0.20,0.30,,0.30,0.35,0.60,0.57,0.60,0.55,0.40,0.50,0.30,0.45,0.55,,0.50,,0.50,,0.25,0.80,0.50,0.40,0.40,0.50,0.40,0.40,0.27,0.35,0.23,0.60,0.25,0.55,0.35,0.60,0.20,0.35,0.45,0.70,0.10,0.30,0.35,0.35,,0.35,0.40,0.50,0.52,0.47
20250905,17,AQI,23,44,33,34,42,51,33,23,40,41,43,35,46,23,48,32,32,38,36,48,80,91,86,33,40,110,48,70,116,103,56,40,55,83,25,20,60,83,84,19,21,46,42,37,43,20,38,36,30,35,23,40,34,58,19,18,37,27,31,89,30,34,26,15,50,21,29,23,27,23,87,30,52,42,30,40,49,41,40,21,35,37,31,45,27,29,46,26,44,37,34,51,30,33,32,52,51,23,17,15,37,19,40,20,50,52,34,26,20,47,25,22,22,19,27,33,29,29,39,31,48,32,42,42,38,38,27,50,34,35,22,21,53,37,40,32,20,27,15,31,14,18,30,24,36,20,21,19,25,29,23,44,37,25,22,70,71,34,29,323,,,,,,,,,,,,,,,,,,,,,,,,,,,,,,36,55,39,22,49,24,26,26,38,30,51,24,31,54,47,32,31,37,57,36,56,33,24,19,30,30,50,38,27,47,30,29,32,52,31,48,35,48,43,45,42,37,34,47,41,47,34,37,43,36,19,36,32,30,20,42,25,34,36,37,31,34,35,42,46,39,52,22,24,30,54,58,39,31,33,43,37,42,43,30,38,24,33,31,32,31,30,26,31,27,37,40,27,28,26,41,44,21,29,24,28,23,21,23,25,29,43,23,22,27,19,,19,21,26,23,25,27,18,20,,15,16,24,22,26,37,13,21,18,33,18,22,19,17,27,28,23,26,,21,28,22,46,19,25,75,40,76,68,59,,31,,82,,29,33,48,37,52,32,27,76,52,56,66,57,53,33,35,500,500,500,500,38,27,25,44,31,,59,40,18,30,23
20250905,17,PM2.5,16,31,19,24,19,36,17,12,28,28,30,24,31,9,16,17,12,13,16,18,23,31,23,8,27,28,19,23,24,29,24,18,25,33,9,8,24,34,23,10,3,19,13,14,25,3,14,17,21,6,9,17,17,18,11,5,14,4,16,24,12,10,12,3,27,6,11,5,5,5,30,15,16,10,15,28,16,11,15,7,12,16,10,16,5,20,31,18,22,8,8,23,21,5,4,33,24,7,4,3,21,5,12,4,20,12,19,11,4,33,12,8,3,7,17,18,11,13,14,19,17,16,17,21,17,21,15,35,23,20,9,9,37,20,12,13,13,10,5,11,6,7,20,9,16,7,5,8,17,9,6,19,21,13,6,22,23,10,6,109,,,,,,,,,,,,,,,,,,,,,,,,,,,,,,24,29,19,4,16,17,18,18,26,6,28,14,13,21,33,11,7,10,15,14,38,16,7,5,12,16,32,11,12,15,11,14,16,13,12,20,12,21,17,22,25,16,18,21,16,30,24,22,20,19,3,18,18,11,7,26,13,18,16,14,15,16,10,19,32,20,26,10,17,11,30,41,15,16,23,19,22,12,27,15,21,15,21,16,3,20,21,10,19,14,17,9,13,8,12,21,11,10,12,8,7,6,3,3,3,20,25,3,3,6,12,,6,13,12,14,6,15,6,13,,3,10,17,9,3,26,3,10,2,11,9,9,13,8,6,3,3,10,,3,7,3,13,6,8,45,17,24,22,20,,19,,26,,8,16,21,10,23,20,3,16,14,16,23,36,13,3,21,199,414,493,336,5,6,3,16,8,,21,16,6,20,3
20250905,17,PM2.5_24h,36,35,22,33,20,27,30,21,35,42,34,30,22,18,15,27,21,19,20,15,24,21,19,5,25,27,23,28,33,29,15,14,15,29,11,17,27,29,20,12,5,24,20,15,28,20,16,22,32,9,11,22,22,12,6,4,11,6,11,11,7,11,14,6,36,32,15,9,7,13,28,16,28,13,20,26,23,24,21,20,21,31,22,14,39,31,28,25,24,10,14,27,28,6,4,17,28,9,5,8,15,6,16,5,21,17,20,9,7,25,18,18,15,26,28,26,21,19,27,21,26,17,22,33,33,30,13,26,16,17,9,6,17,26,21,33,15,16,6,16,4,16,42,15,35,22,23,23,17,11,15,8,29,22,13,19,23,31,10,38,,,,,,,,,,,,,,,,,,,,,,,,,,,,,,16,29,24,3,15,20,8,24,13,44,41,17,62,24,32,18,21,23,21,19,38,20,14,13,17,21,27,10,17,17,20,17,22,11,16,22,10,20,18,17,35,25,14,28,21,24,15,24,23,27,22,18,14,16,16,26,22,19,18,16,13,20,13,22,21,15,24,11,27,6,37,23,24,14,26,21,32,17,24,17,18,15,25,25,13,22,21,19,27,17,32,10,12,14,16,21,20,12,14,12,7,9,22,41,56,43,28,35,15,18,10,,6,14,14,15,11,25,14,13,,7,15,31,7,12,18,11,17,12,12,13,14,14,9,5,4,2,9,,2,4,6,37,8,8,26,20,15,23,33,,27,,13,,14,18,19,14,10,14,3,21,32,38,26,62,12,16,20,301,329,402,321,19,8,4,14,15,,21,17,7,35,16
20250905,17,PM10,22,43,33,31,42,49,33,22,35,41,32,35,46,16,48,32,21,38,36,29,39,48,36,18,34,43,29,37,39,40,48,28,39,54,18,20,36,45,36,17,10,33,21,28,41,14,22,33,26,14,17,29,34,31,19,7,24,18,31,42,22,19,20,8,50,15,29,11,8,8,123,28,54,42,30,34,49,41,33,17,27,24,24,29,8,21,46,25,42,14,25,51,28,8,10,53,34,16,17,11,33,13,33,7,33,54,34,25,15,47,18,18,22,14,27,32,29,29,39,31,48,32,42,32,30,28,27,46,34,35,20,21,52,34,20,19,16,22,15,27,7,17,30,19,36,20,16,12,23,18,12,44,37,25,18,90,91,34,22,438,,,,,,,,,,,,,,,,,,,,,,,,,,,,,,35,60,27,13,49,20,21,16,38,13,52,24,27,58,,32,24,32,63,36,61,33,21,15,30,30,50,38,25,47,29,29,32,54,31,48,35,36,31,43,37,26,34,27,25,43,32,28,29,25,19,30,27,22,20,42,25,26,36,37,31,27,23,35,43,39,53,21,24,30,57,54,33,31,33,43,32,23,43,26,36,20,33,20,15,26,27,15,31,20,29,40,27,19,17,41,23,14,20,9,15,6,21,6,19,20,43,8,9,15,,,16,21,20,18,11,23,12,13,,7,13,,16,26,,11,20,14,33,7,20,16,17,10,7,6,14,,6,28,8,46,9,15,100,40,101,85,68,,31,,114,,29,25,48,37,54,30,8,102,53,62,81,64,56,19,28,670,1159,1177,1292,34,8,16,44,21,,67,24,11,29,9
20250905,17,PM10_24h,52,52,41,52,43,39,58,33,54,64,49,60,41,33,32,53,29,43,46,27,41,35,29,14,38,45,41,46,44,35,25,21,27,42,23,28,39,40,31,24,14,38,32,27,43,29,24,39,51,17,18,40,38,24,13,8,19,12,21,24,15,22,21,14,50,50,28,18,13,26,78,30,95,43,31,39,55,60,37,40,29,34,33,28,56,49,41,41,44,15,29,53,45,11,11,31,42,18,13,17,22,10,26,10,39,36,36,25,19,34,33,26,32,40,41,45,44,43,41,35,48,32,45,45,50,41,18,33,20,25,14,12,28,42,33,45,21,27,12,30,12,28,60,32,52,35,33,31,25,20,38,18,69,40,23,54,84,138,28,154,,,,,,,,,,,,,,,,,,,,,,,,,,,,,,29,48,37,12,31,27,11,31,24,155,59,35,195,41,39,25,74,45,48,36,51,34,34,25,41,35,35,26,42,51,37,33,43,32,32,47,33,37,32,36,56,37,34,35,40,38,22,33,35,39,33,28,21,29,26,37,34,31,34,27,27,37,27,36,27,29,29,25,38,20,60,32,52,25,43,48,50,35,36,26,31,23,36,38,21,31,31,28,39,24,56,25,27,25,24,38,28,22,25,22,14,24,28,61,90,52,50,48,24,24,15,,16,22,22,20,18,32,25,12,,12,14,40,14,29,16,20,21,20,24,14,28,23,16,7,8,9,13,,4,9,12,77,20,15,85,37,41,55,74,,57,,41,,20,34,29,33,37,24,10,68,126,196,62,136,42,44,42,961,970,1072,1311,53,18,25,35,40,,49,27,15,62,30
20250905,17,SO2,3,6,2,3,5,5,2,5,9,3,3,5,2,8,6,7,8,5,8,7,5,5,4,4,4,7,5,8,4,9,7,6,6,7,5,4,6,7,6,6,2,3,5,4,7,4,2,5,8,5,5,6,4,5,7,5,4,6,4,5,8,6,4,5,7,3,8,4,6,2,7,9,6,5,4,8,5,6,7,7,6,5,3,8,9,8,4,6,8,4,3,4,2,6,4,6,7,5,4,5,8,4,5,3,8,6,4,5,3,4,6,7,5,7,11,11,7,5,8,5,6,6,8,6,8,5,6,11,4,8,5,7,5,3,6,5,6,5,4,5,3,9,5,8,5,7,4,4,4,4,3,3,4,7,3,3,21,7,6,4,,,,,,,,,,,,,,,,,,,,,,,,,,,,,,4,5,5,2,3,6,4,6,3,7,6,5,9,11,6,4,8,8,5,7,5,5,9,11,5,7,5,7,10,12,5,7,7,10,6,17,5,6,6,8,8,6,4,8,4,4,3,3,6,6,6,5,4,5,4,8,9,7,8,5,9,5,4,7,5,4,3,3,5,8,3,3,6,7,7,9,3,8,6,4,5,6,4,7,4,5,2,4,9,6,9,6,5,6,3,5,10,6,7,7,6,6,4,5,9,5,5,7,6,6,8,,5,15,3,6,6,7,4,4,,4,9,5,12,7,7,6,6,3,6,5,13,5,6,4,3,10,2,,6,5,6,2,5,4,12,9,8,5,6,,6,,6,,5,11,4,9,11,17,4,7,4,6,8,6,4,8,7,4,6,4,2,4,5,3,12,6,,12,9,7,5,4
20250905,17,SO2_24h,3,8,2,5,7,7,4,5,4,6,6,6,3,8,6,9,8,5,9,6,5,6,5,4,6,8,7,9,5,10,8,7,6,7,6,4,6,7,6,6,3,3,4,4,7,5,3,6,9,5,5,5,6,6,7,5,5,6,5,6,8,7,6,5,9,4,6,5,7,2,8,10,6,6,5,10,6,6,8,7,7,5,3,9,11,9,5,8,9,5,4,5,4,6,5,6,11,6,4,6,7,4,6,3,11,8,9,6,5,5,6,7,5,20,13,8,7,6,9,7,6,6,8,7,8,7,6,7,4,6,4,5,5,5,7,6,6,6,4,6,3,9,6,11,5,8,4,4,6,4,3,3,4,7,4,8,22,9,7,4,,,,,,,,,,,,,,,,,,,,,,,,,,,,,,5,6,7,2,4,6,3,5,3,9,6,6,9,11,6,4,8,12,5,11,5,6,10,11,6,6,4,6,9,12,9,6,7,11,8,9,5,7,6,9,10,6,4,7,5,5,4,6,6,7,6,5,4,9,5,7,15,9,10,6,12,8,4,15,5,5,3,2,4,8,4,3,6,8,7,10,2,10,6,4,5,6,8,8,5,9,3,6,10,6,10,4,4,4,5,10,13,7,14,7,5,6,4,6,12,6,5,7,6,6,8,,5,10,3,6,5,10,4,3,,4,9,7,10,7,7,7,7,4,6,5,14,5,6,3,3,8,2,,6,5,6,4,5,4,9,9,7,6,7,,5,,6,,5,12,8,9,9,17,4,8,4,5,8,7,4,8,6,4,8,4,2,5,4,3,10,6,,10,6,8,6,4
20250905,17,NO2,11,15,7,11,9,17,10,12,16,15,10,9,14,14,8,11,11,12,14,13,9,14,15,8,9,14,17,11,15,11,10,8,7,16,6,10,11,10,14,8,10,8,6,6,10,6,9,8,23,7,14,11,7,13,15,6,16,9,11,17,8,7,6,3,11,13,8,7,6,9,6,8,9,8,5,9,7,6,6,10,12,7,9,9,14,16,21,18,9,7,14,14,18,7,10,23,10,4,6,7,7,5,7,3,11,10,6,5,5,10,10,13,9,23,21,17,15,10,11,16,11,15,14,10,10,10,9,14,17,14,8,13,8,9,9,2,1,3,4,5,7,12,10,6,8,12,9,6,6,5,13,8,10,15,15,6,9,7,4,3,,,,,,,,,,,,,,,,,,,,,,,,,,,,,,8,6,19,10,6,19,7,10,12,3,15,11,3,6,7,5,4,11,12,12,13,14,7,6,8,10,6,15,14,13,10,10,12,12,8,12,6,5,7,7,10,6,3,2,6,9,4,4,7,4,7,6,3,7,4,7,7,5,5,10,3,4,3,8,11,7,15,12,7,6,7,11,4,10,12,10,5,4,20,7,8,4,6,10,7,11,3,3,7,5,2,13,6,5,5,7,6,6,3,6,6,6,8,6,10,8,18,8,4,7,6,,6,7,6,2,5,7,5,5,,3,3,3,9,5,7,4,3,6,4,5,7,10,5,3,3,2,12,,1,4,7,7,6,9,8,11,8,3,4,,5,,10,,3,2,1,3,2,5,5,2,3,4,6,2,5,5,5,2,4,15,6,7,2,10,8,3,,6,6,4,12,9
20250905,17,NO2_24h,16,19,15,18,18,13,26,12,17,17,19,25,14,17,15,32,14,26,24,21,17,22,21,8,15,16,28,23,23,11,12,10,9,23,11,14,17,19,20,10,16,19,17,12,19,9,17,22,33,12,13,17,10,20,14,8,16,10,10,27,11,13,9,6,17,23,9,11,17,9,12,11,12,27,9,12,13,9,17,16,20,17,14,19,26,20,17,24,14,9,14,17,22,10,10,17,17,8,7,9,10,7,11,6,21,13,15,14,12,13,14,11,14,32,17,15,24,21,18,17,9,19,11,16,17,28,11,13,10,12,9,10,10,13,12,10,5,10,6,13,6,14,15,18,12,19,17,8,7,8,10,10,15,13,11,12,20,10,13,13,,,,,,,,,,,,,,,,,,,,,,,,,,,,,,9,8,17,12,8,14,6,15,23,5,15,18,7,12,11,7,4,13,19,17,10,20,18,15,13,10,7,14,23,15,14,9,21,23,12,12,8,13,9,9,21,12,6,10,11,9,10,10,11,12,10,12,5,14,9,10,13,11,13,10,5,8,7,15,9,8,12,10,9,7,14,9,12,10,13,17,10,12,12,10,11,8,9,15,10,12,6,10,13,9,27,12,14,11,9,15,11,13,10,11,17,7,12,21,26,11,28,14,11,11,7,,15,9,6,3,7,8,6,5,,4,5,12,10,7,8,9,5,6,5,8,9,12,6,4,4,7,12,,4,3,9,10,6,10,6,12,17,11,11,,6,,7,,6,5,3,2,3,3,10,3,6,5,6,16,16,31,12,10,13,23,23,27,4,17,17,18,,7,17,5,22,9
20250905,17,O3,72,106,88,101,122,94,90,73,97,103,102,90,85,72,89,96,101,84,97,152,184,193,189,106,129,220,154,176,231,206,165,129,164,186,80,63,168,186,187,62,68,147,135,118,139,65,121,116,61,113,75,128,108,166,56,59,119,85,99,191,96,110,84,47,105,67,63,72,86,75,99,97,113,102,95,103,92,95,129,68,111,119,100,145,87,61,79,69,141,119,108,95,93,105,103,111,161,72,45,47,118,60,127,63,159,106,90,84,63,86,79,69,70,62,73,104,83,75,115,70,99,80,98,134,122,120,69,100,86,87,70,68,146,119,129,103,64,87,49,98,45,56,68,76,64,63,68,60,80,94,74,78,64,72,71,101,125,102,94,80,,,,,,,,,,,,,,,,,,,,,,,,,,,,,,114,76,124,70,90,70,64,80,74,96,123,72,98,87,105,93,98,117,101,102,109,101,78,62,70,95,107,95,87,117,95,83,100,90,65,125,69,154,138,145,133,118,94,149,131,150,110,119,139,116,53,114,103,96,63,103,78,108,102,85,87,110,112,135,91,105,61,70,77,79,111,81,124,58,65,133,117,133,129,95,123,77,97,98,102,98,86,84,100,87,117,61,86,91,83,90,140,67,93,78,89,74,65,73,79,49,27,73,69,86,62,,62,68,84,72,79,85,58,64,,47,50,70,70,46,40,41,66,58,45,56,71,38,48,85,90,75,83,,67,52,71,88,60,80,111,93,106,113,95,,75,,91,,87,104,110,98,127,103,87,120,97,111,100,105,93,107,111,85,76,68,92,120,86,79,107,99,,123,127,59,95,75
20250905,17,O3_24h,,,,,,,,,,,,,,,,,,,,,,,,,,,,,,,,,,,,,,,,,,,,,,,,,,,,,,,,,,,,,,,,,,,,,,,,,,,,,,,,,,,,,,,,,,,,,,,,,,,,,,,,,,,,,,,,,,,,,,,,,,,,,,,,,,,,,,,,,,,,,,,,,,,,,,,,,,,,,,,,,,,,,,,,,,,,,,,,,,,,,,,,,,,,,,,,,,,,,,,,,,,,,,,,,,,,,,,,,,,,,,,,,,,,,,,,,,,,,,,,,,,,,,,,,,,,,,,,,,,,,,,,,,,,,,,,,,,,,,,,,,,,,,,,,,,,,,,,,,,,,,,,,,,,,,,,,,,,,,,,,,,,,,,,,,,,,,,,,,,,,,,,,,,,,,,,,,,,,,,,,,,,,,,,,,,,,,,
20250905,17,O3_8h,81,108,81,107,121,103,84,107,106,107,91,92,100,72,88,103,104,104,114,153,171,183,162,103,133,197,167,146,199,180,144,141,142,168,105,97,146,178,165,85,70,147,127,111,152,87,138,127,65,126,91,125,116,114,59,54,98,73,99,125,83,87,77,43,105,54,60,64,67,75,82,89,90,73,105,113,85,92,114,75,114,120,129,126,100,89,91,84,113,102,118,93,84,107,100,118,153,77,45,55,99,55,95,60,116,109,116,62,50,76,85,72,60,70,98,82,95,66,119,88,100,80,112,142,154,131,70,96,93,83,74,84,110,120,125,98,69,80,51,82,46,66,76,67,79,47,61,49,73,73,78,73,65,71,68,92,107,96,78,73,,,,,,,,,,,,,,,,,,,,,,,,,,,,,,90,68,157,85,96,79,72,81,72,107,129,45,91,95,37,87,101,120,82,108,116,104,93,65,75,108,106,88,99,120,102,95,102,92,63,123,44,154,144,159,128,125,94,173,113,155,122,112,127,112,98,117,97,112,85,114,102,108,103,95,93,121,98,129,94,101,96,81,69,68,99,69,124,64,49,141,123,124,141,98,117,74,101,89,107,124,79,82,85,78,113,60,75,75,77,99,126,68,78,62,90,59,52,51,51,52,35,52,45,64,48,,53,66,68,65,76,71,56,65,,49,44,70,56,42,37,38,60,58,47,51,58,45,45,74,67,65,80,,75,39,70,75,55,69,98,89,99,91,93,,74,,73,,80,93,99,94,111,99,82,102,93,103,95,82,80,76,81,52,63,56,57,79,62,61,79,72,,108,124,46,98,76
20250905,17,O3_8h_24h,81,108,80,107,121,100,84,91,106,107,91,92,81,65,83,102,104,103,113,153,171,183,162,103,133,197,166,165,199,180,144,140,142,168,105,97,146,178,165,84,70,147,127,111,151,86,138,127,64,125,82,125,118,114,59,54,98,73,99,125,83,87,77,43,105,54,60,64,67,75,82,89,90,73,105,113,83,85,114,75,114,120,129,126,98,75,91,84,129,107,118,93,83,107,100,118,153,77,45,55,99,55,95,60,116,109,116,62,50,72,84,51,60,70,96,82,95,83,119,88,100,80,112,142,154,131,65,96,82,83,67,58,110,120,125,98,69,80,51,82,46,66,76,67,79,47,61,49,73,73,78,73,65,70,68,92,107,92,78,73,,,,,,,,,,,,,,,,,,,,,,,,,,,,,,97,68,157,75,94,62,58,80,72,91,129,45,90,93,,86,95,120,82,108,116,104,93,65,75,106,106,88,99,120,102,95,102,100,63,123,44,154,144,159,128,125,94,173,129,155,121,112,127,112,93,117,97,112,85,114,101,108,103,95,93,121,98,129,93,101,71,79,69,68,99,69,124,64,49,141,123,124,141,98,117,74,111,89,107,123,79,82,85,78,113,60,75,75,77,99,126,68,78,62,90,59,48,51,51,52,35,52,45,64,48,,53,66,68,65,76,71,56,64,,49,44,70,56,42,37,38,60,58,47,51,58,44,45,74,67,65,80,,73,39,70,74,55,69,98,83,99,91,81,,74,,73,,80,93,99,94,111,99,82,102,93,103,95,82,80,76,81,51,59,56,57,79,62,61,79,72,,108,124,46,98,76
20250905,17,CO,0.51,0.64,0.48,0.44,0.42,0.73,0.27,0.54,1.20,0.50,0.43,0.60,1.02,0.74,0.35,0.79,0.33,0.47,0.66,0.61,0.73,0.48,0.64,0.63,0.47,0.72,0.65,0.64,0.78,0.78,0.70,0.66,0.50,0.59,0.37,0.28,0.44,0.55,0.73,0.33,0.45,0.40,0.43,0.40,0.70,0.17,0.38,0.64,0.69,0.33,0.68,0.43,0.39,0.46,0.50,0.37,0.57,0.35,0.43,0.43,0.34,0.38,0.43,0.26,0.59,0.41,0.28,0.30,0.27,0.45,0.37,0.40,0.28,0.22,0.58,0.75,0.40,0.32,0.52,0.63,0.47,0.63,0.40,0.41,0.74,0.77,0.48,0.57,0.52,0.36,0.48,0.54,0.42,0.58,0.40,0.77,0.60,0.51,0.33,0.52,0.57,0.37,0.70,0.43,0.47,0.50,0.54,0.40,0.40,0.40,0.57,0.85,0.53,0.67,0.64,1.10,0.62,0.52,0.66,0.48,0.58,0.30,0.65,0.58,0.60,0.58,0.44,0.90,0.82,0.73,0.60,0.38,0.63,0.43,0.70,0.33,0.33,0.30,0.43,0.44,0.43,0.42,0.86,0.50,0.50,0.43,0.60,0.20,0.38,0.33,0.40,0.45,0.50,0.45,0.50,0.30,0.70,0.32,0.23,0.20,,,,,,,,,,,,,,,,,,,,,,,,,,,,,,0.50,0.80,0.47,0.74,0.30,0.97,0.45,0.67,0.47,0.25,0.37,0.30,0.35,0.37,0.60,0.20,0.25,0.50,0.65,0.58,1.13,0.45,0.45,0.35,0.65,0.50,0.60,0.63,0.55,0.53,0.53,0.70,0.68,0.60,0.35,0.60,0.40,0.58,0.40,0.67,0.47,0.53,0.50,0.50,0.40,0.55,0.38,0.63,0.57,0.40,0.42,0.83,0.57,0.57,0.30,0.77,0.65,0.53,0.35,0.68,0.55,0.38,0.50,0.40,0.62,0.48,0.75,0.65,0.74,0.68,0.68,0.43,0.47,0.72,0.72,0.77,0.50,0.70,0.53,0.60,0.73,0.37,0.72,0.50,0.60,0.50,0.27,0.23,0.50,0.35,0.57,0.63,0.45,0.40,0.37,0.47,0.47,0.50,0.55,0.50,0.50,0.27,0.45,0.50,0.40,0.47,0.42,0.45,0.50,0.40,0.50,,0.30,0.57,0.30,0.57,0.30,0.45,0.45,0.30,,0.20,0.25,0.30,0.40,0.50,0.45,0.35,0.27,0.35,0.45,0.60,0.30,0.45,0.40,0.20,0.15,0.25,0.30,,0.30,0.35,0.50,0.33,0.50,0.30,0.40,0.40,0.20,0.30,0.45,,0.35,,0.40,,0.20,0.60,0.30,0.40,0.60,0.50,0.40,0.30,0.20,0.25,0.20,0.50,0.20,0.25,0.35,0.45,0.15,0.30,0.50,0.50,0.10,0.30,0.35,0.15,,0.25,0.60,0.40,0.43,0.37
20250905,17,CO_24h,0.61,0.66,0.48,0.61,0.38,0.75,0.43,0.66,0.63,0.63,0.43,0.53,0.70,0.61,0.44,1.14,0.46,0.56,0.75,0.62,0.70,0.47,0.63,0.59,0.37,0.76,0.74,0.85,0.92,0.73,0.54,0.56,0.38,0.63,0.42,0.40,0.45,0.57,0.70,0.40,0.45,0.50,0.43,0.43,0.78,0.33,0.40,0.73,0.71,0.33,0.62,0.72,0.48,0.45,0.50,0.37,0.55,0.35,0.38,0.42,0.40,0.44,0.47,0.30,0.68,0.64,0.32,0.36,0.32,0.56,0.40,0.70,0.36,0.36,0.65,0.85,0.60,0.46,0.64,0.75,0.53,0.68,0.53,0.46,0.88,0.72,0.44,0.55,0.47,0.32,0.55,0.58,0.52,0.54,0.40,0.57,0.75,0.57,0.37,0.50,0.55,0.40,0.70,0.43,0.55,0.60,0.64,0.45,0.50,0.40,0.65,1.02,0.90,0.82,0.72,1.02,0.92,0.92,0.74,0.55,0.68,0.38,0.78,0.70,0.70,0.73,0.56,1.00,0.83,0.70,0.64,0.50,0.50,0.63,0.80,0.57,0.40,0.40,0.47,0.50,0.43,0.62,0.96,0.76,0.53,0.60,0.85,0.40,0.40,0.45,0.45,0.60,0.63,0.57,0.55,0.40,0.67,0.50,0.24,0.23,,,,,,,,,,,,,,,,,,,,,,,,,,,,,,0.47,0.90,0.57,0.82,0.38,0.63,0.66,0.73,0.97,0.35,0.67,0.30,0.40,0.50,0.60,0.30,0.35,0.62,0.75,0.68,0.85,0.47,0.55,0.45,0.60,0.50,0.55,0.60,0.67,0.53,0.60,0.60,0.75,0.60,0.45,0.60,0.35,0.58,0.44,0.67,0.68,0.75,0.50,0.47,0.50,0.38,0.40,0.63,0.82,0.47,0.53,1.07,0.60,0.63,0.50,0.77,0.78,0.70,0.35,0.68,0.55,0.46,0.45,0.53,0.74,0.45,0.70,0.60,0.70,0.63,0.70,0.33,0.53,0.80,0.74,0.73,0.68,0.85,0.57,0.70,0.77,0.43,0.85,0.60,0.70,0.50,0.40,0.22,0.65,0.35,0.83,0.47,0.50,0.50,0.50,0.60,0.57,0.55,0.55,0.60,0.83,0.40,0.60,0.88,0.80,0.68,0.55,0.65,0.65,0.60,0.60,,0.35,0.70,0.30,0.57,0.40,0.55,0.50,0.35,,0.25,0.35,0.40,0.40,0.45,0.55,0.50,0.27,0.35,0.55,0.60,0.40,0.55,0.40,0.20,0.15,0.20,0.30,,0.30,0.35,0.60,0.57,0.60,0.55,0.40,0.50,0.30,0.45,0.55,,0.50,,0.50,,0.20,0.80,0.50,0.40,0.40,0.50,0.40,0.40,0.27,0.35,0.23,0.60,0.25,0.55,0.35,0.60,0.20,0.35,0.45,0.70,0.10,0.30,0.35,0.35,,0.35,0.40,0.50,0.53,0.47
20250905,18,AQI,21,46,33,29,44,56,30,25,41,43,47,41,37,21,51,33,29,29,38,41,74,86,43,32,36,115,48,70,117,89,50,28,50,66,23,24,76,91,88,19,21,48,43,38,34,18,36,33,30,32,21,36,31,49,17,17,34,24,26,40,25,34,26,13,50,19,24,23,26,23,94,33,51,41,39,49,35,34,37,20,32,36,30,44,25,31,39,24,44,37,33,41,33,31,30,52,51,22,13,13,38,19,33,20,49,31,27,27,20,47,30,22,19,18,24,33,31,26,38,34,45,42,42,40,37,37,28,55,37,26,25,23,54,35,38,36,21,29,17,30,13,21,18,23,30,34,21,18,33,29,24,51,42,32,20,69,71,34,30,344,,,,,,,,,,,,,,,,,,,,,,,,,,,,,,34,44,33,23,52,26,21,29,59,30,59,27,32,49,59,28,30,35,54,36,61,39,28,19,33,31,49,38,50,55,35,33,36,57,31,47,38,47,41,36,40,35,43,43,41,46,29,33,41,28,19,29,34,24,18,34,34,32,53,43,33,33,35,38,51,39,49,22,24,29,51,41,36,22,33,47,35,41,46,34,35,22,27,30,33,34,27,26,36,25,33,31,26,29,23,37,39,21,30,24,27,22,20,23,22,18,31,23,22,27,18,,17,23,26,24,23,26,18,20,,15,21,26,22,27,55,14,23,18,36,21,23,18,23,24,28,23,26,,20,16,22,40,19,26,81,42,80,70,57,,30,,93,,27,35,54,37,51,36,26,72,53,54,73,56,52,34,36,500,500,500,500,39,28,24,36,31,,63,36,15,35,23
20250905,18,PM2.5,14,32,23,17,20,40,15,13,27,29,33,29,25,12,16,16,11,13,16,16,25,30,17,9,21,32,23,26,27,32,28,10,26,33,9,11,27,37,23,11,5,20,19,19,10,3,15,18,21,8,6,17,16,20,8,4,13,4,12,19,12,12,12,3,27,7,11,7,5,5,34,17,17,11,21,34,9,9,13,9,12,19,12,17,6,22,27,17,23,8,10,22,23,6,3,35,36,7,4,4,19,5,20,4,21,13,19,12,4,33,17,6,6,9,16,19,13,12,14,21,19,23,19,22,17,26,15,37,26,13,11,10,38,19,12,22,12,14,5,12,6,8,5,9,12,8,7,8,23,9,8,21,21,15,10,22,26,11,3,107,,,,,,,,,,,,,,,,,,,,,,,,,,,,,,24,24,20,3,19,18,13,19,39,7,26,15,12,22,42,13,7,10,24,18,44,19,10,10,12,17,26,9,15,18,14,21,17,18,11,21,13,22,18,13,27,20,13,22,16,31,14,21,21,16,3,17,19,14,7,24,13,22,21,15,17,15,11,17,36,21,34,8,14,11,27,19,19,8,21,25,23,16,28,17,21,15,19,18,13,24,19,13,25,15,17,8,11,10,13,22,16,10,11,8,6,6,3,3,3,12,13,3,3,6,10,,3,13,15,17,8,17,7,14,,3,15,15,14,7,39,9,10,11,12,15,13,8,8,11,3,3,8,,3,5,3,12,6,9,43,18,23,23,20,,21,,31,,9,19,24,10,24,18,3,23,13,15,24,29,14,11,16,221,408,441,283,7,3,8,11,9,,26,19,8,23,4
20250905,18,PM2.5_24h,35,35,22,32,20,28,30,21,35,42,34,29,23,19,15,27,21,19,20,15,24,21,19,5,25,28,23,28,33,30,15,14,16,29,11,16,25,30,21,12,5,24,20,15,27,19,16,22,31,9,12,22,22,12,6,4,11,6,11,11,7,11,13,6,35,31,15,9,7,13,28,15,28,13,20,26,23,24,21,20,21,30,22,14,38,31,28,24,24,10,14,27,28,6,5,19,28,9,5,8,15,6,15,5,21,17,20,9,7,26,19,18,15,25,28,26,21,19,26,21,26,17,22,33,32,30,14,27,17,17,9,6,18,26,21,32,16,16,6,16,4,16,42,14,34,22,22,22,18,11,15,9,30,22,13,19,23,30,10,42,,,,,,,,,,,,,,,,,,,,,,,,,,,,,,16,29,24,3,16,20,8,24,14,44,40,17,62,24,32,17,20,23,22,19,38,20,14,13,17,21,27,10,18,17,20,17,21,12,16,22,11,21,18,17,34,25,14,28,21,24,15,24,23,26,21,18,14,16,16,26,22,19,18,16,13,20,12,22,22,15,24,11,26,6,38,23,24,13,25,22,32,17,24,17,18,15,25,26,13,22,21,20,28,17,31,10,12,14,16,21,20,12,14,12,7,8,21,40,55,42,28,34,15,18,10,,5,14,14,15,11,25,14,13,,7,15,30,8,12,19,11,17,13,12,13,14,13,9,6,4,2,9,,2,4,5,38,8,8,25,21,15,23,33,,27,,14,,13,18,19,14,11,14,3,21,32,38,27,60,13,17,20,290,337,408,328,20,7,5,14,14,,20,17,6,35,15
20250905,18,PM10,20,43,32,25,44,47,30,25,41,43,40,34,37,21,52,33,21,29,38,27,43,47,33,18,24,53,38,38,43,42,45,22,40,54,17,24,42,48,36,19,13,36,30,31,19,10,21,31,28,11,18,34,26,36,17,8,30,22,22,40,25,20,26,8,50,19,24,14,8,10,138,33,51,41,39,46,35,34,32,20,22,29,28,32,7,29,33,24,44,14,31,41,30,10,8,54,51,20,10,12,38,9,33,8,35,31,27,18,16,45,30,13,19,15,24,33,31,26,38,34,45,42,42,35,30,30,28,60,36,26,25,23,48,32,21,26,21,29,17,28,11,21,9,20,30,34,21,18,26,16,15,51,42,32,16,88,92,34,20,455,,,,,,,,,,,,,,,,,,,,,,,,,,,,,,30,44,30,10,53,24,18,29,67,11,67,22,32,49,43,28,27,30,58,36,56,39,28,19,33,31,49,38,50,59,35,33,36,64,31,47,38,38,35,20,40,24,43,27,29,46,,28,30,28,19,29,34,24,15,33,34,30,55,43,33,30,25,38,46,39,46,17,22,29,51,41,30,22,33,47,29,37,46,34,33,17,20,21,,30,25,16,36,23,30,31,26,22,18,37,27,19,23,14,16,6,19,8,22,18,31,9,8,16,12,,9,23,24,19,16,25,18,13,,9,19,26,19,27,22,14,23,17,36,,23,18,23,17,8,6,26,,9,16,7,40,8,16,112,42,109,89,64,,29,,135,,27,35,57,37,52,36,9,94,55,57,96,61,54,21,26,745,1162,1178,1010,35,24,17,36,22,,76,31,14,35,11
20250905,18,PM10_24h,52,52,40,50,43,39,57,32,54,63,49,59,42,32,32,52,29,43,46,27,41,35,29,14,38,46,40,46,44,36,26,21,28,43,23,28,38,41,31,24,13,38,31,27,42,28,24,38,50,17,18,40,38,24,13,8,19,11,21,24,15,22,21,14,50,48,28,18,13,26,82,28,96,44,31,40,55,60,37,40,29,34,33,28,54,48,41,40,45,15,29,53,44,11,11,32,43,18,13,17,22,10,26,10,39,34,36,26,19,35,33,26,33,39,41,45,43,43,41,35,48,32,45,45,49,41,19,35,21,26,14,13,28,42,33,43,21,27,12,30,13,28,59,33,52,34,33,30,25,20,37,20,70,40,23,55,84,138,28,168,,,,,,,,,,,,,,,,,,,,,,,,,,,,,,30,47,37,12,32,27,11,30,26,154,59,34,195,41,36,25,74,44,48,37,51,35,34,25,41,35,36,27,43,51,37,32,42,32,32,46,34,37,32,35,55,36,34,35,40,38,21,33,35,39,33,28,22,29,25,37,35,31,34,27,27,36,27,36,27,30,30,25,37,20,60,32,51,24,41,48,48,36,37,27,31,23,36,38,21,32,31,28,40,24,55,24,27,25,24,38,29,22,25,22,14,22,28,59,89,51,51,46,23,24,15,,16,23,22,20,18,32,26,12,,12,14,40,14,29,17,18,21,20,25,14,28,22,16,8,8,9,13,,4,9,12,79,20,15,84,38,43,56,75,,58,,45,,21,33,30,34,37,25,10,70,127,197,65,131,43,44,42,920,993,1091,1330,54,18,25,35,40,,48,27,15,62,30
20250905,18,SO2,2,6,2,2,5,5,3,6,9,3,3,4,2,8,6,6,8,5,7,7,5,6,4,5,4,8,5,8,4,9,7,7,6,7,5,4,6,7,6,6,2,3,5,5,6,4,2,5,8,5,5,6,4,6,7,5,4,6,4,6,8,6,4,5,7,3,7,5,5,2,7,10,5,5,3,9,5,6,7,7,6,5,3,8,9,15,3,5,7,4,3,4,2,6,4,6,8,5,4,5,7,4,5,3,8,5,3,6,4,4,6,7,5,7,9,8,7,4,7,5,6,7,8,6,7,5,6,6,4,7,4,6,5,3,6,5,5,5,4,5,3,8,5,7,5,7,3,4,4,4,3,3,4,7,4,2,19,7,7,4,,,,,,,,,,,,,,,,,,,,,,,,,,,,,,4,5,5,2,4,7,4,5,3,7,6,5,8,11,6,4,8,8,4,7,6,5,11,11,5,6,5,7,9,12,5,6,7,10,6,9,5,6,5,7,8,5,4,7,4,4,3,3,6,5,6,14,4,5,4,7,12,8,7,5,9,6,4,8,4,4,2,3,5,8,3,4,5,8,7,9,2,9,6,4,4,5,4,7,4,6,2,4,9,6,9,4,5,6,2,5,9,7,8,7,6,6,4,6,7,6,5,7,6,6,8,,6,18,3,6,6,7,4,4,,4,9,7,12,7,7,6,7,3,6,6,10,5,7,4,3,10,2,,7,5,6,2,5,4,10,7,9,5,8,,5,,6,,5,12,3,9,12,17,3,7,3,7,8,7,4,9,7,5,5,4,2,4,5,3,11,6,,11,9,7,5,4
20250905,18,SO2_24h,3,8,2,5,7,7,3,6,4,6,6,6,3,8,6,8,8,5,9,6,5,6,5,4,6,8,7,9,5,10,8,7,6,7,6,4,6,7,6,6,3,3,4,4,7,5,3,6,9,5,5,5,6,6,7,5,5,6,5,6,8,7,6,5,9,4,6,5,7,2,8,9,6,6,5,10,6,6,8,7,7,5,3,9,10,9,4,8,9,5,4,5,4,6,5,6,11,6,4,6,7,4,6,3,11,8,9,7,5,5,6,7,5,20,13,7,7,6,8,7,6,6,8,7,8,7,6,7,4,7,4,5,5,5,7,6,6,6,4,6,3,9,6,11,5,8,4,4,6,4,3,3,4,7,4,8,22,9,7,4,,,,,,,,,,,,,,,,,,,,,,,,,,,,,,5,6,7,2,4,6,3,5,3,9,6,6,9,11,6,4,8,12,4,12,5,6,10,11,6,6,4,6,9,12,9,6,7,11,8,9,5,7,6,9,9,6,4,7,5,5,4,5,6,7,6,6,4,9,5,7,15,9,10,6,12,8,4,15,5,5,3,2,4,8,4,3,6,8,7,10,2,10,6,4,5,5,8,8,5,9,3,6,10,6,10,4,4,4,5,10,13,7,14,7,5,6,4,6,12,6,5,7,6,6,8,,5,10,3,6,5,10,4,3,,4,9,7,10,7,7,7,7,4,6,5,14,5,6,3,3,8,2,,6,5,6,3,5,4,9,9,8,6,7,,5,,6,,5,12,7,9,9,17,4,8,4,5,8,7,4,8,6,4,8,4,2,5,4,3,10,6,,11,6,8,6,4
20250905,18,NO2,12,16,11,13,20,20,13,14,23,19,10,10,12,21,10,18,16,18,19,15,11,19,16,8,12,18,22,13,21,11,13,9,10,17,7,13,15,13,17,9,10,11,9,9,12,6,11,10,33,9,15,14,10,19,17,6,24,11,14,29,10,10,7,4,12,18,9,7,7,10,7,9,9,8,10,14,10,8,6,12,16,8,10,12,13,15,17,18,10,8,19,16,27,8,13,25,13,6,7,7,10,5,7,3,13,9,7,5,6,9,13,14,14,24,22,14,24,12,13,19,10,31,15,14,10,13,10,18,19,15,8,12,9,9,9,5,2,6,5,7,9,16,10,7,8,11,13,7,8,5,12,20,15,18,19,6,9,10,5,4,,,,,,,,,,,,,,,,,,,,,,,,,,,,,,6,8,35,11,7,20,8,14,22,3,17,7,5,7,8,8,5,11,14,13,22,19,25,10,12,11,6,16,33,19,18,15,21,35,11,13,5,7,9,6,10,16,7,4,8,13,7,4,8,5,10,14,8,11,6,7,15,8,6,13,3,4,4,8,12,10,14,9,8,8,7,11,4,8,12,15,6,5,26,14,10,4,9,11,12,10,4,5,9,7,3,9,6,6,5,7,7,6,4,7,7,6,9,7,17,8,16,9,6,8,6,,10,9,7,4,7,9,6,6,,3,3,16,11,6,11,5,4,7,8,6,6,12,5,1,3,2,9,,2,4,8,8,7,8,8,11,10,3,8,,6,,12,,4,3,1,6,2,8,9,2,5,6,7,3,6,5,4,2,4,14,6,9,1,15,8,3,,6,8,6,14,12
20250905,18,NO2_24h,17,19,15,18,19,13,26,12,18,18,19,25,14,17,15,32,14,26,25,21,17,22,21,8,15,16,28,23,23,11,12,10,9,23,11,14,17,19,20,10,15,19,17,12,19,9,17,22,33,12,13,17,10,20,14,8,16,10,10,27,11,13,9,6,18,23,9,10,17,9,11,10,12,27,9,12,13,9,17,16,20,17,13,19,26,20,17,24,14,10,15,18,22,10,10,17,17,8,8,9,10,7,11,6,20,12,16,14,12,13,14,11,14,32,17,15,24,21,18,17,9,19,11,16,17,28,11,14,11,12,9,10,10,13,11,10,5,10,6,13,6,15,15,18,11,19,17,8,7,8,10,10,15,13,11,12,20,10,13,13,,,,,,,,,,,,,,,,,,,,,,,,,,,,,,9,8,18,11,8,14,6,16,24,5,15,17,7,12,11,7,4,13,19,17,10,20,18,15,13,10,7,14,24,15,14,9,21,23,12,12,8,13,9,9,20,12,6,10,11,10,10,10,11,12,10,12,5,14,9,10,13,11,13,10,5,8,7,14,9,8,12,9,9,7,14,9,11,10,13,17,10,12,12,10,10,8,9,15,10,12,6,10,13,9,27,11,14,11,8,15,11,13,10,11,16,7,12,21,26,11,28,14,10,11,7,,15,9,6,3,7,8,6,5,,4,5,12,10,7,8,9,5,6,6,8,9,12,6,4,4,7,12,,4,3,9,10,6,10,6,12,16,11,11,,6,,8,,6,5,3,2,3,3,10,3,6,5,6,16,16,31,12,10,13,23,22,27,4,17,17,18,,7,17,5,22,9
20250905,18,O3,66,100,77,94,102,80,79,66,85,88,110,92,88,59,86,81,94,69,88,131,179,189,137,103,115,230,153,176,233,191,160,90,159,173,75,51,181,193,190,54,66,152,139,122,110,57,114,105,48,102,66,116,99,157,50,55,109,78,82,127,69,109,82,43,79,57,58,73,84,74,94,94,111,102,90,93,88,93,117,64,103,115,96,141,81,67,79,71,132,119,105,80,76,98,97,98,159,70,42,43,82,62,79,65,157,89,79,87,65,79,75,69,59,58,67,97,71,65,111,57,93,57,89,127,118,104,70,91,80,73,74,71,142,113,121,116,57,83,50,97,41,43,57,73,54,61,59,59,75,93,76,64,56,67,65,100,129,101,97,84,,,,,,,,,,,,,,,,,,,,,,,,,,,,,,101,76,104,72,84,66,66,72,60,95,119,87,93,87,103,87,97,112,103,90,86,104,52,52,51,92,109,65,60,104,85,65,78,61,51,126,76,149,132,115,127,112,89,137,131,138,93,107,130,91,45,85,92,77,59,84,71,101,74,81,90,107,111,93,85,98,65,70,77,63,87,80,115,59,70,115,111,131,113,74,111,70,84,97,104,90,77,83,100,80,105,62,81,92,73,88,126,66,97,78,86,70,63,75,63,48,21,73,69,87,58,,54,70,84,66,75,84,58,64,,49,51,61,69,38,34,41,62,59,38,56,69,40,49,77,88,73,81,,63,51,69,91,62,83,109,90,105,113,89,,70,,81,,79,100,108,93,128,97,83,122,95,112,99,109,93,108,115,83,73,69,93,124,89,77,105,100,,121,116,49,86,72
20250905,18,O3_24h,,,,,,,,,,,,,,,,,,,,,,,,,,,,,,,,,,,,,,,,,,,,,,,,,,,,,,,,,,,,,,,,,,,,,,,,,,,,,,,,,,,,,,,,,,,,,,,,,,,,,,,,,,,,,,,,,,,,,,,,,,,,,,,,,,,,,,,,,,,,,,,,,,,,,,,,,,,,,,,,,,,,,,,,,,,,,,,,,,,,,,,,,,,,,,,,,,,,,,,,,,,,,,,,,,,,,,,,,,,,,,,,,,,,,,,,,,,,,,,,,,,,,,,,,,,,,,,,,,,,,,,,,,,,,,,,,,,,,,,,,,,,,,,,,,,,,,,,,,,,,,,,,,,,,,,,,,,,,,,,,,,,,,,,,,,,,,,,,,,,,,,,,,,,,,,,,,,,,,,,,,,,,,,,,,,,,,,
20250905,18,O3_8h,81,108,83,107,121,103,85,107,106,107,97,92,100,72,88,103,105,104,114,159,177,192,170,105,136,212,170,152,213,192,152,141,150,174,105,97,155,186,174,85,71,150,136,116,152,87,139,131,65,127,91,128,116,129,62,56,107,77,103,137,87,94,81,44,108,59,61,68,75,75,87,94,97,81,105,113,87,92,117,77,114,121,129,133,100,89,91,85,135,105,118,96,84,107,103,118,160,79,45,56,103,57,99,62,128,114,118,67,55,79,85,72,61,70,98,85,96,67,120,88,101,82,112,142,154,133,70,98,93,85,74,84,120,125,127,102,70,83,51,87,47,69,77,70,80,53,66,54,75,80,78,75,65,71,69,95,115,96,85,77,,,,,,,,,,,,,,,,,,,,,,,,,,,,,,101,74,159,82,96,79,73,82,72,107,129,51,93,95,37,88,101,120,86,108,117,104,93,67,76,108,108,90,99,120,102,95,103,92,64,126,52,158,146,161,132,128,96,173,133,162,122,118,131,112,98,118,100,114,85,115,102,111,103,96,95,124,104,130,95,104,96,81,72,69,104,72,124,66,53,142,128,130,142,98,122,78,101,90,108,124,81,83,88,81,120,62,81,81,79,104,130,69,84,66,90,64,54,58,56,53,37,59,53,69,54,,58,69,73,66,77,76,57,65,,49,46,71,60,44,40,39,62,58,49,53,65,47,47,77,74,68,82,,75,43,70,76,59,73,101,89,102,97,93,,75,,75,,82,98,102,96,117,100,84,109,94,105,96,89,85,87,92,59,66,62,66,91,69,67,90,81,,112,126,47,98,77
20250905,18,O3_8h_24h,79,108,82,106,120,99,85,86,103,105,97,91,81,64,85,102,103,100,112,159,177,192,169,105,136,212,169,173,213,192,152,136,150,174,103,92,155,186,174,81,71,150,136,116,148,82,139,130,64,126,79,128,117,129,62,56,107,77,102,137,87,94,81,44,108,59,61,68,75,75,87,93,97,83,104,113,85,87,117,77,114,121,127,133,95,72,90,84,135,111,118,96,83,106,103,117,160,79,45,55,103,57,99,62,128,114,118,67,55,78,82,55,61,68,93,85,95,84,120,85,101,81,111,140,149,133,66,98,83,85,68,62,120,125,127,102,70,83,51,87,47,69,77,70,80,53,66,54,75,80,78,74,65,69,68,95,115,94,85,77,,,,,,,,,,,,,,,,,,,,,,,,,,,,,,106,74,159,74,93,64,60,81,71,92,129,51,93,92,,87,95,119,86,106,115,103,88,67,75,105,108,90,97,119,100,94,102,99,64,126,52,158,146,159,132,128,96,172,133,162,120,118,131,111,86,118,100,114,82,113,100,111,103,96,95,124,104,130,95,104,70,78,72,69,104,72,124,66,53,142,128,130,142,97,122,78,111,90,108,122,81,83,88,81,120,62,81,81,79,104,130,69,84,66,90,64,54,58,56,52,36,59,53,69,54,,58,69,73,66,77,76,57,64,,49,46,71,60,44,40,39,62,58,49,53,65,47,47,77,74,68,82,,73,43,70,76,59,73,101,85,102,97,84,,75,,75,,82,98,102,96,117,100,84,109,94,105,96,89,85,87,92,59,66,62,66,91,69,67,90,81,,112,126,47,95,76
20250905,18,CO,0.52,0.64,0.51,0.45,0.55,0.83,0.29,0.56,1.30,0.53,0.47,0.63,0.95,0.81,0.34,0.77,0.33,0.50,0.70,0.59,0.77,0.54,0.73,0.64,0.42,0.80,0.63,0.71,0.84,0.80,0.76,0.64,0.50,0.60,0.37,0.34,0.49,0.57,0.78,0.35,0.45,0.43,0.40,0.40,0.61,0.15,0.38,0.71,0.75,0.34,0.64,0.46,0.46,0.49,0.51,0.37,0.63,0.35,0.48,0.45,0.37,0.42,0.43,0.28,0.58,0.48,0.28,0.34,0.25,0.48,0.37,0.43,0.28,0.22,0.60,0.78,0.42,0.32,0.48,0.65,0.47,0.68,0.43,0.47,0.74,0.85,0.46,0.60,0.52,0.40,0.52,0.56,0.50,0.58,0.40,0.80,0.67,0.56,0.33,0.52,0.67,0.40,0.75,0.43,0.50,0.50,0.56,0.40,0.43,0.40,0.56,0.88,0.55,0.68,0.68,0.92,0.72,0.52,0.68,0.52,0.60,0.42,0.70,0.53,0.50,0.62,0.44,1.14,0.88,0.75,0.50,0.40,0.63,0.47,0.68,0.57,0.37,0.35,0.40,0.49,0.47,0.48,0.72,0.50,0.40,0.40,0.68,0.25,0.38,0.33,0.40,0.55,0.53,0.47,0.50,0.30,0.60,0.34,0.25,0.20,,,,,,,,,,,,,,,,,,,,,,,,,,,,,,0.40,0.80,0.50,0.75,0.30,1.13,0.45,0.70,0.53,0.30,0.37,0.25,0.35,0.30,0.70,0.30,0.30,0.54,0.72,0.63,1.50,0.58,0.55,0.40,0.65,0.50,0.55,0.67,0.67,0.67,0.53,0.72,0.70,0.73,0.40,0.65,0.45,0.58,0.44,0.60,0.50,0.55,0.55,0.47,0.42,0.50,0.35,0.63,0.60,0.38,0.48,1.67,0.70,0.53,0.30,0.80,1.80,0.68,0.35,0.64,0.55,0.40,0.53,0.47,0.72,0.55,0.70,0.68,0.72,0.68,0.65,0.43,0.50,0.65,0.72,0.73,0.54,0.70,0.63,0.70,0.77,0.40,0.75,0.50,0.70,0.47,0.30,0.27,0.65,0.50,0.57,0.47,0.45,0.43,0.40,0.47,0.53,0.50,0.60,0.50,0.53,0.27,0.47,0.50,0.50,0.47,0.40,0.45,0.50,0.47,0.50,,0.40,0.73,0.30,0.60,0.30,0.50,0.45,0.35,,0.30,0.30,0.40,0.50,0.50,0.55,0.45,0.23,0.35,0.50,0.60,0.30,0.50,0.45,0.20,0.15,0.25,0.20,,0.30,0.40,0.53,0.30,0.50,0.30,0.35,0.40,0.20,0.30,0.50,,0.35,,0.40,,0.20,0.50,0.30,0.50,0.70,0.50,0.40,0.30,0.20,0.25,0.17,0.55,0.20,0.25,0.35,0.45,0.15,0.20,0.50,0.50,0.10,0.30,0.35,0.15,,0.25,0.70,0.40,0.43,0.40
20250905,18,CO_24h,0.60,0.65,0.49,0.60,0.38,0.77,0.43,0.66,0.67,0.63,0.43,0.53,0.75,0.63,0.44,1.13,0.46,0.56,0.76,0.62,0.71,0.47,0.63,0.59,0.40,0.76,0.72,0.84,0.92,0.78,0.56,0.56,0.38,0.63,0.42,0.38,0.45,0.57,0.70,0.40,0.45,0.50,0.43,0.43,0.78,0.33,0.40,0.74,0.72,0.33,0.61,0.72,0.48,0.45,0.51,0.37,0.55,0.35,0.38,0.42,0.40,0.44,0.47,0.30,0.68,0.64,0.32,0.36,0.32,0.55,0.40,0.70,0.34,0.36,0.65,0.85,0.59,0.46,0.64,0.75,0.53,0.68,0.50,0.46,0.88,0.72,0.44,0.55,0.47,0.32,0.55,0.58,0.52,0.54,0.40,0.57,0.75,0.57,0.35,0.50,0.55,0.40,0.70,0.43,0.55,0.60,0.62,0.45,0.50,0.40,0.65,1.03,0.90,0.80,0.72,1.02,0.92,0.92,0.74,0.55,0.68,0.38,0.75,0.70,0.67,0.73,0.56,1.00,0.85,0.70,0.64,0.50,0.50,0.63,0.80,0.60,0.40,0.40,0.47,0.50,0.43,0.60,0.92,0.76,0.53,0.57,0.85,0.35,0.40,0.45,0.43,0.60,0.63,0.55,0.55,0.30,0.67,0.48,0.24,0.23,,,,,,,,,,,,,,,,,,,,,,,,,,,,,,0.47,0.90,0.57,0.80,0.38,0.63,0.66,0.73,0.97,0.35,0.63,0.25,0.40,0.48,0.60,0.30,0.35,0.62,0.75,0.68,0.90,0.47,0.55,0.45,0.65,0.50,0.55,0.63,0.67,0.53,0.60,0.60,0.75,0.60,0.45,0.60,0.35,0.58,0.44,0.67,0.67,0.75,0.50,0.47,0.50,0.38,0.40,0.63,0.80,0.47,0.53,1.10,0.60,0.63,0.50,0.77,0.85,0.65,0.35,0.68,0.58,0.46,0.45,0.53,0.74,0.47,0.70,0.60,0.70,0.65,0.70,0.37,0.55,0.80,0.74,0.73,0.64,0.85,0.57,0.70,0.77,0.43,0.85,0.60,0.70,0.50,0.40,0.22,0.65,0.40,0.83,0.47,0.50,0.50,0.50,0.60,0.57,0.55,0.55,0.60,0.83,0.40,0.60,0.88,0.80,0.68,0.55,0.65,0.65,0.58,0.60,,0.30,0.67,0.30,0.57,0.40,0.55,0.50,0.35,,0.25,0.35,0.40,0.40,0.50,0.55,0.50,0.27,0.35,0.55,0.60,0.40,0.55,0.40,0.20,0.15,0.20,0.30,,0.30,0.40,0.60,0.53,0.60,0.50,0.40,0.50,0.30,0.40,0.55,,0.50,,0.50,,0.20,0.80,0.50,0.40,0.40,0.50,0.40,0.40,0.27,0.35,0.20,0.60,0.25,0.55,0.35,0.60,0.20,0.35,0.50,0.70,0.10,0.30,0.35,0.35,,0.35,0.40,0.50,0.55,0.47
20250905,19,AQI,19,54,32,34,36,58,33,35,42,39,55,40,39,20,55,36,27,32,41,32,68,64,39,29,33,105,49,61,108,64,48,26,48,47,18,24,47,71,66,23,19,44,36,37,25,16,32,34,19,30,22,36,36,40,17,15,32,22,24,55,22,34,24,13,45,27,25,22,25,23,92,50,54,35,39,51,28,32,36,21,29,44,24,41,26,27,26,30,43,33,37,46,39,29,27,43,53,19,13,14,39,18,33,18,46,32,29,28,21,42,46,18,32,18,23,40,38,25,40,38,47,63,40,42,34,39,29,61,36,29,24,21,58,32,37,39,30,30,14,30,14,24,17,22,32,33,20,18,31,28,23,55,47,39,20,69,78,45,31,354,,,,,,,,,,,,,,,,,,,,,,,,,,,,,,35,33,32,20,54,29,20,46,76,29,58,26,38,44,58,28,30,32,54,27,61,50,39,19,34,38,45,36,55,59,42,45,42,72,37,52,41,42,48,32,45,33,41,41,38,49,23,39,33,35,22,31,31,31,21,46,40,39,22,29,33,33,30,47,49,43,49,21,23,26,43,34,40,22,32,53,47,39,48,38,36,21,49,50,29,32,30,23,40,37,28,34,27,26,24,36,33,20,28,22,24,23,21,23,23,19,26,24,22,25,19,,15,22,26,34,25,37,18,20,,15,23,53,29,36,43,19,27,31,39,24,28,28,21,23,27,22,23,,19,17,20,42,18,25,77,44,77,71,55,,30,,92,,26,56,55,57,60,51,24,38,51,60,74,60,59,33,35,500,500,500,500,39,28,25,40,32,,74,34,16,29,23
20250905,19,PM2.5,13,38,20,24,20,41,16,14,29,27,39,28,25,12,18,17,11,13,18,14,30,26,16,9,18,33,26,31,32,33,29,13,31,28,9,12,25,35,19,12,5,22,21,16,10,3,14,20,11,5,8,21,25,22,7,5,14,3,11,25,11,15,14,4,31,8,11,9,5,7,34,22,18,11,27,33,6,10,13,10,12,29,12,19,13,18,13,21,23,11,14,29,27,7,5,30,33,9,4,3,17,5,17,5,20,20,19,11,5,29,24,8,13,8,16,22,16,15,17,23,18,25,18,28,21,27,15,44,25,20,11,9,41,21,16,27,13,16,6,14,9,11,4,11,19,9,8,5,22,9,10,22,21,14,9,22,28,12,10,118,,,,,,,,,,,,,,,,,,,,,,,,,,,,,,21,23,20,4,21,20,10,24,41,9,32,16,11,20,41,12,8,15,33,14,44,23,16,8,12,17,27,11,21,24,23,25,17,26,9,24,18,24,20,14,28,22,20,26,19,33,14,27,22,18,4,16,17,22,7,32,18,27,15,14,18,16,17,33,34,20,34,7,15,10,30,8,27,10,19,31,29,16,29,21,21,15,34,35,20,21,21,16,25,26,12,10,12,11,15,25,15,10,13,8,9,7,3,6,3,13,6,3,3,6,13,,3,14,16,24,11,23,12,14,,5,16,20,20,15,30,9,13,12,14,17,15,14,7,7,3,3,7,,3,5,3,13,6,10,40,27,23,25,21,,21,,39,,15,23,21,12,24,22,3,,15,16,25,28,19,5,14,257,416,419,291,12,3,3,14,10,,31,20,10,20,9
20250905,19,PM2.5_24h,35,35,22,31,19,29,30,21,35,42,34,29,24,18,15,27,21,19,20,15,24,21,19,5,25,28,22,28,33,30,16,14,17,29,11,16,25,30,21,11,5,24,20,15,27,17,16,22,31,9,12,22,23,12,6,4,11,6,11,11,7,11,13,6,36,31,16,9,7,13,29,14,29,13,20,26,22,24,21,19,21,30,21,14,36,30,28,24,25,10,14,27,28,6,5,20,28,9,4,7,15,5,15,5,21,16,20,9,7,26,19,18,15,25,27,26,20,16,26,21,26,16,21,33,31,30,14,28,17,17,9,6,19,26,21,33,16,16,6,16,5,16,41,14,34,22,22,21,18,11,15,10,30,22,13,19,24,30,10,46,,,,,,,,,,,,,,,,,,,,,,,,,,,,,,17,29,24,2,16,20,10,24,15,43,40,16,62,24,32,17,20,23,22,19,39,20,14,13,17,21,27,11,17,17,19,17,21,12,16,22,12,21,18,17,34,25,14,28,21,25,15,25,23,26,20,18,14,16,16,26,22,20,18,16,13,20,12,23,22,15,25,11,26,6,38,22,24,13,25,22,32,17,24,17,18,15,26,27,13,22,22,20,28,18,30,10,12,14,16,22,20,12,14,12,8,8,20,39,53,41,27,32,14,18,11,,5,14,14,16,11,25,14,13,,7,15,30,8,13,19,11,17,13,12,13,14,13,9,6,4,2,9,,2,5,5,38,8,8,24,21,15,24,33,,28,,15,,12,18,19,14,11,14,3,21,32,35,28,57,13,17,20,281,346,413,334,20,7,5,14,15,,20,17,6,35,16
20250905,19,PM10,19,49,32,30,36,51,33,35,42,38,45,39,39,20,60,36,20,32,41,25,51,44,30,19,20,55,49,48,48,44,48,20,45,47,17,24,42,48,31,23,11,41,36,35,16,13,20,34,19,13,22,36,24,40,17,9,32,22,24,59,22,30,24,9,45,27,25,22,8,13,133,50,57,35,33,51,28,32,31,21,22,44,24,36,16,27,15,24,43,18,37,46,37,9,10,38,56,19,13,14,39,13,33,10,37,32,29,20,21,42,46,16,32,16,22,40,38,25,40,38,47,76,40,42,30,33,29,67,32,28,23,21,49,32,28,34,30,30,10,30,14,24,7,22,32,33,20,8,30,22,13,59,47,39,16,88,105,45,29,463,,,,,,,,,,,,,,,,,,,,,,,,,,,,,,35,25,29,14,57,28,14,46,101,21,65,25,38,44,46,28,30,30,58,27,43,50,39,19,34,38,45,36,59,67,42,45,42,93,37,53,41,40,48,20,45,31,41,31,33,49,16,34,33,35,22,31,31,28,21,39,40,36,22,29,33,33,30,41,49,43,44,16,22,26,43,34,40,22,32,56,47,35,48,38,36,19,48,,,32,27,20,40,,22,34,27,23,20,33,28,16,19,15,20,4,13,13,23,18,26,11,8,19,,,15,22,26,25,25,37,15,13,,12,16,55,23,36,33,19,27,31,39,20,28,28,21,10,8,8,17,,6,17,7,42,9,20,103,44,104,92,59,,30,,133,,26,62,59,64,69,51,8,,51,69,97,69,68,19,26,791,1183,1195,1064,35,25,18,40,30,,97,34,16,27,13
20250905,19,PM10_24h,51,52,40,49,43,40,57,32,53,62,48,58,42,31,33,52,29,43,46,27,41,36,29,15,37,47,40,46,45,37,27,21,29,43,22,27,37,41,31,23,13,38,31,27,41,26,24,38,48,17,18,40,37,25,13,8,20,12,21,25,15,22,21,14,50,48,28,18,13,26,83,28,97,43,31,40,55,60,37,39,29,34,32,28,52,46,40,39,45,15,30,52,43,10,11,33,43,18,12,17,23,10,26,10,39,34,36,25,19,35,34,25,33,38,40,45,43,41,41,35,48,32,44,45,48,41,20,36,21,26,15,14,29,42,32,43,21,28,12,30,13,27,57,33,52,34,33,29,25,20,37,21,72,41,24,57,85,139,28,183,,,,,,,,,,,,,,,,,,,,,,,,,,,,,,30,46,37,11,33,27,12,31,30,153,60,33,198,42,36,25,73,44,48,36,51,35,35,25,41,35,36,27,43,51,37,31,41,34,31,46,34,37,32,35,55,36,34,35,39,39,21,34,34,38,32,28,22,30,25,36,35,31,32,27,27,37,27,37,28,30,31,25,36,20,61,31,51,23,40,49,49,36,37,28,31,23,37,38,21,32,31,28,40,25,54,24,27,25,24,38,29,21,25,22,15,21,28,58,85,50,50,44,22,24,15,,15,23,22,20,19,33,25,12,,13,14,41,15,30,17,19,21,21,27,14,27,22,16,8,8,9,13,,4,9,12,80,19,15,70,39,46,58,76,,59,,49,,20,33,31,35,38,24,9,71,129,169,68,127,45,45,42,883,1018,1105,1353,54,19,25,35,40,,47,28,15,61,31
20250905,19,SO2,3,6,2,3,5,5,3,6,8,3,3,4,2,9,6,6,8,5,8,6,5,6,4,5,4,7,6,9,4,9,7,6,6,7,5,4,7,6,6,6,2,3,7,4,6,4,2,5,8,5,5,6,4,6,7,5,4,6,5,6,8,6,4,5,7,3,6,4,5,2,8,11,5,5,3,8,6,6,7,9,6,5,2,8,9,14,2,6,7,5,3,4,2,6,4,6,5,7,4,5,8,4,5,3,7,6,4,6,4,4,7,7,5,7,8,8,7,5,6,5,7,6,8,6,8,5,6,6,4,9,4,6,5,3,6,5,6,5,4,5,3,8,5,7,5,8,4,4,4,4,3,3,4,7,4,2,17,6,7,4,,,,,,,,,,,,,,,,,,,,,,,,,,,,,,4,5,5,2,4,8,4,5,4,8,5,6,8,11,6,4,8,9,5,7,6,5,22,12,6,6,5,7,9,12,6,7,7,11,6,18,5,6,5,7,9,5,4,6,4,4,3,2,6,7,6,3,4,6,4,7,13,8,7,5,9,5,4,9,4,4,3,2,5,8,3,4,5,8,7,8,2,9,6,4,4,5,4,9,4,6,3,5,11,6,9,4,5,5,3,5,9,8,20,6,3,6,4,5,7,5,5,6,6,6,8,,5,16,3,7,6,6,4,3,,3,9,5,12,6,7,6,7,7,8,7,9,5,8,3,3,10,2,,7,6,6,2,5,4,10,8,8,5,8,,5,,6,,5,14,4,9,12,19,4,9,4,6,9,7,4,9,6,5,5,4,2,4,,3,10,4,,11,9,8,5,4
20250905,19,SO2_24h,3,7,2,5,7,7,3,6,4,6,5,6,3,8,6,8,8,5,9,6,5,6,5,4,6,8,7,9,5,10,8,7,6,7,6,4,6,7,6,6,3,3,4,4,7,5,3,6,8,5,5,5,6,6,7,5,5,6,5,6,8,7,6,5,9,4,6,5,7,2,8,9,6,6,5,10,6,6,8,7,7,5,3,9,10,9,4,8,9,5,4,5,4,6,5,6,11,6,4,6,7,4,6,3,11,8,9,7,5,5,6,7,5,19,13,7,7,5,8,7,6,6,8,7,8,7,6,7,4,7,4,5,5,5,7,6,6,6,4,6,3,9,6,11,5,8,4,4,6,4,3,3,4,7,4,7,21,9,7,4,,,,,,,,,,,,,,,,,,,,,,,,,,,,,,5,6,7,2,4,6,4,5,3,8,6,6,9,11,6,4,8,12,4,11,5,6,11,11,6,6,4,6,9,12,9,6,7,11,7,9,5,7,6,9,9,6,4,7,5,5,4,5,6,7,6,5,4,9,5,7,15,9,10,6,12,8,4,15,5,5,3,2,4,8,4,3,6,8,7,9,2,10,6,4,5,5,8,8,5,8,3,6,10,6,10,4,4,4,5,10,13,7,15,7,4,6,4,6,11,6,5,7,6,6,8,,5,10,3,6,5,9,4,3,,4,9,7,10,7,7,7,7,4,6,5,14,5,6,3,3,8,2,,6,5,6,3,5,4,9,9,8,6,7,,5,,6,,5,12,7,9,9,17,4,8,4,5,8,7,4,9,6,4,8,4,2,5,4,3,10,5,,11,6,8,6,4
20250905,19,NO2,13,18,13,17,25,22,15,15,27,21,11,11,12,25,16,22,14,20,23,17,16,22,15,14,11,21,26,23,24,13,14,10,14,17,8,14,17,15,19,11,12,18,12,12,23,8,13,9,24,11,17,23,17,26,17,8,27,12,18,33,10,14,11,4,15,22,11,11,11,11,13,12,12,9,23,18,18,13,6,15,18,12,10,16,14,14,9,21,13,14,24,13,34,10,16,21,11,10,8,9,10,6,9,3,15,10,10,7,8,8,15,20,15,28,22,15,25,11,16,22,11,32,13,19,16,14,11,17,21,20,8,14,12,11,11,11,7,8,6,8,11,20,9,10,11,21,18,6,9,7,13,16,20,18,18,7,12,16,5,5,,,,,,,,,,,,,,,,,,,,,,,,,,,,,,9,9,21,16,8,18,9,16,30,4,18,7,9,9,8,10,6,13,17,13,17,25,40,26,9,12,7,23,32,22,21,20,26,59,15,13,8,10,13,9,22,14,8,6,11,14,15,6,8,7,11,15,14,13,8,11,22,12,8,15,7,6,5,9,13,14,15,8,9,8,10,10,11,10,12,20,9,6,32,27,10,6,15,16,15,10,6,8,11,13,8,9,10,7,5,9,11,6,7,5,11,5,7,10,14,7,11,6,6,10,5,,16,10,7,8,9,8,12,7,,3,4,15,12,9,15,8,5,8,11,12,9,17,6,4,5,3,12,,2,6,6,21,8,8,10,14,13,5,11,,8,,10,,5,6,1,12,6,4,13,3,9,8,8,4,10,6,6,2,6,13,9,10,1,14,11,3,,7,11,6,21,12
20250905,19,NO2_24h,17,19,15,18,20,14,26,12,18,18,19,25,14,18,14,32,14,26,24,20,18,22,21,9,15,17,28,24,23,11,12,11,9,23,10,14,17,19,20,10,15,19,17,12,19,9,17,22,33,12,13,18,11,20,14,8,17,10,11,27,11,13,9,6,18,23,9,11,17,9,11,10,12,25,10,12,13,9,17,16,19,17,13,19,26,19,17,24,14,10,15,17,23,11,10,18,17,9,8,9,10,7,11,6,20,12,15,14,12,13,14,11,14,32,17,15,24,18,19,17,9,19,11,15,16,27,11,14,11,12,9,10,10,13,11,10,5,10,6,13,7,15,15,18,11,19,18,8,7,8,10,10,16,13,11,11,20,10,13,13,,,,,,,,,,,,,,,,,,,,,,,,,,,,,,10,8,18,11,8,15,7,16,24,4,15,16,7,12,11,7,4,13,18,16,10,20,19,15,12,10,7,15,23,15,14,9,20,23,11,12,8,12,9,9,20,12,6,10,11,10,10,10,11,12,10,12,5,14,9,10,14,11,13,10,6,8,7,14,9,8,12,9,9,7,14,9,11,9,13,17,10,11,13,10,10,8,10,15,10,12,6,10,13,9,27,11,14,11,8,15,11,13,10,11,16,7,12,20,26,11,27,13,10,11,7,,14,9,6,3,7,8,6,5,,4,5,13,10,7,8,9,5,6,6,8,9,12,6,4,5,7,12,,4,4,9,10,6,9,6,12,16,11,10,,6,,8,,6,5,3,3,3,3,10,3,5,5,6,16,16,31,12,10,13,24,22,27,4,17,17,18,,7,17,5,22,9
20250905,19,O3,53,90,65,85,87,73,69,55,71,76,99,87,78,47,80,75,87,58,84,103,174,171,125,92,106,209,157,169,215,171,152,82,152,151,59,42,149,177,173,49,62,141,113,117,80,50,102,92,55,95,60,98,84,125,44,49,103,61,63,98,56,108,78,41,64,49,53,66,81,72,84,89,104,101,75,85,78,84,116,63,93,106,78,130,83,65,82,58,118,106,101,68,58,92,86,86,129,61,42,41,80,59,73,58,147,66,68,89,60,76,68,59,58,56,62,94,60,64,101,47,91,33,88,117,109,93,70,88,71,69,76,67,130,96,118,100,41,76,46,94,37,37,55,68,47,63,53,59,66,88,72,57,39,66,65,96,135,94,98,82,,,,,,,,,,,,,,,,,,,,,,,,,,,,,,83,78,103,65,79,62,63,70,47,92,114,83,85,79,90,73,96,103,86,80,76,88,24,32,41,88,104,50,48,89,72,43,63,29,39,116,74,135,120,102,98,106,70,130,120,124,75,92,100,84,43,64,69,62,55,69,57,86,55,75,82,85,87,87,78,85,58,67,72,54,71,77,97,58,61,108,84,124,93,48,114,59,75,90,92,79,75,71,92,66,89,59,68,83,77,88,104,64,90,70,78,74,66,75,70,49,33,76,69,81,54,,47,68,81,60,69,79,56,61,,48,50,64,66,32,30,38,60,63,28,50,66,33,43,72,85,70,74,,62,54,65,78,58,80,101,81,99,108,79,,71,,71,,73,98,104,82,125,98,78,120,87,110,94,108,90,105,113,77,71,68,85,124,88,79,99,103,,116,99,39,65,72
20250905,19,O3_24h,,,,,,,,,,,,,,,,,,,,,,,,,,,,,,,,,,,,,,,,,,,,,,,,,,,,,,,,,,,,,,,,,,,,,,,,,,,,,,,,,,,,,,,,,,,,,,,,,,,,,,,,,,,,,,,,,,,,,,,,,,,,,,,,,,,,,,,,,,,,,,,,,,,,,,,,,,,,,,,,,,,,,,,,,,,,,,,,,,,,,,,,,,,,,,,,,,,,,,,,,,,,,,,,,,,,,,,,,,,,,,,,,,,,,,,,,,,,,,,,,,,,,,,,,,,,,,,,,,,,,,,,,,,,,,,,,,,,,,,,,,,,,,,,,,,,,,,,,,,,,,,,,,,,,,,,,,,,,,,,,,,,,,,,,,,,,,,,,,,,,,,,,,,,,,,,,,,,,,,,,,,,,,,,,,,,,,,
20250905,19,O3_8h,81,108,83,107,121,103,87,107,106,107,100,92,100,72,88,103,105,104,114,159,179,193,173,106,137,217,170,153,218,196,156,141,153,175,105,97,157,188,178,85,71,151,136,118,152,87,139,131,66,127,91,128,118,137,62,57,113,78,103,144,87,99,83,44,108,62,61,70,80,75,90,97,102,90,105,113,88,90,119,77,114,121,129,136,100,89,91,85,136,109,118,96,84,107,103,118,160,79,45,56,103,58,99,62,138,114,118,71,58,83,85,72,63,70,98,86,96,83,120,88,101,82,112,142,154,133,70,99,93,86,75,84,129,125,128,102,70,83,51,92,48,69,77,71,80,56,69,58,75,84,78,75,65,72,69,97,120,97,89,80,,,,,,,,,,,,,,,,,,,,,,,,,,,,,,106,79,159,86,96,79,73,82,72,107,129,56,94,95,37,88,101,120,87,108,117,104,93,67,76,108,108,91,99,120,102,95,103,92,64,126,59,158,146,161,132,128,96,173,134,162,122,118,131,112,98,118,100,114,85,115,102,111,103,96,95,124,104,130,95,104,96,81,74,69,104,76,124,67,57,142,128,130,142,98,123,78,110,92,108,124,81,83,89,81,122,63,82,85,81,104,130,69,87,68,91,70,59,66,61,53,37,67,60,74,58,,60,70,78,67,77,79,57,65,,49,47,71,62,44,40,39,63,59,49,54,69,47,47,79,79,70,82,,75,46,70,78,60,76,104,89,103,104,93,,75,,75,,83,100,105,96,121,100,84,114,94,106,97,95,89,95,99,67,71,66,73,101,76,71,96,90,,115,126,47,98,77
20250905,19,O3_8h_24h,75,106,83,103,116,97,86,80,97,101,100,90,81,63,85,99,102,92,109,156,178,192,172,104,135,217,167,173,218,196,156,131,153,174,97,83,157,188,178,75,69,151,135,118,137,77,136,126,64,123,76,125,112,137,62,57,113,78,102,144,87,99,83,44,106,62,61,70,80,75,90,97,102,90,99,107,87,88,119,76,110,120,120,136,91,69,90,81,135,114,115,95,80,104,103,114,158,78,44,54,103,58,99,62,138,112,115,71,58,83,80,56,63,65,87,86,91,80,118,79,101,77,107,136,141,128,66,99,81,85,70,62,129,122,127,102,66,82,51,92,47,65,73,71,78,56,69,58,75,84,77,72,62,69,68,97,120,95,89,80,,,,,,,,,,,,,,,,,,,,,,,,,,,,,,110,79,156,70,92,64,61,80,65,92,125,56,94,90,,85,96,117,87,104,109,100,78,62,71,102,107,90,92,115,97,89,98,90,62,126,59,156,141,156,130,125,93,165,133,161,114,118,130,106,77,113,99,109,77,111,93,109,97,94,93,120,104,126,94,103,68,77,74,69,103,76,120,67,57,137,126,130,135,92,122,77,105,92,107,115,81,82,89,79,121,63,82,85,81,104,129,68,87,68,88,70,59,66,61,52,37,67,60,74,58,,60,70,78,67,76,79,57,64,,48,47,71,62,44,39,39,63,59,48,54,69,47,47,79,79,70,82,,72,46,70,78,60,76,104,86,103,104,87,,74,,75,,83,100,105,96,121,100,84,114,94,106,97,95,89,95,99,67,71,66,73,101,76,71,96,90,,115,122,47,90,76
20250905,19,CO,0.54,0.66,0.54,0.53,0.47,1.00,0.32,0.62,1.10,0.53,0.50,0.60,0.82,0.81,0.36,0.74,0.34,0.51,0.75,0.55,0.78,0.57,0.67,0.64,0.35,0.80,0.67,0.75,0.90,0.85,0.82,0.64,0.60,0.60,0.36,0.36,0.46,0.60,0.75,0.38,0.45,0.53,0.47,0.40,0.63,0.18,0.36,0.70,0.69,0.33,0.63,0.50,0.56,0.53,0.52,0.34,0.66,0.35,0.53,0.48,0.41,0.46,0.44,0.28,0.58,0.53,0.30,0.39,0.27,0.49,0.27,0.33,0.28,0.23,0.68,0.90,0.49,0.35,0.48,0.70,0.47,0.70,0.38,0.51,0.82,0.85,0.36,0.67,0.57,0.38,0.56,0.60,0.57,0.58,0.42,0.68,0.70,0.86,0.35,0.58,0.72,0.40,0.75,0.43,0.50,0.60,0.60,0.40,0.43,0.40,0.56,0.90,0.55,0.68,0.66,0.90,0.75,0.60,0.78,0.58,0.62,0.48,0.72,0.63,0.67,0.63,0.41,1.40,0.90,0.80,0.48,0.43,0.65,0.47,0.75,0.47,0.50,0.37,0.43,0.53,0.47,0.52,0.72,0.54,0.40,0.40,0.60,0.25,0.42,0.35,0.38,0.50,0.63,0.45,0.50,0.40,0.53,0.36,0.25,0.27,,,,,,,,,,,,,,,,,,,,,,,,,,,,,,0.53,0.80,0.47,0.75,0.32,0.97,0.45,0.57,0.53,0.30,0.40,0.25,0.35,0.33,0.50,0.30,0.30,0.68,0.88,0.55,1.40,0.63,0.60,0.55,0.65,0.55,0.60,0.70,0.73,0.63,0.53,0.73,0.75,0.97,0.40,0.65,0.50,0.62,0.45,0.63,0.58,0.57,0.60,0.47,0.46,0.47,0.40,0.73,0.63,0.42,0.52,0.67,0.87,0.63,0.35,0.83,1.73,0.75,0.35,0.62,0.55,0.44,0.57,0.43,0.86,0.57,0.73,0.60,0.74,0.65,0.65,0.43,0.55,0.63,0.72,0.73,0.68,0.50,0.73,0.90,0.73,0.47,1.02,0.75,0.70,0.50,0.30,0.33,0.70,0.55,0.63,0.47,0.45,0.50,0.43,0.50,0.45,0.50,0.60,0.60,0.55,0.27,0.50,0.50,0.40,0.45,0.35,0.40,0.50,0.47,0.50,,0.40,0.97,0.30,0.70,0.40,0.50,0.50,0.35,,0.30,0.35,0.50,0.45,0.55,0.70,0.45,0.27,0.35,0.60,0.65,0.40,0.60,0.45,0.25,0.15,0.25,0.30,,0.25,0.40,0.57,0.40,0.50,0.30,0.35,0.40,0.20,0.40,0.65,,0.35,,0.45,,0.25,0.50,0.40,0.50,0.40,0.50,0.50,,0.20,0.35,0.17,0.50,0.20,0.25,0.25,0.45,0.20,0.25,0.45,0.50,0.10,0.30,0.35,0.15,,0.25,0.70,0.45,0.43,0.40
20250905,19,CO_24h,0.61,0.65,0.50,0.59,0.38,0.78,0.41,0.66,0.70,0.63,0.43,0.53,0.80,0.66,0.44,1.11,0.45,0.56,0.75,0.61,0.70,0.47,0.63,0.59,0.40,0.76,0.71,0.85,0.92,0.78,0.58,0.56,0.38,0.63,0.42,0.40,0.45,0.57,0.70,0.40,0.45,0.50,0.43,0.43,0.78,0.32,0.40,0.74,0.72,0.34,0.61,0.72,0.47,0.46,0.51,0.37,0.56,0.35,0.42,0.42,0.39,0.44,0.49,0.30,0.69,0.64,0.32,0.36,0.32,0.55,0.40,0.67,0.34,0.36,0.67,0.85,0.56,0.46,0.64,0.75,0.53,0.68,0.50,0.46,0.86,0.75,0.44,0.57,0.47,0.32,0.55,0.58,0.52,0.54,0.40,0.58,0.75,0.57,0.35,0.50,0.57,0.40,0.70,0.43,0.55,0.60,0.62,0.45,0.50,0.40,0.67,1.03,0.90,0.78,0.72,1.02,0.90,0.76,0.76,0.53,0.66,0.38,0.73,0.70,0.67,0.72,0.54,1.00,0.85,0.70,0.64,0.50,0.50,0.60,0.77,0.60,0.40,0.40,0.47,0.51,0.43,0.60,0.92,0.76,0.53,0.53,0.85,0.35,0.40,0.45,0.43,0.60,0.63,0.53,0.55,0.30,0.67,0.44,0.24,0.23,,,,,,,,,,,,,,,,,,,,,,,,,,,,,,0.47,0.80,0.57,0.77,0.38,0.70,0.63,0.73,0.97,0.33,0.60,0.25,0.40,0.48,0.60,0.30,0.35,0.62,0.75,0.68,0.92,0.47,0.55,0.45,0.65,0.50,0.55,0.63,0.67,0.53,0.60,0.58,0.75,0.63,0.45,0.60,0.35,0.58,0.44,0.67,0.68,0.75,0.50,0.47,0.50,0.38,0.43,0.67,0.80,0.47,0.53,1.07,0.60,0.63,0.50,0.77,0.88,0.65,0.38,0.68,0.58,0.48,0.45,0.53,0.74,0.47,0.70,0.60,0.70,0.68,0.70,0.40,0.50,0.80,0.74,0.73,0.66,0.85,0.57,0.70,0.77,0.43,0.83,0.60,0.70,0.50,0.40,0.22,0.65,0.40,0.80,0.47,0.50,0.50,0.50,0.60,0.57,0.55,0.60,0.60,0.80,0.40,0.60,0.88,0.77,0.68,0.53,0.65,0.65,0.58,0.60,,0.30,0.70,0.30,0.57,0.40,0.55,0.50,0.35,,0.25,0.35,0.40,0.40,0.50,0.55,0.50,0.27,0.35,0.55,0.60,0.40,0.55,0.40,0.20,0.15,0.20,0.30,,0.30,0.40,0.60,0.50,0.60,0.45,0.40,0.50,0.30,0.40,0.55,,0.50,,0.50,,0.20,0.70,0.50,0.40,0.40,0.50,0.40,0.40,0.27,0.35,0.20,0.60,0.25,0.55,0.35,0.60,0.20,0.35,0.50,0.75,0.10,0.30,0.35,0.35,,0.35,0.40,0.50,0.55,0.47
20250905,20,AQI,21,55,35,34,34,59,29,42,34,39,53,49,39,18,53,38,25,33,48,24,53,46,42,25,29,70,66,51,81,48,53,25,52,45,15,23,39,55,41,19,16,43,38,33,27,14,29,38,19,28,25,39,40,40,16,15,35,16,24,32,20,43,25,12,52,31,26,26,24,24,106,61,54,31,54,53,30,39,33,36,28,41,17,39,26,21,25,34,44,30,38,51,39,26,25,28,48,22,13,12,38,17,23,20,42,33,29,23,21,47,53,20,34,20,26,43,38,35,34,39,52,48,40,53,39,44,30,66,38,46,26,22,53,34,36,47,39,34,14,30,16,32,18,31,32,23,28,18,39,29,23,55,48,36,29,68,82,56,30,319,,,,,,,,,,,,,,,,,,,,,,,,,,,,,,39,37,34,20,57,27,19,51,89,28,49,23,45,34,59,24,32,39,49,30,51,43,44,29,33,55,42,37,62,50,46,44,47,68,39,51,43,50,43,28,47,39,33,46,31,54,23,40,27,32,22,27,30,49,17,47,32,43,21,30,35,36,38,49,58,49,48,20,26,26,52,41,50,24,27,59,43,41,49,75,33,34,70,69,31,31,61,55,50,40,32,24,29,24,27,39,30,22,30,17,29,23,21,22,21,21,18,25,21,22,24,,18,21,27,55,34,45,41,20,,15,24,44,26,40,46,27,26,29,41,64,50,38,19,20,23,21,31,,20,18,19,46,19,19,79,50,73,71,61,,41,,99,,52,72,53,66,68,52,18,50,50,61,80,62,75,31,35,500,500,500,500,36,26,26,44,38,,78,36,15,39,20
20250905,20,PM2.5,15,39,22,23,17,42,18,18,22,27,37,34,27,9,18,19,13,13,19,13,34,22,18,8,17,33,28,35,39,33,31,12,36,30,8,11,24,30,14,9,6,21,22,15,15,3,14,23,11,5,9,24,28,22,7,5,16,4,8,12,9,25,17,5,35,16,13,12,6,13,49,26,18,8,33,34,9,17,11,17,15,29,6,21,18,15,10,24,27,11,14,34,17,6,8,15,32,10,4,6,16,4,9,14,23,20,18,9,6,33,24,8,10,9,18,23,19,17,24,23,18,22,17,37,27,31,16,48,24,32,12,9,37,22,24,33,22,24,5,16,11,14,3,14,20,9,13,3,27,14,12,21,20,18,20,22,27,14,7,110,,,,,,,,,,,,,,,,,,,,,,,,,,,,,,27,22,19,3,22,17,11,27,44,10,33,16,15,18,42,16,10,27,25,16,36,24,18,10,20,18,28,13,25,24,27,26,20,22,7,24,21,29,20,14,32,27,11,32,17,38,10,28,19,19,3,18,13,34,7,32,19,26,15,15,17,19,23,34,41,21,30,8,11,8,32,7,27,9,16,41,23,15,30,31,20,24,51,50,11,22,44,34,35,24,13,10,13,14,19,27,17,9,21,9,9,6,3,6,5,15,3,3,3,6,17,,3,13,18,39,21,28,28,14,,8,17,23,16,17,32,17,18,14,19,46,27,15,9,7,6,3,12,,3,9,3,16,6,8,41,27,22,28,21,,29,,38,,19,25,20,15,23,25,3,32,18,19,34,31,25,5,21,273,407,418,325,12,,18,18,6,,36,25,9,26,12
20250905,20,PM2.5_24h,34,35,22,30,19,30,30,20,35,42,34,30,25,18,15,27,21,18,20,15,25,21,18,5,25,29,24,28,34,31,17,14,18,33,10,16,25,30,20,11,5,23,21,15,26,16,17,22,30,9,11,23,23,12,5,4,11,6,10,11,7,11,13,6,36,30,15,9,7,13,28,15,29,13,20,26,21,24,20,19,20,30,21,14,35,29,27,24,25,10,14,27,28,6,5,21,28,10,4,7,16,5,15,5,21,15,20,9,7,26,19,17,15,24,27,25,20,18,26,21,25,16,21,33,31,30,14,29,17,18,9,7,19,26,20,33,16,16,6,16,5,15,39,14,33,21,22,20,18,11,15,10,31,22,13,19,24,30,10,49,,,,,,,,,,,,,,,,,,,,,,,,,,,,,,17,28,23,3,16,20,8,24,17,42,40,16,61,24,32,16,18,23,21,19,39,20,14,12,17,21,28,11,17,16,19,16,21,12,15,21,11,21,19,17,34,25,14,29,22,25,15,25,22,26,20,18,14,17,15,26,22,20,17,16,13,20,13,24,23,15,25,11,25,7,38,21,24,13,24,23,31,17,25,18,18,16,27,28,13,23,22,21,28,18,29,10,12,14,16,22,20,12,14,12,7,8,19,38,50,40,26,30,13,17,11,,5,14,15,17,11,25,14,13,,8,15,30,8,13,20,11,17,13,13,15,15,14,9,6,4,2,9,,2,5,5,38,7,7,24,22,15,24,33,,29,,16,,13,19,19,14,12,14,3,21,32,28,29,54,14,17,20,276,355,418,342,20,7,5,14,15,,20,18,6,35,16
20250905,20,PM10,21,50,35,34,34,53,29,42,34,36,45,46,38,18,56,38,21,33,48,24,55,38,28,23,20,56,51,52,57,48,56,18,53,45,15,23,39,43,25,19,10,34,38,30,27,12,20,38,13,11,25,39,34,40,16,10,35,12,24,32,20,43,25,10,53,31,26,26,8,24,161,72,58,31,57,56,30,39,27,36,24,30,16,39,16,21,12,30,44,23,38,51,39,14,13,21,48,22,10,11,38,12,22,9,42,33,29,23,21,36,56,20,34,20,12,43,38,35,31,39,53,48,40,51,39,35,30,60,38,27,26,22,51,34,36,42,39,31,14,30,16,32,6,31,32,23,28,12,39,29,23,60,48,36,29,85,114,62,22,435,,,,,,,,,,,,,,,,,,,,,,,,,,,,,,39,37,28,14,64,27,16,51,127,28,49,21,45,34,,24,32,37,49,30,47,43,44,29,33,59,42,37,73,50,46,44,47,85,39,51,43,50,43,28,47,39,33,39,30,56,23,37,27,32,22,27,30,23,9,47,32,43,18,30,35,36,38,42,52,49,48,20,26,26,54,41,50,24,27,68,43,41,49,100,29,32,73,60,31,31,54,59,47,40,32,24,29,24,25,37,24,22,29,13,29,8,15,14,20,20,17,10,8,17,22,,12,21,27,46,34,45,41,16,,13,17,44,26,40,39,27,25,29,41,51,50,38,19,10,12,11,31,,6,18,10,46,9,12,107,50,95,91,71,,31,,147,,53,93,56,82,86,54,9,50,50,71,109,73,100,21,32,870,1143,1181,1233,36,,18,44,38,,106,31,15,39,20
20250905,20,PM10_24h,50,51,39,48,43,40,56,32,52,62,47,57,43,31,33,52,29,42,46,27,42,36,29,15,36,49,38,47,46,38,28,21,30,44,22,27,37,42,31,22,13,37,32,27,41,25,24,38,46,17,18,41,37,25,13,8,20,11,21,25,15,22,21,14,50,47,28,18,13,26,78,29,97,44,32,40,55,61,37,38,28,34,32,29,49,44,38,38,45,16,31,51,42,11,11,33,42,18,12,16,24,10,26,10,38,33,35,25,19,36,34,25,33,37,39,44,42,42,41,35,48,32,44,45,48,40,21,37,22,27,16,14,29,42,31,43,21,29,12,30,13,28,55,32,50,33,33,28,25,21,37,24,73,42,24,59,86,139,28,196,,,,,,,,,,,,,,,,,,,,,,,,,,,,,,32,45,37,12,33,27,11,31,34,152,59,31,198,41,35,25,70,43,47,35,51,36,35,24,41,37,36,28,43,49,37,31,41,35,30,46,34,38,33,35,55,36,34,35,39,39,21,34,34,38,31,28,23,31,24,37,35,32,31,27,27,37,27,37,29,31,32,25,36,20,61,32,50,23,39,50,48,36,38,30,30,24,39,39,20,32,32,30,41,25,53,24,27,25,24,38,29,20,26,22,14,20,27,56,82,50,49,42,21,24,15,,15,23,22,20,19,33,26,12,,13,14,41,15,30,18,19,21,21,27,15,29,22,17,8,8,8,14,,4,10,11,81,19,15,59,40,48,60,77,,60,,54,,20,35,32,37,40,25,9,69,130,108,72,122,46,45,42,863,1040,1116,1384,55,20,25,36,41,,45,28,14,61,31
20250905,20,SO2,2,6,2,3,5,6,3,5,8,3,3,5,2,8,5,6,8,4,9,6,5,6,4,5,5,8,8,10,4,9,8,6,6,7,5,4,7,7,7,6,2,2,16,4,6,5,2,5,8,5,5,6,4,6,7,5,5,6,5,5,8,7,4,5,7,3,5,4,6,2,8,12,5,5,3,9,12,6,7,11,6,5,2,9,9,8,3,5,7,4,3,3,2,5,4,5,12,5,4,5,10,4,4,4,7,7,5,6,3,4,7,7,5,8,8,7,8,6,6,5,7,6,8,6,8,6,6,6,4,7,4,6,5,3,7,5,6,6,4,6,3,8,5,7,5,8,4,4,5,4,3,3,4,7,4,1,20,6,7,4,,,,,,,,,,,,,,,,,,,,,,,,,,,,,,5,6,5,3,3,9,4,5,4,9,5,5,8,12,6,4,8,6,6,7,6,5,12,12,6,6,4,7,9,12,19,7,8,14,6,22,6,6,4,7,9,5,4,6,4,4,3,3,6,6,6,4,4,8,4,7,11,8,7,6,8,5,4,12,4,4,3,3,5,8,3,3,5,7,7,8,2,10,6,6,4,6,5,12,4,5,2,6,9,7,9,4,7,6,3,7,10,7,17,6,3,6,4,5,6,5,5,6,6,5,8,,5,15,3,7,4,5,3,3,,3,9,4,11,7,7,6,7,8,7,9,15,6,6,3,4,10,2,,7,5,6,3,6,3,8,8,9,5,8,,5,,5,,4,14,4,9,15,20,4,,3,6,8,7,4,10,7,5,5,4,2,5,6,3,10,4,,11,8,9,5,4
20250905,20,SO2_24h,3,7,2,5,7,7,3,6,4,5,5,6,3,8,5,8,8,5,9,6,5,6,5,4,6,8,7,9,5,10,8,7,6,7,6,4,6,7,6,6,3,3,5,4,7,4,3,6,8,5,5,5,6,6,7,5,5,6,5,6,8,7,5,5,9,4,6,5,7,2,8,9,6,6,5,10,6,6,8,7,7,5,3,9,10,9,4,8,9,5,4,5,4,6,5,6,10,6,4,6,7,4,5,3,12,8,9,7,5,5,6,7,5,19,12,7,7,6,9,7,6,6,8,7,8,7,6,7,4,7,4,6,5,5,7,6,6,6,4,6,3,9,6,11,5,8,4,4,6,4,3,3,4,7,4,7,22,8,7,4,,,,,,,,,,,,,,,,,,,,,,,,,,,,,,5,6,7,2,4,6,3,5,3,8,6,5,9,11,6,4,8,12,4,8,5,6,11,11,6,7,4,6,9,12,9,6,7,11,7,10,5,7,6,9,9,6,4,7,5,5,4,5,6,7,6,5,4,9,5,7,15,9,10,6,10,8,4,15,5,5,3,2,4,8,4,3,6,8,7,9,2,10,6,4,5,5,8,8,5,7,3,6,10,7,10,4,4,4,5,10,13,7,15,7,5,6,4,6,11,6,5,7,6,6,8,,5,10,3,6,6,8,4,3,,4,9,7,10,7,7,7,7,5,6,6,14,5,6,3,3,8,2,,6,5,6,3,5,4,9,9,8,6,7,,5,,6,,5,12,7,9,10,18,4,8,3,5,8,7,4,9,6,4,8,4,2,5,4,3,10,5,,11,6,8,6,4
20250905,20,NO2,16,18,17,18,22,22,18,13,24,21,11,10,12,16,26,17,14,19,23,19,20,20,13,16,14,18,29,27,29,13,15,10,23,22,8,14,19,15,18,9,15,13,20,11,39,8,15,12,18,11,18,26,27,28,19,9,28,12,15,35,11,17,12,5,18,23,13,14,12,12,23,13,19,9,25,20,24,30,4,15,18,14,10,21,14,14,8,24,14,13,27,9,20,11,14,15,12,8,7,10,13,7,8,5,18,13,10,9,9,9,19,24,18,27,21,14,24,13,10,20,9,23,10,31,27,17,11,19,23,18,8,14,15,16,17,14,9,11,7,8,12,26,8,14,12,11,24,6,12,10,20,8,20,20,17,8,19,22,6,10,,,,,,,,,,,,,,,,,,,,,,,,,,,,,,11,12,12,17,13,17,10,17,37,9,11,9,18,17,7,7,9,10,19,11,15,27,39,22,12,11,5,34,38,19,23,17,33,45,11,12,6,16,17,11,17,13,4,12,9,19,20,7,9,9,11,14,15,18,8,12,17,16,8,18,7,8,8,9,15,19,14,8,10,9,13,9,12,9,12,23,8,7,41,36,10,14,18,22,13,12,11,21,10,17,17,12,15,8,7,11,9,10,9,15,14,5,7,10,13,7,8,5,7,13,8,,15,10,9,11,13,6,17,10,,4,5,11,14,7,14,7,6,11,12,22,17,22,7,4,4,5,22,,3,11,7,49,6,16,14,15,12,14,35,,12,,8,,7,5,1,6,17,2,26,,22,19,35,10,29,8,8,3,6,16,14,13,1,27,14,4,,9,12,6,18,14
20250905,20,NO2_24h,17,19,15,18,20,14,27,12,18,18,19,25,15,18,14,31,14,25,24,20,18,22,20,9,14,17,28,24,24,11,12,11,10,23,10,15,17,19,20,9,15,19,17,11,20,9,16,21,33,12,13,18,11,20,14,8,17,10,11,28,11,13,10,6,18,23,9,11,17,9,12,10,12,27,11,13,12,9,17,15,19,18,13,19,26,19,16,24,14,10,16,17,23,11,11,18,17,8,7,9,10,7,11,6,21,12,15,14,12,12,14,11,14,32,17,14,23,20,19,17,9,18,11,16,17,26,11,14,12,13,9,10,10,13,12,10,5,10,6,13,7,16,15,17,12,19,18,8,7,8,11,10,16,13,12,10,20,10,13,13,,,,,,,,,,,,,,,,,,,,,,,,,,,,,,10,8,18,10,8,15,6,15,25,4,14,15,7,12,10,6,4,13,17,15,11,21,19,15,12,10,6,15,24,14,14,9,19,24,10,11,7,13,9,9,21,12,6,9,11,10,10,10,11,12,10,12,6,14,8,10,14,11,12,10,6,8,7,14,9,9,12,9,8,7,14,9,10,9,13,17,10,11,14,11,10,8,10,15,10,12,6,10,12,9,27,11,14,11,8,15,11,13,10,11,15,7,11,20,26,11,26,13,10,11,7,,14,9,6,4,8,8,7,5,,4,5,12,10,7,9,9,5,7,6,8,10,13,6,4,5,7,12,,4,4,8,12,6,9,7,12,16,10,11,,6,,8,,6,5,3,3,3,2,10,3,5,5,6,16,17,31,12,10,13,24,21,28,4,17,17,18,,6,16,5,22,9
20250905,20,O3,45,82,55,73,82,67,56,53,62,63,98,85,74,54,60,73,79,53,85,76,156,146,134,80,94,176,173,160,185,134,144,79,133,125,46,41,115,164,130,49,50,139,98,105,53,44,93,81,61,91,59,87,61,95,37,47,82,51,49,55,50,116,70,37,52,42,46,58,78,70,70,87,85,98,64,77,69,54,105,64,88,98,55,105,76,67,81,53,100,96,85,62,62,84,81,89,107,59,40,37,77,55,74,56,131,53,57,74,46,71,58,52,54,52,55,96,62,63,106,46,94,27,89,89,84,84,69,83,61,64,75,65,104,80,96,79,34,60,43,90,31,27,59,55,44,62,44,59,60,74,57,51,23,56,66,91,122,82,96,80,,,,,,,,,,,,,,,,,,,,,,,,,,,,,,72,71,108,64,65,60,61,64,36,82,105,75,67,68,86,65,90,101,85,77,74,76,18,17,30,85,102,26,30,84,60,30,48,39,40,106,76,111,108,88,85,91,80,109,99,104,63,75,86,78,42,48,59,52,53,58,52,64,53,64,71,69,63,70,70,72,53,63,63,47,61,73,92,61,50,98,67,110,71,30,104,44,63,73,88,61,66,47,78,40,69,53,53,73,73,87,95,56,77,54,74,73,68,69,68,49,56,81,66,70,44,,56,64,74,51,56,80,55,53,,47,44,67,59,31,22,38,55,60,19,49,57,20,40,64,74,68,63,,63,37,61,39,62,61,92,77,94,97,45,,57,,67,,65,97,97,77,107,90,59,112,67,92,51,100,63,100,112,72,72,64,72,113,84,69,91,99,,102,92,36,66,59
20250905,20,O3_24h,,,,,,,,,,,,,,,,,,,,,,,,,,,,,,,,,,,,,,,,,,,,,,,,,,,,,,,,,,,,,,,,,,,,,,,,,,,,,,,,,,,,,,,,,,,,,,,,,,,,,,,,,,,,,,,,,,,,,,,,,,,,,,,,,,,,,,,,,,,,,,,,,,,,,,,,,,,,,,,,,,,,,,,,,,,,,,,,,,,,,,,,,,,,,,,,,,,,,,,,,,,,,,,,,,,,,,,,,,,,,,,,,,,,,,,,,,,,,,,,,,,,,,,,,,,,,,,,,,,,,,,,,,,,,,,,,,,,,,,,,,,,,,,,,,,,,,,,,,,,,,,,,,,,,,,,,,,,,,,,,,,,,,,,,,,,,,,,,,,,,,,,,,,,,,,,,,,,,,,,,,,,,,,,,,,,,,,
20250905,20,O3_8h,81,108,83,107,121,103,87,107,106,107,100,92,100,72,88,103,105,104,114,159,179,193,173,106,137,217,171,153,218,196,157,141,154,175,105,97,157,188,178,85,71,151,136,119,152,87,139,131,67,127,91,128,118,139,62,57,114,78,103,144,87,104,83,44,109,63,61,70,82,75,91,98,103,89,105,113,88,90,120,77,114,121,129,136,100,89,91,85,136,112,118,96,84,107,103,118,160,79,45,56,103,59,99,62,142,114,118,74,58,84,85,72,64,70,98,89,96,75,120,88,101,82,112,142,154,133,71,99,93,86,76,84,131,125,128,102,70,83,51,95,48,69,77,71,80,59,69,60,75,86,78,75,65,72,69,98,121,97,92,81,,,,,,,,,,,,,,,,,,,,,,,,,,,,,,106,80,159,82,96,79,73,82,72,107,129,62,94,95,100,88,101,120,87,108,117,104,93,67,76,108,108,91,99,120,102,95,103,92,64,126,65,158,146,161,132,128,96,173,134,162,122,118,131,112,98,118,100,114,85,115,102,111,103,96,95,124,104,130,95,104,96,81,74,69,104,78,124,67,58,142,128,130,142,98,123,78,110,92,108,124,81,83,89,81,122,63,83,85,81,104,130,69,88,68,77,73,63,71,67,53,39,72,65,78,58,,61,70,79,67,77,80,58,65,,49,47,71,63,44,40,39,63,59,49,55,69,47,47,79,81,70,82,,75,46,70,78,60,76,104,89,103,106,93,,75,,76,,83,102,106,96,122,100,84,114,94,106,97,98,89,99,104,72,72,66,77,108,82,73,98,96,,115,126,47,98,77
20250905,20,O3_8h_24h,70,102,80,100,111,93,83,74,90,95,99,89,80,62,83,95,99,85,105,146,175,186,170,102,130,212,165,170,215,192,157,124,153,168,89,72,154,185,174,68,65,151,128,117,124,70,130,118,64,118,73,120,103,139,59,57,113,75,97,141,83,104,81,42,100,63,59,69,82,74,90,97,102,94,93,102,85,84,119,74,107,117,109,134,88,67,90,77,132,111,110,91,78,101,101,110,152,74,43,51,101,59,99,61,142,103,107,74,58,84,77,57,64,60,79,89,87,77,115,72,100,70,103,129,131,120,67,98,79,82,70,64,131,115,123,98,60,79,49,95,45,58,70,70,72,59,66,60,75,86,74,70,57,67,68,98,121,95,92,80,,,,,,,,,,,,,,,,,,,,,,,,,,,,,,108,80,149,68,88,64,62,78,59,91,121,62,92,87,100,82,96,115,87,100,103,97,67,54,64,98,106,83,82,110,91,81,91,82,59,124,65,150,136,147,123,120,90,154,128,153,107,114,125,100,67,103,94,99,70,106,86,103,90,88,89,112,99,118,90,98,65,75,74,67,100,78,114,66,57,130,118,127,122,82,119,71,99,90,105,105,79,77,88,74,115,63,80,85,81,100,126,67,88,67,86,73,63,71,67,50,39,72,65,78,58,,61,69,79,66,74,80,58,62,,48,47,70,63,43,36,39,63,59,44,54,69,44,46,79,81,70,79,,71,46,68,75,60,76,104,86,103,106,84,,72,,76,,81,102,106,93,122,100,82,114,91,106,92,98,87,99,104,72,72,66,77,108,82,73,98,96,,114,118,46,86,73
20250905,20,CO,0.57,0.65,0.58,0.55,0.47,1.08,0.33,0.56,0.90,0.53,0.45,0.60,0.73,0.60,0.44,0.68,0.40,0.49,0.80,0.54,0.80,0.46,0.56,0.69,0.40,0.82,0.82,0.79,0.90,0.85,0.84,0.60,0.63,0.62,0.36,0.36,0.45,0.60,0.70,0.38,0.45,0.53,1.07,0.40,0.72,0.17,0.35,0.69,0.67,0.34,0.62,0.54,0.68,0.51,0.53,0.36,0.61,0.35,0.47,0.47,0.43,0.52,0.45,0.30,0.64,0.54,0.27,0.42,0.28,0.50,0.40,0.33,0.38,0.24,0.78,0.93,0.75,0.58,0.44,0.82,0.47,0.75,0.35,0.47,0.86,0.85,0.40,0.67,0.58,0.38,0.55,0.60,0.50,0.58,0.44,0.63,0.70,0.59,0.33,0.56,0.70,0.40,0.75,0.47,0.55,0.60,0.64,0.40,0.37,0.40,0.60,0.80,0.57,0.63,0.64,0.82,0.83,0.78,0.92,0.58,0.56,0.45,0.72,0.70,0.63,0.67,0.40,1.44,0.90,0.73,0.46,0.40,0.63,0.50,0.82,0.53,0.55,0.37,0.45,0.55,0.47,0.54,0.68,0.60,0.40,0.37,0.65,0.25,0.50,0.47,0.45,0.50,0.57,0.50,0.50,0.30,0.50,0.38,0.22,0.27,,,,,,,,,,,,,,,,,,,,,,,,,,,,,,0.55,0.80,0.47,0.68,0.37,1.00,0.47,0.57,0.57,0.33,0.40,0.30,0.40,0.33,0.40,0.25,0.35,0.92,0.93,0.50,1.15,0.55,0.65,0.65,0.70,0.55,0.50,0.73,0.75,0.63,0.87,0.73,0.75,0.93,0.40,0.65,0.50,0.65,0.42,0.63,0.58,0.63,0.55,0.53,0.40,0.47,0.40,0.70,0.63,0.45,0.50,0.70,0.83,0.70,0.30,0.90,1.03,0.70,0.38,0.64,0.60,0.48,0.47,0.47,1.00,0.65,0.73,0.55,0.64,0.65,0.65,0.30,0.57,0.63,0.68,0.80,0.64,0.50,0.60,1.10,0.73,0.57,1.15,0.95,0.70,0.53,0.47,0.53,0.72,0.60,0.60,0.40,0.50,0.47,0.47,0.57,0.53,0.55,0.60,0.60,0.50,0.30,0.42,0.47,0.30,0.47,0.27,0.40,0.55,0.45,0.60,,0.35,0.93,0.28,0.80,0.45,0.55,0.65,0.35,,0.30,0.35,0.50,0.45,0.55,0.70,0.50,0.30,0.45,0.65,0.85,0.55,0.70,0.40,0.20,0.15,0.25,0.40,,0.25,0.40,0.57,0.60,0.50,0.35,0.40,0.40,0.20,0.40,0.60,,0.40,,0.45,,0.25,0.60,0.40,0.40,0.50,0.60,0.60,0.40,0.30,0.35,0.45,0.20,0.25,0.35,0.25,0.50,0.20,0.30,0.45,0.50,,0.30,0.30,0.15,,0.25,0.70,0.45,0.48,0.40
20250905,20,CO_24h,0.61,0.64,0.51,0.57,0.38,0.82,0.41,0.66,0.70,0.63,0.43,0.53,0.80,0.66,0.44,1.09,0.45,0.56,0.76,0.61,0.70,0.47,0.63,0.60,0.40,0.76,0.71,0.85,0.92,0.78,0.58,0.58,0.40,0.63,0.42,0.40,0.45,0.57,0.70,0.40,0.45,0.50,0.43,0.43,0.77,0.30,0.40,0.74,0.71,0.34,0.61,0.72,0.50,0.46,0.51,0.37,0.56,0.35,0.42,0.42,0.39,0.44,0.49,0.30,0.68,0.64,0.32,0.36,0.32,0.54,0.40,0.67,0.34,0.35,0.67,0.85,0.54,0.46,0.64,0.75,0.53,0.68,0.50,0.46,0.86,0.75,0.44,0.60,0.48,0.32,0.55,0.58,0.50,0.54,0.40,0.58,0.75,0.57,0.35,0.52,0.57,0.40,0.70,0.43,0.53,0.60,0.64,0.45,0.50,0.45,0.67,1.02,0.90,0.78,0.72,1.00,0.90,0.90,0.76,0.53,0.64,0.38,0.73,0.68,0.67,0.72,0.53,1.02,0.83,0.70,0.64,0.50,0.50,0.60,0.77,0.60,0.40,0.40,0.47,0.51,0.43,0.60,0.92,0.74,0.53,0.53,0.85,0.35,0.40,0.45,0.43,0.60,0.63,0.53,0.55,0.30,0.63,0.44,0.26,0.23,,,,,,,,,,,,,,,,,,,,,,,,,,,,,,0.47,0.80,0.57,0.74,0.38,0.70,0.74,0.70,0.97,0.33,0.60,0.25,0.40,0.48,0.60,0.30,0.35,0.62,0.75,0.65,0.92,0.47,0.55,0.45,0.60,0.50,0.55,0.63,0.67,0.53,0.60,0.58,0.75,0.63,0.45,0.60,0.35,0.60,0.44,0.67,0.68,0.73,0.50,0.47,0.50,0.38,0.43,0.67,0.78,0.47,0.53,1.07,0.63,0.63,0.45,0.80,0.90,0.65,0.35,0.68,0.58,0.48,0.47,0.53,0.74,0.47,0.70,0.60,0.70,0.68,0.70,0.40,0.50,0.77,0.74,0.73,0.68,0.80,0.57,0.70,0.77,0.43,0.83,0.60,0.70,0.50,0.40,0.25,0.65,0.45,0.80,0.47,0.50,0.50,0.50,0.60,0.57,0.55,0.60,0.60,0.80,0.37,0.57,0.88,0.77,0.68,0.53,0.60,0.65,0.58,0.60,,0.30,0.70,0.30,0.57,0.40,0.55,0.50,0.35,,0.25,0.35,0.40,0.40,0.55,0.55,0.50,0.27,0.35,0.55,0.60,0.40,0.55,0.40,0.20,0.15,0.20,0.30,,0.30,0.40,0.60,0.50,0.60,0.45,0.40,0.50,0.30,0.40,0.55,,0.50,,0.50,,0.20,0.70,0.50,0.40,0.40,0.50,0.40,0.40,0.23,0.35,0.20,0.60,0.25,0.55,0.35,0.60,0.20,0.35,0.50,0.75,0.10,0.30,0.35,0.35,,0.35,0.40,0.50,0.55,0.47
20250905,21,AQI,23,53,33,39,34,66,35,37,38,35,53,43,43,21,48,36,22,34,47,21,52,40,36,25,26,59,44,48,63,32,53,21,58,41,14,17,35,50,23,16,15,36,33,31,36,14,25,37,21,28,24,45,48,32,15,14,32,13,20,28,21,40,27,11,55,30,33,34,27,37,105,65,70,32,51,41,36,42,28,38,28,29,15,39,29,24,24,26,33,29,30,44,16,26,26,26,37,20,18,17,33,17,21,17,41,29,39,26,26,41,54,21,41,22,21,42,42,26,37,39,57,36,42,54,50,53,32,70,35,41,24,28,63,40,38,63,28,38,19,31,17,37,22,36,18,22,34,19,40,46,28,54,48,37,34,74,81,58,38,257,,,,,,,,,,,,,,,,,,,,,,,,,,,,,,34,40,32,21,62,29,19,52,94,35,44,26,46,34,54,26,47,40,53,36,41,43,44,35,35,31,38,38,63,52,51,45,52,55,33,46,52,52,38,29,49,40,28,54,38,50,20,39,24,35,15,30,26,30,15,49,31,44,43,33,32,37,38,50,66,54,48,23,27,22,49,29,57,24,27,63,37,51,46,65,27,51,81,88,43,31,78,95,43,59,44,27,36,29,29,40,33,18,40,25,43,22,21,22,29,24,18,25,20,19,29,,19,22,29,41,43,51,69,21,,16,31,40,21,39,50,19,36,46,43,55,55,37,20,18,24,20,21,,23,19,18,53,18,19,82,49,68,73,62,,44,,96,,66,61,52,56,72,51,18,61,52,69,84,69,74,28,41,500,500,500,500,41,2,30,40,27,,83,36,14,40,26
20250905,21,PM2.5,16,37,20,27,20,48,21,18,25,23,37,29,29,11,16,19,14,14,18,11,34,16,14,11,17,35,27,33,44,22,32,9,41,26,7,7,20,23,10,5,5,18,18,13,23,5,13,24,9,6,8,30,30,16,6,5,14,3,9,9,7,22,17,4,39,14,21,15,8,17,54,31,24,8,29,22,13,14,9,18,18,20,5,20,20,17,11,18,20,12,13,30,11,6,7,12,23,9,9,6,17,3,8,7,22,19,21,7,7,29,24,10,12,12,15,24,23,12,26,22,22,22,16,35,35,37,18,51,22,29,12,11,45,22,21,45,19,26,7,19,12,17,3,17,11,7,15,3,28,21,14,19,19,21,19,31,31,18,8,105,,,,,,,,,,,,,,,,,,,,,,,,,,,,,,11,28,19,3,25,17,13,24,42,13,31,18,14,18,38,14,18,25,25,17,29,24,18,19,21,20,25,15,29,19,30,26,23,17,7,22,19,34,20,10,31,24,7,38,16,35,11,27,12,18,3,20,11,21,9,34,17,28,17,16,16,22,25,35,48,29,30,8,12,5,25,6,38,6,13,45,18,13,29,47,15,36,60,65,12,20,57,71,30,31,15,12,14,19,20,28,23,9,22,11,10,6,4,8,6,17,4,3,3,6,20,,8,15,19,29,29,33,50,15,,8,22,28,11,20,35,13,23,26,21,33,33,24,12,8,3,3,15,,3,11,3,23,6,5,46,23,23,29,21,,31,,50,,24,27,21,17,21,23,7,31,17,22,38,41,25,8,24,282,415,431,326,12,,9,15,7,,37,19,8,23,13
20250905,21,PM2.5_24h,34,35,22,30,19,31,30,20,34,42,34,30,25,18,16,27,20,18,19,15,26,21,18,6,24,30,24,28,35,31,18,14,19,31,10,15,25,30,20,11,5,23,20,14,26,16,17,22,29,9,11,24,23,12,5,4,11,5,10,11,7,11,14,6,36,29,15,9,7,13,27,15,29,13,20,26,21,24,20,18,20,29,20,15,34,29,27,24,25,10,14,26,28,6,5,20,28,10,4,7,16,5,15,5,20,15,20,9,7,26,19,17,15,23,27,24,19,17,26,20,25,15,20,33,31,30,15,30,17,19,10,7,21,26,20,33,15,16,6,17,5,15,37,14,32,20,21,19,18,12,16,11,31,22,14,19,24,30,10,51,,,,,,,,,,,,,,,,,,,,,,,,,,,,,,17,28,23,3,16,20,9,24,18,39,39,15,61,24,32,16,16,23,20,18,39,20,14,12,17,21,28,11,18,16,20,16,20,12,14,21,11,21,19,17,34,25,14,29,21,26,15,26,22,25,18,18,14,18,15,26,22,20,17,16,13,20,13,25,24,16,26,11,25,6,38,20,24,12,23,24,31,17,25,18,18,17,27,29,12,23,23,22,28,18,28,10,12,14,16,23,20,12,15,12,7,8,18,36,47,39,25,28,12,16,11,,5,13,14,17,11,25,15,13,,8,15,28,8,13,20,11,17,14,13,15,15,14,9,5,4,2,9,,2,5,5,39,7,7,24,22,16,24,33,,30,,18,,13,18,19,14,13,15,3,22,30,23,30,51,14,16,20,272,363,422,349,20,7,6,14,15,,21,18,6,36,16
20250905,21,PM10,23,46,33,36,34,55,35,37,38,35,50,43,43,21,48,36,22,34,47,21,54,30,25,25,21,59,44,48,59,32,56,16,58,41,14,17,35,36,19,16,10,29,33,23,36,14,17,37,11,12,24,45,48,32,15,9,32,10,20,28,21,40,27,11,55,30,33,34,27,37,159,80,90,32,52,41,36,42,26,38,28,17,15,39,22,24,12,26,33,27,30,44,16,15,12,15,37,20,18,17,33,17,20,16,41,29,39,26,26,34,58,21,41,22,21,42,42,26,29,39,64,36,42,57,49,45,32,58,35,36,22,28,53,40,38,51,28,38,19,31,16,37,6,36,18,22,34,11,37,46,28,58,48,37,34,97,111,66,38,390,,,,,,,,,,,,,,,,,,,,,,,,,,,,,,34,35,29,20,74,29,18,54,137,35,43,23,46,34,,26,47,40,56,36,39,43,44,35,35,22,38,38,76,54,51,45,53,60,33,46,54,53,38,28,49,40,23,47,38,46,20,36,18,35,15,30,26,29,12,44,31,44,43,33,32,37,38,42,58,58,48,23,27,22,49,29,63,24,27,75,37,51,46,,23,47,95,79,43,31,71,92,40,68,44,27,36,29,23,33,32,18,40,25,43,8,11,18,29,22,11,11,7,13,20,,,22,29,31,43,52,68,20,,16,20,33,21,39,,19,36,46,43,60,59,37,20,14,8,13,20,,6,19,9,56,11,13,113,49,85,95,73,,39,,141,,81,71,53,61,94,52,11,72,54,87,117,87,97,24,41,816,1081,1154,1206,41,,29,40,23,,116,36,14,40,26
20250905,21,PM10_24h,49,50,39,46,42,41,55,32,51,60,46,56,43,30,33,51,28,42,46,27,43,36,29,15,34,50,39,46,47,38,30,21,31,43,22,27,37,41,31,22,13,35,32,26,41,24,24,38,44,17,19,41,38,25,13,8,20,12,21,24,15,23,21,13,50,46,27,18,13,27,74,30,99,45,32,40,55,61,36,36,28,33,31,29,46,43,37,38,44,16,31,50,41,11,12,33,42,19,12,16,25,10,25,10,38,32,36,26,19,35,35,25,34,37,38,42,41,40,40,34,49,31,43,45,47,40,22,39,22,28,16,15,31,42,31,43,21,29,12,31,14,27,53,32,48,32,33,27,25,22,38,26,74,43,24,61,88,138,28,207,,,,,,,,,,,,,,,,,,,,,,,,,,,,,,32,45,37,12,35,27,11,32,39,137,57,30,198,41,34,24,54,43,46,35,50,35,34,24,40,36,37,28,43,48,37,30,40,35,29,46,33,38,33,35,54,35,33,36,38,40,21,34,33,38,30,28,23,31,23,37,35,32,32,27,27,37,28,37,30,31,32,25,35,20,61,31,51,23,37,51,48,35,39,30,30,25,41,40,21,31,32,32,41,26,52,24,28,26,23,38,29,20,26,22,14,19,25,53,79,48,47,38,20,23,15,,15,22,22,20,19,34,26,13,,13,14,38,16,30,19,18,21,22,28,16,30,23,17,7,8,8,14,,4,10,11,83,18,15,53,41,50,63,79,,61,,58,,24,35,33,38,42,25,8,68,124,53,77,118,47,44,42,848,1058,1125,1413,56,19,25,37,41,,46,29,14,60,31
20250905,21,SO2,3,6,2,3,5,5,3,6,6,3,4,5,2,7,5,6,8,5,9,6,5,6,4,6,4,7,7,9,5,9,8,6,6,7,5,4,6,7,6,6,2,2,6,4,6,4,2,5,7,5,5,6,5,6,7,5,5,6,5,6,8,7,6,5,8,3,5,4,6,2,8,13,5,5,5,9,22,7,6,9,7,5,3,9,9,7,3,6,7,4,3,3,2,6,4,5,15,5,4,5,8,4,4,4,7,7,6,10,3,4,7,7,5,8,8,7,8,6,6,5,7,7,8,6,7,6,6,5,4,6,5,6,5,3,7,5,6,7,4,6,3,9,5,8,4,7,4,4,5,5,3,3,5,7,4,1,24,9,6,4,,,,,,,,,,,,,,,,,,,,,,,,,,,,,,5,5,5,3,3,10,4,5,4,10,4,5,8,11,6,4,7,5,5,6,5,5,20,13,7,7,4,7,9,12,36,7,7,12,6,22,6,6,5,7,10,5,4,7,4,4,3,3,5,8,7,3,4,9,4,7,10,10,7,6,8,7,4,17,5,5,3,3,5,8,3,4,6,7,7,8,2,11,6,5,4,6,6,11,4,5,4,7,11,7,10,5,7,7,2,16,9,6,10,7,3,6,4,5,5,5,4,6,6,5,8,,5,10,3,7,5,6,5,4,,4,9,4,10,7,6,6,7,6,7,7,13,6,6,5,3,9,3,,7,5,6,3,5,4,7,8,8,5,8,,6,,6,,5,11,7,8,17,18,4,,4,4,8,6,4,9,8,5,6,4,2,5,5,4,9,5,,12,8,8,5,4
20250905,21,SO2_24h,3,7,2,5,7,7,3,6,4,5,5,6,3,8,5,8,8,5,9,6,5,6,5,4,6,8,7,9,5,10,8,7,6,7,6,4,6,7,6,6,3,3,5,4,7,4,3,6,8,5,5,6,6,6,7,5,5,6,5,6,8,7,5,5,9,4,6,5,7,2,7,9,6,6,5,10,7,6,8,7,7,5,3,9,10,9,4,8,9,5,4,5,4,6,5,6,11,6,4,6,8,4,5,3,11,7,9,7,5,5,7,7,5,18,12,7,7,6,9,6,6,6,8,7,8,7,6,7,4,7,4,6,5,5,7,6,6,6,4,6,3,9,6,11,5,8,4,4,6,4,3,3,4,7,4,7,22,8,7,4,,,,,,,,,,,,,,,,,,,,,,,,,,,,,,5,6,7,2,4,6,3,5,3,8,6,5,9,11,6,4,8,12,4,8,5,6,12,11,6,7,4,6,9,12,10,6,7,11,6,11,5,7,6,9,9,6,4,7,5,5,4,5,6,7,6,5,4,9,5,7,15,9,10,6,10,8,4,15,5,5,3,2,4,8,4,3,6,8,7,9,2,10,6,4,5,5,8,8,5,7,3,6,10,6,10,4,4,4,5,10,13,7,15,7,5,6,4,6,10,6,5,7,6,6,8,,5,10,3,6,5,8,4,3,,4,9,7,10,7,6,6,7,5,6,6,15,5,6,3,3,8,2,,6,5,6,3,5,4,9,9,8,6,7,,5,,6,,5,12,7,9,10,18,4,8,3,5,8,7,4,9,7,4,8,4,2,5,4,3,10,5,,11,7,8,6,4
20250905,21,NO2,16,17,19,18,21,22,19,14,20,21,12,9,11,13,26,13,14,16,20,20,22,17,13,20,16,18,26,28,32,9,18,10,24,23,10,11,16,15,20,9,16,17,13,10,41,6,14,12,15,11,16,27,33,27,19,11,23,14,14,36,12,18,10,5,17,22,16,17,14,15,32,14,47,17,20,12,36,36,6,15,17,15,9,23,12,13,7,18,11,12,20,9,18,10,12,14,12,6,8,12,14,8,9,5,20,16,17,13,11,9,19,20,16,28,18,13,23,11,7,18,9,24,9,34,39,22,10,20,27,17,8,14,13,17,19,15,12,13,6,11,8,29,7,20,7,11,22,5,10,12,21,9,23,24,17,16,22,31,29,12,,,,,,,,,,,,,,,,,,,,,,,,,,,,,,10,12,14,10,12,17,10,23,50,17,11,7,22,17,8,6,21,11,17,19,14,21,32,20,16,8,4,29,42,17,22,13,30,22,10,11,22,18,15,6,22,16,3,22,7,15,15,7,8,11,9,16,14,20,5,11,10,17,11,17,6,7,4,13,17,28,12,8,12,10,9,11,17,9,11,29,7,7,34,31,10,16,20,16,13,11,12,24,11,14,29,18,23,10,8,12,13,13,9,49,13,5,8,9,8,6,7,6,7,13,11,,13,10,9,7,18,7,16,14,,4,5,9,12,10,13,7,8,16,8,15,14,19,8,5,4,4,26,,7,10,8,64,6,8,31,13,14,26,48,,15,,5,,14,3,7,1,33,2,25,12,50,35,39,26,39,14,14,11,9,22,20,22,4,60,23,7,,12,27,6,17,17
20250905,21,NO2_24h,17,19,16,18,21,14,26,12,18,18,18,25,15,17,14,29,14,24,24,20,18,21,20,9,14,17,28,24,24,11,13,11,10,23,10,15,17,18,20,9,15,18,17,10,21,9,16,21,32,12,13,18,12,20,14,8,17,10,11,28,11,13,9,6,18,23,9,11,17,9,13,10,13,27,11,13,13,10,16,14,18,18,13,19,24,18,16,24,13,10,16,16,22,11,11,18,16,8,7,9,10,8,10,6,20,12,15,14,12,12,14,12,14,32,17,13,22,19,18,16,8,18,10,16,18,25,11,14,12,13,9,10,10,13,12,10,5,10,6,12,7,16,15,17,12,19,17,8,7,8,11,10,16,13,12,11,20,10,14,13,,,,,,,,,,,,,,,,,,,,,,,,,,,,,,10,8,18,10,8,16,6,15,26,4,14,15,7,11,10,6,4,12,16,14,11,20,19,15,12,10,6,16,24,14,14,9,19,24,10,11,7,13,9,9,21,12,6,10,11,10,10,10,11,11,10,12,6,14,8,10,14,11,12,10,6,8,7,14,9,9,12,9,8,7,13,9,10,9,13,18,10,11,15,11,10,8,10,15,10,11,6,11,12,8,27,12,14,10,8,15,11,12,10,12,14,6,11,19,25,10,25,12,9,11,7,,14,9,6,4,8,8,7,6,,4,5,11,10,7,9,9,5,7,6,8,10,13,6,4,5,7,13,,4,4,8,14,6,9,8,12,16,11,12,,6,,8,,6,5,3,3,5,2,10,3,7,7,8,16,17,31,12,11,13,24,21,29,4,19,18,18,,7,17,5,22,10
20250905,21,O3,41,78,44,71,73,58,51,46,49,58,91,85,70,56,51,74,69,63,83,56,137,127,114,67,83,167,142,153,170,89,134,68,114,102,40,43,96,159,72,45,49,116,100,98,42,43,81,77,67,90,60,75,48,72,33,44,68,41,36,41,48,92,70,36,46,41,42,49,69,62,40,85,42,82,67,83,51,42,88,63,83,92,48,82,83,68,76,59,88,94,77,59,51,82,82,84,99,61,37,40,81,51,66,53,120,44,51,62,36,69,53,57,58,50,52,95,66,58,104,44,90,21,88,73,64,68,65,73,51,66,76,64,76,70,72,68,33,45,39,82,29,22,71,40,44,65,34,60,62,64,49,45,17,35,65,72,110,63,52,73,,,,,,,,,,,,,,,,,,,,,,,,,,,,,,67,65,101,68,57,50,59,51,15,70,98,70,53,61,72,61,74,89,89,65,72,73,27,11,20,100,94,23,19,84,53,29,46,53,37,99,72,96,92,94,70,71,89,96,97,97,54,72,78,81,40,41,54,51,49,63,49,63,44,61,74,62,55,59,62,58,53,63,61,42,63,69,75,57,46,74,65,100,71,25,87,35,52,70,77,51,58,36,71,30,45,42,41,59,62,81,68,49,77,11,74,71,67,70,80,48,57,81,65,61,32,,62,54,66,48,41,71,53,41,,45,36,69,54,28,15,37,56,57,17,42,42,16,36,56,77,65,60,,75,26,56,12,58,62,68,75,86,77,12,,51,,63,,58,98,83,75,67,90,58,,29,63,20,77,49,88,101,62,67,56,63,101,,32,76,87,,91,56,31,56,51
20250905,21,O3_24h,,,,,,,,,,,,,,,,,,,,,,,,,,,,,,,,,,,,,,,,,,,,,,,,,,,,,,,,,,,,,,,,,,,,,,,,,,,,,,,,,,,,,,,,,,,,,,,,,,,,,,,,,,,,,,,,,,,,,,,,,,,,,,,,,,,,,,,,,,,,,,,,,,,,,,,,,,,,,,,,,,,,,,,,,,,,,,,,,,,,,,,,,,,,,,,,,,,,,,,,,,,,,,,,,,,,,,,,,,,,,,,,,,,,,,,,,,,,,,,,,,,,,,,,,,,,,,,,,,,,,,,,,,,,,,,,,,,,,,,,,,,,,,,,,,,,,,,,,,,,,,,,,,,,,,,,,,,,,,,,,,,,,,,,,,,,,,,,,,,,,,,,,,,,,,,,,,,,,,,,,,,,,,,,,,,,,,,
20250905,21,O3_8h,81,108,83,107,121,103,87,107,106,107,100,92,100,72,88,103,105,104,114,159,174,193,173,106,137,217,171,153,218,196,158,141,154,175,105,97,157,188,178,85,71,151,136,119,152,87,139,131,67,127,91,128,118,139,62,58,114,78,103,144,87,104,83,44,109,63,61,70,83,75,91,98,103,90,105,113,88,90,120,77,114,121,129,136,100,89,91,85,136,113,118,96,84,107,103,118,160,79,45,56,103,59,99,62,143,114,118,75,58,84,85,72,65,70,98,91,96,74,120,88,101,82,112,142,154,133,71,99,93,86,76,84,132,125,128,102,70,83,51,95,48,69,77,71,80,61,69,60,75,86,78,75,65,72,69,98,121,97,92,81,,,,,,,,,,,,,,,,,,,,,,,,,,,,,,106,80,159,83,96,79,73,82,72,107,129,68,94,95,100,88,101,120,88,108,117,104,93,67,76,108,108,91,99,120,102,95,103,92,64,126,69,158,146,161,132,128,96,173,134,162,122,118,131,112,98,118,100,114,85,115,102,111,103,96,95,124,104,130,95,104,96,81,75,69,104,79,124,67,58,142,128,130,142,98,123,78,110,92,108,124,81,83,89,81,122,63,83,85,81,104,130,69,88,68,90,73,65,72,72,53,40,73,67,79,58,,62,70,79,67,77,80,58,65,,49,47,71,63,44,40,39,63,59,49,55,69,47,47,79,82,71,82,,75,47,70,78,60,76,104,89,103,106,93,,75,,77,,83,102,106,96,122,100,84,116,94,106,97,98,89,100,106,74,73,66,79,111,84,73,98,97,,115,126,47,98,77
20250905,21,O3_8h_24h,66,98,76,95,104,88,78,67,82,88,97,89,78,61,79,91,94,79,99,132,169,177,160,98,121,204,160,167,211,180,156,115,148,159,78,63,147,181,165,62,62,145,123,115,110,63,121,109,63,112,69,113,95,133,53,55,109,69,88,132,77,104,79,42,91,59,57,66,82,73,87,95,98,95,88,98,81,77,116,71,103,113,96,129,85,66,89,72,125,110,105,86,73,98,98,105,145,70,42,48,100,58,96,59,142,94,95,75,56,83,73,58,65,57,72,91,82,74,113,66,98,62,99,120,118,111,68,94,76,79,71,65,128,106,116,93,56,76,47,94,42,51,68,65,67,61,61,60,73,85,70,66,51,64,68,96,121,92,90,79,,,,,,,,,,,,,,,,,,,,,,,,,,,,,,103,80,139,67,84,63,62,74,50,90,118,68,87,84,96,81,93,111,88,94,96,93,58,45,56,97,104,74,70,106,84,72,83,74,55,121,69,140,129,136,116,114,87,142,122,143,99,108,117,97,57,91,88,88,64,98,77,98,81,82,85,102,93,109,85,92,62,73,74,65,94,79,106,64,57,119,108,123,110,73,114,64,91,88,100,94,78,72,87,68,103,60,75,82,78,95,121,64,87,60,84,73,65,72,72,48,40,73,67,79,56,,62,66,79,64,69,80,57,60,,47,47,69,63,41,32,39,62,59,40,52,66,39,45,77,82,71,76,,69,47,66,68,60,75,100,85,101,104,75,,70,,77,,78,101,104,90,116,98,79,116,86,101,85,97,84,100,106,74,72,66,79,111,84,69,97,97,,113,106,45,81,70
20250905,21,CO,0.58,0.62,0.61,0.54,0.47,1.10,0.33,0.58,0.87,0.45,0.45,0.53,0.65,0.47,0.40,0.65,0.42,0.46,0.78,0.55,0.72,0.46,0.51,0.70,0.38,0.88,0.82,0.80,0.92,0.68,0.86,0.50,0.68,0.63,0.36,0.36,0.43,0.57,0.60,0.38,0.45,0.53,0.47,0.40,0.76,0.13,0.34,0.69,0.65,0.32,0.61,0.60,0.69,0.49,0.53,0.37,0.61,0.32,0.40,0.48,0.49,0.52,0.50,0.30,0.65,0.53,0.37,0.41,0.30,0.52,0.37,0.43,0.48,0.28,0.85,0.90,0.90,0.62,0.42,0.88,0.47,0.85,0.33,0.46,0.84,0.82,0.38,0.60,0.50,0.35,0.62,0.57,0.52,0.58,0.42,0.60,0.85,0.57,0.37,0.56,0.73,0.43,0.75,0.43,0.58,0.60,0.76,0.50,0.37,0.40,0.63,0.68,0.57,0.60,0.62,0.90,0.90,0.70,1.06,0.60,0.64,0.46,0.72,0.68,0.67,0.72,0.37,1.28,0.92,0.73,0.46,0.40,0.65,0.53,0.85,0.57,0.43,0.47,0.45,0.57,0.50,0.60,0.64,0.76,0.33,0.33,0.67,0.25,0.48,0.53,0.45,0.50,0.55,0.52,0.50,0.40,0.53,0.46,0.32,0.30,,,,,,,,,,,,,,,,,,,,,,,,,,,,,,0.55,0.90,0.47,0.65,0.40,1.07,0.47,0.57,0.60,0.40,0.37,0.25,0.50,0.33,0.20,0.25,0.45,0.88,0.88,0.50,0.93,0.55,0.60,0.65,0.70,0.50,0.50,0.73,0.82,0.57,1.23,0.68,0.72,0.73,0.45,0.60,0.50,0.65,0.38,0.57,0.58,0.70,0.50,0.58,0.38,0.38,0.40,0.70,0.57,0.45,0.45,1.07,0.80,0.67,0.30,0.83,0.72,0.82,0.30,0.62,0.53,0.48,0.57,0.47,1.06,0.65,0.73,0.50,0.58,0.65,0.70,0.23,0.60,0.57,0.58,0.83,0.60,0.50,0.60,1.00,0.63,0.57,1.28,0.90,0.80,0.53,0.57,0.92,0.68,0.45,0.67,0.43,0.55,0.53,0.50,0.63,0.70,0.55,0.60,0.70,0.50,0.27,0.40,0.47,0.40,0.47,0.27,0.40,0.50,0.47,0.60,,0.35,0.83,0.33,0.70,0.55,0.60,0.75,0.40,,0.30,0.30,0.50,0.45,0.60,0.65,0.45,0.37,0.55,0.65,0.85,0.50,0.65,0.45,0.25,0.15,0.25,0.50,,0.30,0.45,0.53,0.80,0.50,0.40,0.45,0.45,0.30,0.45,0.60,,0.45,,0.50,,0.25,0.50,0.30,0.40,0.40,0.50,0.50,0.40,0.43,0.45,0.50,0.35,0.35,0.35,0.45,0.60,0.20,0.35,0.45,0.55,0.20,0.40,0.30,0.20,,0.30,0.70,0.45,0.47,0.40
20250905,21,CO_24h,0.61,0.64,0.51,0.57,0.38,0.82,0.43,0.64,0.70,0.63,0.43,0.53,0.80,0.66,0.43,1.07,0.45,0.55,0.76,0.61,0.72,0.47,0.60,0.60,0.40,0.78,0.71,0.84,0.92,0.78,0.58,0.58,0.40,0.63,0.42,0.38,0.45,0.57,0.70,0.40,0.45,0.50,0.43,0.43,0.77,0.30,0.40,0.74,0.71,0.34,0.61,0.72,0.52,0.46,0.51,0.37,0.56,0.35,0.43,0.42,0.39,0.44,0.49,0.30,0.68,0.63,0.32,0.36,0.32,0.54,0.40,0.67,0.34,0.33,0.67,0.85,0.56,0.44,0.64,0.75,0.53,0.68,0.47,0.46,0.86,0.75,0.44,0.60,0.47,0.32,0.55,0.56,0.50,0.56,0.40,0.62,0.78,0.57,0.35,0.52,0.60,0.40,0.70,0.43,0.53,0.60,0.64,0.45,0.50,0.45,0.67,1.02,0.82,0.77,0.70,1.00,0.90,0.90,0.76,0.53,0.66,0.36,0.73,0.68,0.67,0.70,0.53,1.02,0.83,0.70,0.62,0.50,0.53,0.60,0.77,0.57,0.40,0.40,0.47,0.53,0.43,0.60,0.92,0.74,0.53,0.53,0.85,0.35,0.42,0.45,0.43,0.55,0.63,0.52,0.55,0.30,0.63,0.44,0.26,0.23,,,,,,,,,,,,,,,,,,,,,,,,,,,,,,0.50,0.80,0.57,0.72,0.38,0.73,0.74,0.70,0.90,0.33,0.60,0.25,0.35,0.48,0.60,0.30,0.35,0.64,0.75,0.65,0.97,0.47,0.55,0.45,0.60,0.50,0.55,0.63,0.67,0.53,0.63,0.58,0.70,0.63,0.45,0.60,0.35,0.60,0.44,0.67,0.68,0.73,0.50,0.47,0.50,0.38,0.43,0.67,0.78,0.47,0.50,1.00,0.63,0.63,0.45,0.80,0.90,0.65,0.38,0.68,0.58,0.48,0.47,0.50,0.78,0.47,0.73,0.60,0.70,0.68,0.70,0.40,0.55,0.77,0.74,0.73,0.68,0.80,0.57,0.70,0.77,0.43,0.87,0.60,0.70,0.50,0.40,0.28,0.63,0.45,0.80,0.47,0.50,0.50,0.50,0.60,0.53,0.55,0.60,0.60,0.77,0.37,0.57,0.88,0.73,0.68,0.50,0.55,0.65,0.58,0.60,,0.30,0.70,0.30,0.57,0.40,0.55,0.50,0.35,,0.25,0.35,0.40,0.40,0.55,0.55,0.45,0.27,0.35,0.55,0.60,0.40,0.55,0.40,0.20,0.15,0.25,0.30,,0.30,0.40,0.60,0.50,0.60,0.45,0.40,0.50,0.20,0.40,0.55,,0.45,,0.50,,0.20,0.70,0.50,0.40,0.40,0.50,0.40,0.40,0.23,0.35,0.20,0.60,0.25,0.55,0.35,0.60,0.20,0.35,0.50,0.75,0.10,0.30,0.35,0.35,,0.35,0.50,0.50,0.55,0.47
20250905,22,AQI,24,51,38,44,30,66,37,39,39,33,55,51,44,28,38,32,22,33,40,19,54,30,27,26,28,56,41,52,70,28,52,19,56,40,13,15,31,40,19,14,14,33,32,27,38,14,24,33,19,28,21,51,51,30,15,13,24,10,21,27,19,32,29,12,55,26,35,34,33,41,96,67,63,40,38,30,44,40,24,41,34,30,13,35,34,24,23,21,27,27,26,34,14,24,26,27,39,20,12,13,41,15,27,16,38,35,42,24,25,34,53,25,57,27,20,31,39,26,31,37,40,36,39,51,56,64,34,73,33,48,24,32,55,48,38,68,29,36,14,33,16,41,24,34,14,24,34,18,34,50,34,51,45,48,49,79,85,62,47,239,,,,,,,,,,,,,,,,,,,,,,,,,,,,,,29,29,32,29,68,36,23,49,97,38,43,29,44,35,49,24,44,40,37,35,47,31,35,34,32,31,26,32,68,42,56,38,51,34,29,45,37,52,37,28,46,37,27,63,42,40,16,36,23,24,13,31,27,35,15,50,28,47,23,33,27,38,36,54,63,52,47,27,26,19,38,28,59,21,26,67,29,48,43,71,25,59,70,85,39,32,65,91,40,68,54,35,33,30,23,39,39,26,35,27,43,21,22,23,24,23,18,23,20,16,29,,20,19,30,26,45,54,65,20,,17,26,43,25,37,43,23,35,37,40,41,41,30,21,18,22,19,25,,24,18,16,63,20,22,89,47,65,85,62,,39,,101,,70,64,56,52,66,48,19,59,59,70,73,90,87,38,51,500,500,500,500,53,45,53,43,33,,82,36,14,37,26
20250905,22,PM2.5,17,36,20,31,16,48,17,20,27,23,39,36,28,15,14,17,15,15,16,9,33,12,12,14,11,35,21,33,51,19,34,8,40,24,6,6,17,22,10,3,5,21,17,12,22,3,12,23,6,5,9,33,32,14,5,6,13,3,8,9,6,19,17,3,37,10,23,15,10,18,48,31,22,8,19,17,18,11,11,17,24,21,7,18,24,17,10,15,12,10,12,23,8,6,4,10,24,8,3,8,19,3,8,4,21,15,19,6,12,24,21,12,21,14,12,17,22,10,21,21,16,21,16,31,34,46,19,53,16,31,12,13,37,25,21,49,19,25,5,20,8,21,3,17,6,9,16,8,24,25,16,20,17,22,27,33,35,21,19,106,,,,,,,,,,,,,,,,,,,,,,,,,,,,,,15,20,21,6,30,17,16,23,46,17,30,20,11,20,34,13,10,24,16,20,33,20,16,24,15,20,15,16,32,20,28,18,25,15,3,22,13,31,14,7,29,22,5,45,27,28,11,25,13,15,3,22,12,24,9,35,15,27,16,16,12,20,23,38,45,23,32,8,12,3,24,6,35,9,10,42,16,22,29,52,11,42,51,63,21,18,47,68,21,49,23,13,11,20,16,27,27,10,21,9,15,7,4,10,6,16,4,3,5,8,13,,8,10,21,18,28,38,47,14,,12,18,30,11,18,30,16,23,26,19,27,26,21,15,12,3,3,16,,3,10,3,24,6,4,47,24,22,34,23,,27,,48,,29,29,25,17,23,27,3,25,21,23,27,45,38,13,28,278,415,445,318,17,8,15,19,11,,38,25,6,25,14
20250905,22,PM2.5_24h,33,35,22,30,19,32,30,20,34,41,34,30,26,17,15,26,20,17,19,15,26,21,18,6,23,31,24,28,36,31,18,14,21,30,10,15,24,30,20,10,5,22,21,14,26,15,17,21,27,9,11,24,23,12,5,4,11,5,10,11,7,11,13,6,36,29,15,9,7,14,27,15,28,13,20,26,21,24,19,18,20,28,19,15,33,28,27,23,24,10,14,26,27,6,5,20,28,10,5,7,16,5,14,5,21,15,20,9,7,26,19,16,15,23,27,23,19,17,25,20,25,15,19,33,31,30,15,32,17,19,10,7,21,26,19,33,16,17,6,17,5,15,35,14,29,20,21,18,18,12,16,11,31,22,15,20,24,27,10,55,,,,,,,,,,,,,,,,,,,,,,,,,,,,,,18,28,23,3,16,20,9,24,19,31,38,15,48,23,32,16,15,22,19,18,39,20,13,12,17,21,26,11,18,16,20,16,20,12,13,21,11,22,19,17,34,24,13,30,22,26,15,26,21,24,17,18,14,18,14,26,22,20,18,16,13,20,13,25,25,16,26,11,24,7,38,20,24,12,22,25,30,17,26,20,17,17,29,30,12,22,23,24,28,19,28,10,12,14,15,23,20,12,15,12,7,8,17,34,44,38,24,26,11,16,11,,5,13,14,17,12,25,14,13,,8,15,26,8,13,20,11,17,15,13,16,15,15,10,5,4,2,9,,2,5,5,40,7,7,25,23,16,25,34,,31,,18,,13,18,20,14,13,15,3,22,26,20,28,48,14,16,21,268,371,426,356,21,7,6,15,15,,21,18,6,36,16
20250905,22,PM10,24,46,38,39,30,55,37,39,37,31,51,42,44,28,38,32,22,33,40,19,57,25,22,26,17,62,38,53,67,28,53,14,54,40,13,15,31,34,19,12,10,33,32,24,38,11,16,33,9,12,21,51,52,30,15,10,24,10,21,27,19,32,29,12,59,26,35,34,33,41,142,84,75,40,38,30,44,40,24,41,16,,13,35,25,22,13,12,27,17,25,34,8,17,12,13,39,16,11,13,41,13,27,14,38,35,42,24,25,30,55,25,63,27,20,31,39,26,26,37,40,36,39,52,61,46,34,60,33,48,24,32,59,48,38,64,29,36,12,33,16,41,7,34,11,24,34,10,34,50,34,51,45,48,49,107,119,73,47,377,,,,,,,,,,,,,,,,,,,,,,,,,,,,,,29,27,32,29,86,36,21,49,144,38,42,22,44,35,,24,44,40,37,35,29,31,35,32,32,30,19,32,86,42,61,38,52,34,29,45,37,54,37,14,46,37,17,54,42,34,13,30,18,24,8,31,27,35,,41,28,47,21,33,27,38,36,43,63,54,47,27,26,19,38,28,68,21,26,83,29,48,43,71,17,48,80,90,39,32,60,67,40,39,57,35,33,30,23,34,37,26,35,27,43,9,15,23,19,22,15,11,8,15,29,,10,19,28,24,45,58,66,18,,17,15,33,25,37,,20,35,37,40,41,41,28,17,18,12,12,,,7,18,12,76,10,14,127,47,80,119,74,,37,,151,,89,77,61,53,81,48,7,68,67,89,95,129,124,38,51,811,1009,1134,1105,56,45,55,43,33,,114,29,14,37,26
20250905,22,PM10_24h,48,49,39,46,41,42,54,32,50,59,46,55,44,30,33,49,28,40,45,27,44,36,28,16,33,51,39,46,47,38,31,21,33,44,22,26,37,41,31,21,13,34,32,26,41,23,24,37,41,16,19,42,39,25,13,8,20,11,21,25,15,23,21,13,51,45,27,19,14,28,72,32,93,45,32,40,55,61,35,35,28,31,30,29,44,41,36,36,43,16,31,49,39,11,12,33,42,19,12,16,25,11,25,10,38,31,37,26,19,35,36,25,36,36,37,40,41,39,39,33,48,31,43,45,48,39,23,40,23,29,17,16,32,43,30,43,21,29,13,31,13,27,51,32,45,31,33,26,25,23,39,28,75,44,26,64,89,117,27,218,,,,,,,,,,,,,,,,,,,,,,,,,,,,,,33,44,37,13,36,27,12,32,43,106,57,29,150,40,33,24,44,42,44,34,49,35,33,24,39,36,36,29,44,45,38,29,40,35,28,45,32,39,34,34,54,36,32,37,38,40,21,34,32,37,29,29,24,32,22,37,35,32,32,27,27,37,28,38,32,33,33,25,35,21,60,31,52,23,36,53,47,36,40,32,29,25,42,43,22,31,33,34,40,26,51,25,28,26,22,38,29,20,26,22,15,18,25,51,75,47,45,35,19,23,15,,14,22,22,21,21,33,26,13,,13,15,34,16,30,19,19,22,22,28,16,30,23,16,7,9,8,14,,4,10,10,85,18,14,55,42,53,66,80,,62,,60,,26,35,34,39,43,26,7,68,104,45,77,114,49,44,42,836,1073,1133,1436,57,20,26,37,41,,49,29,14,60,32
20250905,22,SO2,3,6,2,3,5,5,3,5,5,3,4,5,2,7,5,5,8,5,8,6,5,6,4,5,4,7,6,9,5,9,7,6,6,7,5,4,6,7,7,6,2,3,10,4,6,4,2,5,8,5,5,6,5,6,7,5,5,6,5,6,8,8,7,5,7,3,5,5,6,2,8,12,6,5,3,8,16,7,6,8,6,6,4,9,8,7,3,6,6,5,3,4,2,6,4,5,10,5,4,5,8,4,7,4,8,12,7,9,5,4,6,7,5,8,8,6,8,6,5,5,7,6,9,6,7,6,6,5,4,6,5,6,5,4,7,5,5,8,4,6,3,12,5,9,4,6,4,4,4,5,3,3,4,7,4,2,23,12,6,4,,,,,,,,,,,,,,,,,,,,,,,,,,,,,,5,5,5,2,3,9,4,11,4,10,3,5,8,11,6,4,8,5,4,7,5,5,9,10,6,7,4,7,9,12,35,7,7,12,6,18,5,6,6,7,11,6,4,6,4,4,3,3,5,7,5,3,5,12,4,8,9,9,7,6,9,6,4,17,5,5,3,2,5,8,3,4,6,7,7,8,2,12,6,4,4,6,6,10,5,5,4,6,19,5,11,7,3,7,3,18,10,7,9,7,4,6,4,5,5,5,6,7,7,6,8,,5,10,2,7,3,5,4,4,,4,9,4,10,6,6,7,7,3,6,6,15,5,7,3,3,9,2,,6,5,6,3,6,4,7,9,8,7,8,,5,,5,,4,10,10,8,18,18,4,8,4,4,8,7,4,9,8,5,6,4,2,5,5,3,9,5,,11,8,8,5,4
20250905,22,SO2_24h,3,7,2,4,7,6,3,6,4,5,5,6,3,8,5,8,8,5,9,6,5,6,5,4,6,8,6,9,5,10,8,7,6,7,6,4,6,7,6,6,3,3,6,4,7,4,3,6,8,5,5,6,6,6,7,5,5,6,5,6,8,7,6,5,9,4,6,5,7,2,7,10,6,6,5,10,7,6,8,7,7,5,3,10,10,9,4,8,9,5,4,5,4,6,5,6,11,6,4,6,8,4,6,3,11,8,9,7,5,4,6,7,5,17,12,7,7,6,8,6,6,6,8,7,8,7,6,7,4,7,4,6,5,5,7,6,6,6,4,6,3,9,6,11,5,8,4,4,6,4,3,3,4,7,4,7,23,8,6,4,,,,,,,,,,,,,,,,,,,,,,,,,,,,,,5,6,7,2,4,6,3,5,3,8,6,5,9,11,6,4,8,12,4,7,5,6,12,11,6,7,4,7,9,12,11,6,7,11,6,11,5,7,6,9,9,6,4,7,5,5,4,5,6,7,6,5,4,9,5,7,15,9,10,6,10,8,4,15,5,5,3,2,4,8,4,3,6,8,7,9,2,10,6,4,5,5,8,9,5,7,3,6,9,6,10,4,4,5,5,11,13,7,15,7,5,6,4,6,10,6,5,7,6,6,8,,5,10,3,6,5,7,4,3,,4,9,7,10,7,6,6,7,5,6,6,15,5,6,3,3,8,2,,6,5,6,3,5,4,9,9,8,6,7,,5,,6,,5,12,7,9,10,18,4,8,3,5,8,7,4,9,7,4,8,4,2,5,4,3,10,5,,11,7,8,6,4
20250905,22,NO2,17,19,21,17,30,23,21,13,15,20,13,9,11,14,31,9,13,13,16,21,20,20,16,16,6,15,20,25,30,9,18,9,21,28,10,10,13,19,25,8,17,22,22,9,40,5,13,17,16,8,18,24,38,27,20,11,22,16,14,41,15,17,10,5,16,20,18,18,10,15,43,16,51,27,12,11,47,39,11,12,15,15,11,25,10,11,8,16,8,10,15,8,18,10,7,13,12,6,9,10,15,8,9,4,21,14,16,13,14,8,16,16,18,31,13,11,18,10,9,17,7,24,8,22,43,28,10,18,20,19,8,14,8,12,20,14,8,11,6,11,6,30,6,23,8,10,22,6,9,15,24,17,24,26,18,25,39,40,35,16,,,,,,,,,,,,,,,,,,,,,,,,,,,,,,11,13,15,9,13,18,9,26,42,35,10,5,20,25,7,6,12,9,11,24,13,9,13,21,17,8,3,26,41,17,22,11,31,23,9,13,12,18,11,6,26,16,3,14,8,7,14,7,8,11,7,18,18,20,6,18,10,16,14,16,4,6,4,12,17,23,13,9,11,10,9,10,17,7,12,43,7,16,34,27,9,13,17,15,10,11,10,28,14,13,41,20,20,11,9,14,13,15,9,14,11,4,7,9,7,6,7,7,7,13,11,,12,14,8,5,15,7,10,21,,6,6,8,12,8,14,7,5,9,12,9,13,15,10,3,2,5,10,,8,10,8,66,6,8,44,12,18,62,40,,11,,8,,16,4,14,1,27,2,21,10,53,28,31,48,73,47,40,32,13,28,27,25,,56,21,24,,25,23,5,18,22
20250905,22,NO2_24h,17,19,16,18,21,14,26,12,18,18,18,24,15,17,14,26,13,22,23,20,18,21,20,10,13,17,27,24,25,11,13,11,10,23,10,14,16,18,20,9,14,16,17,10,21,8,16,20,32,12,13,19,13,20,14,8,17,10,11,28,11,13,9,6,17,23,9,11,17,9,14,11,15,28,11,13,15,11,15,14,17,17,12,19,23,18,15,24,13,10,16,16,22,11,11,18,16,8,7,9,10,8,10,6,20,12,16,14,12,12,14,12,14,32,17,13,21,18,17,15,8,18,10,16,19,25,11,14,13,13,8,10,10,13,11,10,5,10,5,12,8,16,14,17,12,19,18,7,8,8,12,10,17,14,12,11,20,12,14,14,,,,,,,,,,,,,,,,,,,,,,,,,,,,,,10,8,18,10,8,16,6,15,26,6,14,14,7,11,10,6,5,12,15,14,11,19,17,14,12,10,6,17,24,13,15,9,18,24,10,11,7,13,9,9,21,12,6,10,11,10,11,10,10,11,10,13,7,14,8,11,14,11,12,11,6,8,7,14,9,10,12,9,9,7,13,9,11,9,12,19,10,11,16,11,10,9,10,16,10,11,6,12,12,8,27,12,14,10,8,15,11,12,10,12,13,6,11,18,24,10,23,12,9,11,7,,13,9,6,4,9,8,7,7,,4,5,10,10,7,9,9,5,7,6,8,10,13,6,3,5,5,12,,4,5,8,17,6,9,10,12,16,13,13,,6,,8,,7,5,3,3,6,2,9,4,9,8,9,16,19,32,13,11,13,24,21,28,4,19,18,18,,8,17,5,23,10
20250905,22,O3,34,67,35,64,60,49,35,34,45,48,81,76,64,55,38,71,69,75,77,42,126,96,85,68,88,145,131,141,153,71,129,61,104,75,39,42,86,129,44,46,45,103,76,87,39,44,78,69,62,89,55,72,38,59,30,43,52,33,31,27,48,74,68,33,41,41,36,42,71,58,25,80,35,66,80,82,30,31,77,61,87,90,35,67,86,72,72,55,79,87,83,52,44,77,83,87,88,65,37,42,72,48,54,52,109,45,41,58,30,64,50,58,49,45,51,87,77,47,98,47,84,18,89,79,52,54,66,67,46,58,78,64,74,65,65,60,32,39,46,81,26,19,78,29,45,74,28,56,61,46,40,42,9,25,65,54,83,52,45,65,,,,,,,,,,,,,,,,,,,,,,,,,,,,,,60,59,89,69,47,37,59,35,8,46,92,64,53,46,63,54,74,93,88,54,66,77,43,6,12,98,82,18,13,77,47,28,42,46,38,93,91,90,87,88,62,70,85,142,81,89,47,74,72,71,40,37,43,60,48,49,44,55,37,60,78,51,49,53,64,50,57,62,62,42,66,69,65,62,46,48,62,96,63,24,79,29,50,65,87,44,51,22,59,23,25,32,43,51,49,72,55,42,74,34,75,67,70,70,78,51,59,75,65,52,24,,63,39,59,48,37,65,52,29,,39,35,69,44,32,9,39,58,55,9,42,26,14,31,56,70,62,80,,76,27,51,2,63,69,53,70,79,32,10,,56,,54,,53,94,73,64,57,93,61,,27,66,31,35,17,44,65,26,49,46,44,70,48,10,67,61,,65,56,28,49,38
20250905,22,O3_24h,,,,,,,,,,,,,,,,,,,,,,,,,,,,,,,,,,,,,,,,,,,,,,,,,,,,,,,,,,,,,,,,,,,,,,,,,,,,,,,,,,,,,,,,,,,,,,,,,,,,,,,,,,,,,,,,,,,,,,,,,,,,,,,,,,,,,,,,,,,,,,,,,,,,,,,,,,,,,,,,,,,,,,,,,,,,,,,,,,,,,,,,,,,,,,,,,,,,,,,,,,,,,,,,,,,,,,,,,,,,,,,,,,,,,,,,,,,,,,,,,,,,,,,,,,,,,,,,,,,,,,,,,,,,,,,,,,,,,,,,,,,,,,,,,,,,,,,,,,,,,,,,,,,,,,,,,,,,,,,,,,,,,,,,,,,,,,,,,,,,,,,,,,,,,,,,,,,,,,,,,,,,,,,,,,,,,,,
20250905,22,O3_8h,81,108,83,107,121,103,87,107,106,107,100,92,100,72,88,103,105,104,114,159,174,193,173,106,137,217,171,173,218,196,158,141,154,175,105,97,157,188,178,85,71,151,136,119,152,87,139,131,68,127,91,128,118,139,62,58,114,78,103,144,87,104,83,44,109,63,61,70,83,75,91,98,103,90,105,113,88,90,120,77,114,121,129,136,100,89,91,85,136,113,118,96,84,107,103,118,160,79,45,56,103,59,99,62,143,114,118,75,58,84,85,72,65,70,98,92,96,73,120,88,101,82,112,142,154,133,71,99,93,86,77,84,132,125,128,102,70,83,51,95,48,69,77,71,80,63,69,60,75,86,78,75,65,72,69,98,121,97,92,81,,,,,,,,,,,,,,,,,,,,,,,,,,,,,,106,80,159,85,96,79,73,82,72,107,129,69,94,95,100,88,101,120,89,108,117,104,93,67,76,108,108,91,99,120,102,95,103,92,64,126,73,158,146,161,132,128,96,173,134,162,122,118,131,112,98,118,100,114,85,115,102,111,103,96,95,124,104,130,95,104,96,81,75,69,104,79,124,67,58,142,128,130,142,98,123,78,110,92,108,124,81,83,82,81,122,63,83,85,81,104,130,69,88,68,91,73,66,72,73,53,42,74,68,79,58,,62,70,79,67,77,80,58,65,,49,47,71,63,44,40,39,63,59,49,55,69,47,47,79,82,71,82,,75,47,70,78,60,76,104,89,103,106,93,,75,,77,,83,102,106,96,122,100,84,117,94,106,97,99,89,100,106,75,73,67,79,112,84,73,98,97,,115,126,47,98,77
20250905,22,O3_8h_24h,59,94,69,89,95,80,71,60,75,80,95,87,76,60,73,86,90,75,93,115,163,165,148,89,114,195,155,164,204,163,153,103,142,146,68,56,139,173,149,56,60,138,114,112,96,56,109,100,62,106,66,106,86,124,47,53,100,64,77,117,71,102,78,40,80,55,53,63,80,71,79,92,91,93,85,94,74,70,111,69,99,109,82,120,84,66,85,66,118,106,100,81,69,94,94,100,135,67,42,45,95,57,90,58,139,82,81,75,52,80,68,59,63,56,67,92,77,68,109,60,95,53,95,112,104,100,68,89,71,76,73,65,120,98,109,89,50,73,46,93,39,44,68,60,60,63,56,59,71,80,65,62,43,59,68,90,117,86,84,78,,,,,,,,,,,,,,,,,,,,,,,,,,,,,,95,76,128,69,79,59,62,67,44,84,113,69,81,77,92,78,91,108,89,86,88,90,52,38,48,96,101,62,57,100,77,63,74,66,51,116,73,131,121,125,108,105,85,136,115,131,88,100,110,92,50,78,79,80,59,88,70,90,73,76,81,92,87,98,80,84,61,69,72,61,90,77,99,62,57,106,98,119,99,64,108,58,83,86,95,84,74,64,82,60,89,55,69,77,73,89,111,60,86,57,82,72,66,71,73,49,42,74,67,75,50,,61,62,77,62,64,79,56,55,,46,45,69,62,39,29,39,62,58,37,50,59,33,43,73,81,70,75,,67,46,64,59,60,74,94,83,97,95,65,,67,,76,,74,100,99,85,108,97,75,117,77,96,77,95,74,95,103,74,70,65,77,110,80,62,94,93,,107,97,43,76,65
20250905,22,CO,0.59,0.59,0.63,0.55,0.47,1.10,0.32,0.58,0.80,0.45,0.45,0.53,0.68,0.47,0.44,0.62,0.42,0.49,0.68,0.53,0.65,0.43,0.50,0.77,0.28,0.82,0.65,0.87,1.04,0.65,0.84,0.42,0.58,0.63,0.36,0.36,0.39,0.57,0.65,0.35,0.50,0.57,0.97,0.40,0.73,0.13,0.32,0.69,0.61,0.32,0.58,0.63,0.68,0.49,0.53,0.38,0.61,0.35,0.40,0.48,0.50,0.47,0.47,0.28,0.62,0.50,0.38,0.37,0.28,0.50,0.40,0.43,0.44,0.34,0.82,0.83,0.80,0.66,0.44,0.97,0.67,0.88,0.38,0.46,0.84,0.93,0.35,0.57,0.42,0.35,0.67,0.56,0.43,0.58,0.40,0.58,0.68,0.56,0.33,0.58,0.73,0.40,0.80,0.43,0.58,0.60,0.96,0.45,0.47,0.40,0.63,0.60,0.55,0.58,0.58,0.86,0.83,0.68,1.06,0.53,0.62,0.48,0.73,0.70,0.67,0.70,0.37,1.14,0.92,0.93,0.44,0.35,0.55,0.63,0.77,0.75,0.40,0.43,0.47,0.60,0.43,0.62,0.64,0.70,0.30,0.30,0.65,0.25,0.42,0.63,0.45,0.50,0.57,0.45,0.50,0.50,0.73,0.52,0.48,0.30,,,,,,,,,,,,,,,,,,,,,,,,,,,,,,0.60,0.90,0.47,0.60,0.40,0.93,0.47,0.60,0.63,0.50,0.37,0.25,0.40,0.38,0.30,0.25,0.40,0.88,0.93,0.53,0.98,0.28,0.55,0.70,0.65,0.60,0.40,0.73,0.78,0.57,1.17,0.67,0.75,0.70,0.45,0.60,0.50,0.62,0.34,0.53,0.65,0.85,0.50,0.58,0.54,0.30,0.38,0.67,0.60,0.45,0.38,1.10,0.83,0.67,0.30,0.87,0.63,0.72,0.32,0.62,0.47,0.46,0.55,0.50,1.14,0.63,0.73,0.47,0.54,0.65,0.70,0.23,0.55,0.57,0.58,0.83,0.58,0.65,0.60,0.90,0.70,0.60,1.18,0.85,0.70,0.53,0.53,0.93,0.67,0.35,0.73,0.50,0.50,0.63,0.50,0.63,0.63,0.55,0.60,0.60,0.53,0.27,0.40,0.47,0.40,0.47,0.27,0.40,0.45,0.47,0.60,,0.30,0.83,0.33,0.63,0.50,0.60,0.65,0.40,,0.30,0.30,0.50,0.50,0.55,0.65,0.50,0.33,0.40,0.60,0.70,0.45,0.55,0.55,0.25,0.15,0.30,0.30,,0.30,0.45,0.50,0.83,0.50,0.40,0.45,0.45,0.30,0.60,0.60,,0.35,,0.45,,0.30,0.50,0.50,0.40,0.40,0.50,0.50,0.40,0.40,0.35,0.40,0.45,0.90,0.55,0.60,0.60,0.20,0.50,0.35,0.70,0.30,0.50,0.35,0.50,,0.35,0.70,0.45,0.47,0.43
20250905,22,CO_24h,0.61,0.63,0.51,0.55,0.40,0.83,0.40,0.64,0.70,0.63,0.43,0.53,0.80,0.66,0.43,1.06,0.45,0.54,0.76,0.61,0.72,0.46,0.60,0.60,0.38,0.78,0.71,0.81,0.92,0.78,0.62,0.58,0.43,0.63,0.41,0.38,0.45,0.57,0.70,0.40,0.45,0.50,0.47,0.43,0.79,0.30,0.40,0.74,0.71,0.32,0.61,0.71,0.54,0.46,0.51,0.37,0.56,0.35,0.43,0.42,0.39,0.44,0.50,0.30,0.68,0.62,0.32,0.36,0.32,0.54,0.40,0.67,0.34,0.33,0.67,0.85,0.56,0.44,0.60,0.75,0.53,0.68,0.47,0.46,0.84,0.77,0.42,0.60,0.47,0.33,0.55,0.54,0.50,0.56,0.40,0.63,0.78,0.57,0.35,0.52,0.63,0.40,0.70,0.43,0.53,0.60,0.64,0.45,0.50,0.40,0.66,1.02,0.82,0.77,0.70,0.98,0.88,0.92,0.76,0.53,0.64,0.36,0.72,0.68,0.67,0.70,0.51,1.02,0.83,0.70,0.60,0.50,0.53,0.63,0.77,0.57,0.40,0.40,0.47,0.53,0.43,0.60,0.92,0.72,0.53,0.53,0.85,0.35,0.42,0.45,0.43,0.55,0.63,0.52,0.55,0.30,0.63,0.44,0.26,0.27,,,,,,,,,,,,,,,,,,,,,,,,,,,,,,0.50,0.80,0.57,0.70,0.38,0.73,0.74,0.70,0.80,0.33,0.57,0.25,0.40,0.45,0.60,0.30,0.35,0.64,0.75,0.65,0.97,0.47,0.55,0.45,0.65,0.50,0.55,0.63,0.65,0.57,0.67,0.58,0.70,0.60,0.40,0.60,0.35,0.60,0.44,0.63,0.68,0.73,0.50,0.47,0.50,0.38,0.43,0.67,0.78,0.47,0.50,1.00,0.63,0.63,0.45,0.80,0.90,0.70,0.38,0.68,0.58,0.48,0.47,0.50,0.78,0.47,0.73,0.60,0.70,0.65,0.70,0.33,0.55,0.75,0.74,0.73,0.66,0.80,0.57,0.70,0.77,0.43,0.88,0.60,0.70,0.50,0.40,0.30,0.63,0.40,0.77,0.47,0.50,0.50,0.50,0.60,0.53,0.55,0.60,0.60,0.73,0.37,0.57,0.85,0.70,0.65,0.47,0.55,0.60,0.58,0.60,,0.30,0.70,0.30,0.57,0.45,0.55,0.50,0.35,,0.25,0.35,0.40,0.40,0.55,0.55,0.45,0.27,0.35,0.55,0.60,0.40,0.55,0.40,0.20,0.15,0.20,0.30,,0.30,0.40,0.57,0.50,0.60,0.45,0.40,0.50,0.20,0.40,0.55,,0.40,,0.50,,0.20,0.70,0.50,0.40,0.40,0.50,0.40,0.40,0.23,0.35,0.20,0.60,0.25,0.55,0.35,0.60,0.20,0.35,0.50,0.75,0.10,0.30,0.35,0.35,,0.35,0.50,0.50,0.55,0.47
20250905,23,AQI,25,49,36,46,32,65,37,41,34,48,54,44,41,35,29,27,23,30,39,18,55,21,22,29,27,54,39,51,66,31,51,18,66,42,13,14,28,33,22,14,11,38,31,23,39,12,20,37,20,27,23,48,52,25,14,12,22,9,21,28,15,29,27,11,50,21,33,29,23,44,90,65,59,36,29,29,46,41,25,42,33,27,11,45,37,31,21,20,24,27,28,24,12,26,27,27,39,20,12,17,37,17,21,15,39,28,34,30,25,31,52,20,63,35,22,26,34,24,31,35,25,42,39,43,53,63,38,69,29,51,25,42,40,36,34,58,27,34,16,28,14,42,26,33,16,23,31,17,30,51,38,49,42,51,48,75,84,63,51,334,,,,,,,,,,,,,,,,,,,,,,,,,,,,,,27,28,42,32,74,38,27,49,97,41,46,25,38,34,44,28,35,38,25,29,47,22,29,35,28,38,23,35,67,38,62,31,51,31,27,42,33,44,30,25,41,34,24,64,38,28,21,31,20,24,16,31,30,38,13,49,26,44,22,32,23,35,28,40,66,55,51,27,27,17,28,24,61,20,21,66,28,48,51,70,22,58,63,78,35,33,26,79,42,60,57,35,23,29,20,47,43,16,31,16,29,23,21,25,24,26,19,23,18,21,27,,21,20,26,23,52,33,51,22,,21,24,49,32,34,34,24,40,24,44,27,35,26,20,18,26,21,37,,20,16,16,63,19,19,101,44,64,89,62,,37,,84,,89,62,34,52,64,37,18,53,64,70,69,90,98,55,55,500,500,500,500,57,13,60,46,49,,84,39,13,44,27
20250905,23,PM2.5,17,34,20,32,14,47,20,20,24,30,38,31,28,16,10,15,11,13,16,8,35,10,11,18,6,37,15,29,48,20,34,6,48,25,6,4,15,19,12,3,5,24,18,11,22,3,11,23,5,4,10,32,29,11,5,5,9,3,6,10,5,15,16,3,32,8,20,13,9,19,44,32,20,11,14,16,18,12,11,17,23,19,5,25,26,22,15,14,9,12,15,13,8,6,3,9,24,8,3,8,22,6,8,4,21,15,18,7,6,22,20,8,26,16,12,14,11,10,17,20,13,19,20,22,33,45,20,50,11,35,12,14,18,25,22,41,17,23,7,19,8,22,6,16,3,8,16,3,21,25,18,19,16,23,26,31,36,20,17,134,,,,,,,,,,,,,,,,,,,,,,,,,,,,,,10,17,28,9,28,19,18,26,49,17,31,15,16,18,31,11,9,23,15,16,33,13,15,20,13,21,9,13,28,19,20,14,26,14,3,20,3,22,11,7,22,21,6,46,22,18,15,22,14,14,3,22,12,25,8,34,17,20,14,17,10,17,18,27,48,25,36,8,12,4,18,6,35,5,7,31,14,8,31,51,12,41,45,57,14,20,18,58,24,43,22,13,8,20,13,33,30,11,20,9,12,6,8,11,5,18,5,3,6,7,9,,3,10,18,16,20,23,26,15,,13,17,34,18,19,24,17,27,13,15,19,21,18,13,8,3,3,26,,3,9,3,28,6,3,52,22,25,41,23,,23,,43,,35,33,24,16,25,23,3,29,24,24,24,47,57,22,24,285,366,471,309,28,9,7,23,18,,39,22,7,24,17
20250905,23,PM2.5_24h,32,34,22,30,18,33,29,20,33,40,34,30,26,17,15,25,19,17,19,15,27,20,17,7,22,31,22,28,36,30,19,14,22,29,10,14,24,29,20,10,5,22,21,14,26,13,16,21,26,8,11,24,24,12,6,4,10,5,10,11,7,11,13,5,35,28,15,9,8,14,27,15,25,13,20,26,20,24,18,17,19,27,18,15,32,28,26,23,24,11,14,25,26,6,5,20,28,10,5,7,17,5,14,5,21,15,20,9,7,26,19,16,16,22,26,21,18,14,24,19,24,15,20,32,30,30,16,33,17,20,10,8,22,25,19,33,16,17,6,17,6,15,34,13,27,19,20,17,18,13,16,12,32,23,15,21,25,23,9,59,,,,,,,,,,,,,,,,,,,,,,,,,,,,,,18,28,24,4,17,20,12,24,21,23,38,15,38,23,32,16,14,22,17,18,39,19,13,12,16,21,26,11,18,16,20,15,20,12,12,21,10,22,19,16,33,24,12,31,22,26,15,26,21,23,16,18,14,19,14,27,22,19,18,15,13,20,13,25,26,16,27,11,23,7,38,20,25,12,21,26,29,17,26,21,17,18,29,31,12,22,23,26,26,19,27,10,12,14,14,23,20,11,15,12,7,7,17,33,41,37,22,24,11,15,10,,5,13,14,17,12,24,14,13,,8,15,26,9,12,20,11,18,15,13,16,15,15,10,5,4,2,9,,2,5,4,41,7,7,27,23,17,25,34,,32,,19,,14,18,20,14,14,15,3,23,23,19,23,46,16,17,21,266,377,432,363,21,8,6,15,15,,22,18,6,36,17
20250905,23,PM10,25,43,36,40,32,58,37,41,28,48,49,42,41,35,29,27,19,30,39,18,60,21,22,29,12,58,31,51,58,31,52,13,63,42,12,14,28,32,22,13,10,38,31,23,39,11,16,37,8,10,23,48,54,25,14,9,22,9,21,28,15,29,27,11,50,21,33,29,21,44,130,80,67,36,29,29,46,41,25,42,28,,11,45,30,29,18,18,13,27,22,24,10,19,10,11,39,16,9,17,37,11,21,11,39,28,34,30,25,31,53,20,76,35,22,26,34,24,23,35,25,42,39,43,56,56,38,55,29,51,25,42,40,33,34,60,27,34,13,28,14,42,10,33,8,19,31,11,30,51,38,49,42,51,48,100,118,76,51,447,,,,,,,,,,,,,,,,,,,,,,,,,,,,,,27,28,42,32,97,38,27,49,143,41,46,25,38,34,37,28,35,38,20,29,35,22,29,35,28,38,18,35,84,38,74,31,51,31,27,42,28,44,30,12,41,34,18,53,38,23,18,26,19,24,16,26,30,38,12,47,26,44,22,32,22,35,28,40,61,59,52,27,27,17,28,24,72,20,21,82,28,48,51,56,18,51,65,75,35,33,23,76,42,46,63,35,23,28,20,37,37,13,31,16,29,11,14,25,22,19,13,10,7,21,27,,8,20,24,22,53,30,51,22,,21,12,,32,34,25,23,40,24,44,24,35,23,20,10,8,8,,,7,16,9,75,11,13,151,44,77,127,74,,37,,117,,128,73,25,53,77,37,7,55,77,90,88,130,146,60,59,813,963,1076,1081,63,13,70,46,49,,118,39,13,44,27
20250905,23,PM10_24h,47,48,38,45,41,43,53,32,49,58,46,54,44,29,32,46,27,39,44,27,45,35,28,17,31,51,40,46,48,38,32,21,35,44,21,25,36,41,31,20,13,34,32,26,41,22,24,37,39,16,19,43,39,25,13,8,20,12,21,25,15,23,21,13,50,44,27,19,14,29,73,33,80,44,32,39,55,62,35,35,27,30,29,29,42,40,36,35,41,17,30,48,37,11,12,32,41,19,12,16,26,10,25,11,38,31,37,26,19,35,35,25,38,36,36,38,40,37,38,33,47,31,42,45,48,39,24,41,23,30,18,17,32,43,30,43,21,29,13,31,13,27,49,31,42,30,32,25,25,23,40,29,76,45,27,68,91,93,27,231,,,,,,,,,,,,,,,,,,,,,,,,,,,,,,34,44,37,14,38,28,14,33,48,75,56,29,118,40,33,23,40,42,42,33,49,34,32,24,37,35,35,29,44,43,39,29,39,35,27,44,30,39,34,32,54,36,31,38,38,38,20,34,32,36,28,29,24,32,22,37,35,32,31,28,27,37,28,38,33,33,34,25,34,21,59,31,52,23,35,55,46,36,41,33,29,26,43,44,22,31,31,36,41,27,51,25,27,25,22,38,29,20,26,21,16,18,24,47,71,46,42,33,19,22,16,,14,22,21,21,21,33,27,13,,13,14,33,15,29,20,18,22,23,28,16,30,23,16,7,9,7,13,,4,11,10,88,17,14,59,43,56,69,82,,63,,64,,31,36,34,40,45,26,7,68,84,46,66,109,54,44,43,825,1085,1140,1458,57,19,28,37,42,,52,30,14,59,33
20250905,23,SO2,3,6,3,3,5,5,3,5,3,3,3,5,2,7,5,5,7,5,7,6,5,6,5,4,4,8,7,9,7,10,6,6,6,7,5,4,6,8,7,6,2,3,6,4,6,4,3,6,7,5,5,5,5,6,7,5,5,6,5,6,8,9,6,5,7,3,5,5,6,2,8,11,8,5,3,7,9,6,6,7,6,6,8,9,8,7,3,6,6,6,2,3,2,6,4,5,11,5,4,5,8,4,6,3,8,12,7,7,5,4,6,7,5,8,9,7,6,5,7,5,6,6,8,6,7,7,6,6,4,5,4,6,4,3,6,5,5,8,4,6,3,12,5,9,4,6,4,4,4,5,3,3,4,7,4,2,18,8,6,4,,,,,,,,,,,,,,,,,,,,,,,,,,,,,,5,5,5,2,5,7,5,9,3,10,4,5,8,10,6,4,8,7,3,7,5,4,9,12,6,7,5,6,8,13,25,7,8,11,6,18,5,6,6,7,10,12,5,7,4,4,4,3,5,6,5,2,5,13,4,7,7,9,7,6,9,6,4,18,5,6,3,3,5,8,3,3,6,7,7,9,2,10,5,4,4,5,6,7,7,5,3,6,13,5,11,9,2,6,5,12,10,8,7,8,4,7,3,5,5,4,7,7,6,6,8,,5,10,2,7,4,6,4,3,,3,8,4,10,7,6,7,6,4,6,6,16,5,6,3,3,9,1,,6,5,6,4,5,4,8,8,8,7,8,,5,,5,,5,11,6,9,17,19,4,9,4,4,8,6,4,9,7,4,5,4,2,5,5,3,10,8,,9,8,7,5,4
20250905,23,SO2_24h,3,7,2,4,7,6,3,6,4,5,5,6,3,8,5,8,8,5,9,6,5,6,5,4,6,8,6,9,5,10,7,7,6,7,6,4,6,7,6,6,3,3,6,4,7,4,3,6,8,5,5,6,6,6,7,5,5,6,5,6,8,7,6,5,8,4,6,5,7,2,7,10,6,6,5,10,7,6,8,7,7,5,3,9,10,9,4,8,8,5,3,5,4,6,5,6,11,6,4,6,8,4,6,3,11,8,9,6,5,4,6,7,5,17,12,7,7,5,8,5,6,6,8,7,8,6,6,7,4,7,4,6,5,5,7,6,6,6,4,6,3,9,6,11,5,8,4,4,6,4,3,3,4,7,4,7,23,8,6,4,,,,,,,,,,,,,,,,,,,,,,,,,,,,,,5,6,7,2,4,6,4,6,3,9,6,5,9,11,6,4,8,11,4,7,5,6,12,11,6,7,4,7,9,12,12,6,7,11,6,12,5,7,6,9,9,6,4,7,5,5,4,5,6,7,6,5,4,9,5,7,15,9,10,6,10,8,4,14,5,4,3,2,4,8,4,3,6,8,7,10,2,10,6,4,5,5,8,8,5,7,3,6,10,6,10,4,4,5,4,11,13,7,15,7,5,6,4,6,10,6,5,7,6,6,8,,5,10,3,6,5,7,4,3,,4,9,7,10,7,6,6,7,5,6,6,15,5,6,3,3,9,2,,6,5,6,3,5,4,9,9,8,6,7,,5,,6,,5,12,7,9,11,18,4,8,3,5,8,7,4,9,7,4,7,4,2,5,4,3,10,5,,11,7,8,6,4
20250905,23,NO2,18,20,23,19,36,29,24,12,13,23,13,9,11,13,32,8,9,9,14,18,18,19,21,12,6,18,17,21,26,11,19,9,20,32,9,10,12,19,27,8,18,39,10,10,40,5,13,25,14,8,17,26,36,29,21,12,22,16,13,45,11,15,9,6,14,18,15,17,10,16,41,16,51,41,12,10,52,43,12,11,13,19,15,26,12,10,10,14,8,13,12,7,23,11,7,11,12,6,8,11,18,8,7,4,21,14,17,13,15,9,17,16,22,31,11,9,12,11,8,16,4,28,7,13,27,43,10,17,22,19,8,13,3,10,23,12,8,10,6,12,8,29,6,26,3,9,17,6,9,16,21,18,26,25,12,19,51,46,33,25,,,,,,,,,,,,,,,,,,,,,,,,,,,,,,11,14,19,9,15,21,8,36,38,43,11,6,18,27,8,7,7,10,12,17,12,11,7,18,11,6,5,26,43,14,14,10,28,28,6,10,4,15,12,6,32,15,3,11,7,6,16,7,9,8,7,20,16,16,8,15,15,15,12,16,4,11,5,14,17,25,12,10,11,12,9,11,24,7,12,44,7,11,33,21,10,15,13,15,14,15,5,30,15,10,55,18,13,10,7,17,14,14,9,12,11,3,9,8,7,5,6,5,9,13,11,,10,10,7,4,11,6,7,24,,10,5,6,13,8,12,8,6,7,9,9,11,14,8,6,3,4,8,,9,9,8,57,5,11,53,13,49,33,39,,8,,8,,43,4,11,1,14,2,22,17,54,24,26,32,81,69,50,37,38,52,27,33,6,37,31,27,,24,49,4,18,24
20250905,23,NO2_24h,17,19,16,18,21,15,26,12,18,18,18,23,14,16,15,24,13,20,22,20,18,21,20,9,12,17,27,24,25,11,13,10,11,23,10,14,16,18,20,9,14,17,17,10,22,8,15,20,31,12,14,19,14,20,14,8,17,10,12,29,11,13,9,6,17,22,9,11,16,9,16,11,16,25,11,13,16,12,14,14,16,17,12,19,22,17,15,23,12,10,16,15,22,11,11,18,16,8,7,9,11,8,10,6,20,12,16,14,11,12,14,12,15,31,17,12,20,15,16,15,8,18,10,16,19,24,10,14,13,14,8,11,10,13,12,10,5,10,5,12,8,16,14,17,11,18,17,7,7,8,12,10,17,15,13,12,21,13,14,14,,,,,,,,,,,,,,,,,,,,,,,,,,,,,,10,9,18,9,8,17,7,16,26,7,14,13,8,11,10,6,5,11,14,14,11,17,16,14,12,9,5,17,24,13,14,9,18,24,9,11,7,13,9,8,21,13,5,10,10,10,10,10,10,11,9,13,7,14,8,11,14,11,12,11,6,8,7,14,10,11,12,9,9,7,12,9,11,9,12,20,10,11,17,12,10,9,10,15,10,11,6,12,13,8,27,12,14,10,7,15,11,12,9,12,12,6,10,17,23,10,22,11,8,11,7,,12,9,6,4,9,8,7,7,,4,5,9,10,7,9,9,5,7,6,7,10,13,6,3,5,5,12,,4,5,8,19,6,8,12,12,18,14,14,,6,,8,,8,5,4,3,6,2,10,4,11,9,9,16,21,33,13,12,12,25,20,26,4,19,18,18,,8,18,5,23,10
20250905,23,O3,28,56,30,54,50,36,30,28,33,35,72,75,56,52,32,72,75,87,68,39,123,66,59,73,85,111,125,126,135,69,103,58,101,60,41,41,78,106,34,44,36,66,74,72,30,39,65,55,63,85,57,68,40,43,29,39,40,30,29,19,45,62,65,31,38,44,37,37,73,53,22,80,24,47,77,78,16,22,74,58,94,83,26,61,78,74,64,53,76,75,88,52,37,82,87,87,77,64,38,41,73,55,58,48,99,40,34,53,24,61,41,52,38,43,50,80,79,55,98,46,81,13,92,82,68,37,65,62,45,51,78,62,90,64,61,59,31,42,50,75,22,21,82,22,51,72,39,55,59,42,43,36,4,19,64,57,62,42,43,47,,,,,,,,,,,,,,,,,,,,,,,,,,,,,,55,52,72,69,46,28,61,16,9,35,83,47,56,38,49,47,82,82,81,64,63,71,77,5,13,101,72,11,7,78,53,32,40,34,47,86,107,88,78,81,51,68,77,116,77,89,39,71,65,60,36,33,44,68,42,41,38,54,38,51,75,40,46,43,53,38,57,59,60,36,67,68,57,64,48,47,57,70,51,29,69,21,55,61,74,31,75,11,52,21,6,27,43,50,46,52,50,43,64,33,72,73,67,68,77,51,60,74,56,51,15,,67,47,55,51,39,65,54,21,,29,30,77,36,27,9,37,59,57,7,41,23,13,31,59,83,66,82,,63,22,50,3,61,62,29,64,35,37,7,,58,,56,,14,96,66,62,61,87,57,70,20,59,33,52,9,21,51,20,34,13,48,60,42,27,52,57,,62,18,28,42,32
20250905,23,O3_24h,,,,,,,,,,,,,,,,,,,,,,,,,,,,,,,,,,,,,,,,,,,,,,,,,,,,,,,,,,,,,,,,,,,,,,,,,,,,,,,,,,,,,,,,,,,,,,,,,,,,,,,,,,,,,,,,,,,,,,,,,,,,,,,,,,,,,,,,,,,,,,,,,,,,,,,,,,,,,,,,,,,,,,,,,,,,,,,,,,,,,,,,,,,,,,,,,,,,,,,,,,,,,,,,,,,,,,,,,,,,,,,,,,,,,,,,,,,,,,,,,,,,,,,,,,,,,,,,,,,,,,,,,,,,,,,,,,,,,,,,,,,,,,,,,,,,,,,,,,,,,,,,,,,,,,,,,,,,,,,,,,,,,,,,,,,,,,,,,,,,,,,,,,,,,,,,,,,,,,,,,,,,,,,,,,,,,,,
20250905,23,O3_8h,81,108,83,107,121,103,87,107,106,107,100,92,100,72,88,103,105,104,114,159,179,193,173,106,137,217,171,173,218,196,158,141,154,175,105,97,157,188,178,85,71,151,136,119,152,87,139,131,69,127,91,128,118,139,62,58,114,78,103,144,87,104,83,44,109,63,61,70,83,75,91,98,103,95,105,113,88,90,120,77,114,121,129,136,100,89,91,85,136,113,118,96,84,107,103,118,160,79,45,56,103,59,99,62,143,114,118,75,58,84,85,72,65,70,98,92,96,83,120,88,101,82,112,142,154,133,71,99,93,86,78,84,132,125,128,102,70,83,51,95,48,69,77,71,80,66,69,60,75,86,78,75,65,72,69,98,121,97,92,81,,,,,,,,,,,,,,,,,,,,,,,,,,,,,,106,80,159,85,96,79,73,82,72,107,129,70,94,95,100,88,101,120,89,108,117,104,93,67,76,108,108,91,99,120,102,95,103,92,64,126,78,158,146,161,132,128,96,173,134,162,122,118,131,112,98,118,100,114,85,115,102,111,103,96,95,124,104,130,95,104,96,81,75,69,104,79,124,67,58,142,128,130,142,98,123,78,110,92,108,124,81,83,87,81,122,63,83,85,81,104,130,69,88,68,91,73,67,72,74,53,44,75,68,79,58,,62,70,79,67,77,80,58,65,,49,47,71,63,44,40,39,63,59,49,55,69,47,47,79,82,71,82,,75,47,70,78,60,76,104,89,103,106,93,,75,,77,,83,102,106,96,122,100,84,117,94,106,97,99,89,100,106,75,73,67,79,112,84,73,98,97,,115,126,47,98,77
20250905,23,O3_8h_24h,52,87,61,81,86,71,63,54,67,72,93,85,73,58,66,81,86,73,86,98,157,148,131,85,105,183,149,158,194,143,146,89,136,132,60,50,129,163,129,52,57,126,108,105,81,51,99,90,61,100,64,96,74,111,43,50,88,58,64,96,64,97,76,39,69,51,50,59,79,68,68,89,81,88,81,89,64,61,104,65,97,103,69,110,83,67,80,62,110,101,96,74,63,91,91,95,124,66,41,43,88,57,82,57,134,70,67,73,48,76,63,58,58,55,61,92,74,64,106,55,92,43,93,104,94,87,68,84,66,70,75,66,115,91,100,83,45,67,46,90,36,37,69,55,54,66,51,58,68,74,61,57,35,52,67,84,111,80,78,74,,,,,,,,,,,,,,,,,,,,,,,,,,,,,,86,71,111,69,72,55,62,58,39,76,107,69,76,70,85,72,89,102,89,80,81,86,51,31,40,95,97,50,45,95,71,51,66,56,49,110,78,122,113,112,97,97,84,130,108,120,76,92,101,86,45,67,72,72,54,75,61,82,64,71,80,80,79,85,75,76,59,66,69,56,82,74,93,61,56,96,88,112,91,54,102,51,73,82,90,72,73,54,78,51,73,50,63,73,69,82,99,57,83,53,79,72,67,72,74,49,44,75,66,72,44,,60,60,74,59,59,76,56,50,,44,43,69,58,36,25,39,61,58,31,49,53,28,41,70,81,69,74,,65,38,62,50,60,72,84,80,88,86,54,,64,,73,,64,99,94,81,100,95,72,110,66,90,68,92,63,85,97,70,65,56,73,105,75,56,87,88,,100,85,42,69,60
20250905,23,CO,0.59,0.58,0.67,0.54,0.47,1.20,0.32,0.54,0.73,0.53,0.45,0.53,0.65,0.47,0.40,0.62,0.37,0.44,0.61,0.52,0.65,0.40,0.51,0.79,0.30,0.88,0.59,0.80,1.04,0.72,0.83,0.42,0.63,0.66,0.35,0.38,0.36,0.55,0.75,0.40,0.50,0.53,0.50,0.40,0.71,0.13,0.32,0.74,0.60,0.34,0.56,0.64,0.63,0.47,0.54,0.37,0.57,0.32,0.35,0.48,0.50,0.46,0.46,0.30,0.59,0.47,0.42,0.39,0.30,0.53,0.37,0.43,0.42,0.40,0.72,0.82,0.66,0.74,0.46,0.93,0.77,0.85,0.35,0.49,0.86,1.00,0.38,0.50,0.45,0.35,0.57,0.58,0.43,0.64,0.38,0.58,0.75,0.54,0.35,0.56,0.75,0.43,0.70,0.40,0.60,0.60,0.92,0.45,0.63,0.35,0.65,0.58,0.65,0.58,0.56,0.84,0.60,0.68,0.92,0.55,0.50,0.46,0.72,0.62,0.67,0.65,0.36,1.16,0.80,0.90,0.44,0.55,0.40,0.60,0.77,0.80,0.40,0.43,0.47,0.56,0.50,0.62,0.60,0.72,0.27,0.40,0.65,0.25,0.40,0.68,0.45,0.50,0.60,0.45,0.45,0.40,0.73,0.52,0.48,0.33,,,,,,,,,,,,,,,,,,,,,,,,,,,,,,0.57,0.80,0.47,0.54,0.40,0.93,0.40,0.63,0.50,0.52,0.37,0.25,0.40,0.38,0.30,0.25,0.30,0.92,0.93,0.50,0.95,0.23,0.55,0.65,0.65,0.45,0.40,0.70,0.75,0.63,0.80,0.62,0.73,0.80,0.45,0.50,0.40,0.57,0.32,0.53,0.53,1.20,0.50,0.60,0.54,0.28,0.38,0.67,0.60,0.40,0.40,0.70,0.80,0.70,0.30,0.83,0.55,0.70,0.30,0.62,0.47,0.44,0.55,0.53,1.24,0.62,0.80,0.45,0.54,0.65,0.68,0.23,0.57,0.55,0.56,0.77,0.46,0.65,0.57,0.80,0.77,0.60,1.05,0.80,0.80,0.53,0.37,0.75,0.93,0.35,0.73,0.47,0.47,0.57,0.50,0.70,0.57,0.50,0.65,0.60,0.53,0.27,0.40,0.50,0.40,0.45,0.27,0.40,0.50,0.47,0.60,,0.30,0.83,0.30,0.57,0.40,0.50,0.55,0.45,,0.30,0.30,0.50,0.50,0.50,0.60,0.50,0.30,0.35,0.55,0.65,0.40,0.50,0.50,0.25,0.15,0.25,0.30,,0.30,0.45,0.50,1.00,0.40,0.35,0.50,0.40,0.40,0.50,0.60,,0.35,,0.45,,0.35,0.60,0.50,0.40,0.40,0.50,0.50,0.60,0.43,0.40,0.37,0.40,1.25,0.90,0.75,0.70,0.25,0.75,0.45,0.70,0.20,0.40,0.45,0.60,,0.30,0.80,0.40,0.45,0.43
20250905,23,CO_24h,0.60,0.62,0.51,0.56,0.40,0.87,0.39,0.62,0.70,0.63,0.43,0.53,0.80,0.63,0.40,1.01,0.46,0.51,0.75,0.61,0.71,0.45,0.60,0.63,0.37,0.78,0.71,0.80,0.94,0.78,0.64,0.58,0.43,0.63,0.41,0.38,0.45,0.57,0.70,0.40,0.45,0.50,0.47,0.43,0.78,0.30,0.40,0.74,0.71,0.32,0.61,0.72,0.56,0.46,0.51,0.37,0.56,0.35,0.43,0.42,0.41,0.44,0.50,0.30,0.68,0.62,0.32,0.36,0.32,0.53,0.43,0.70,0.36,0.31,0.67,0.85,0.56,0.42,0.60,0.75,0.53,0.70,0.47,0.46,0.84,0.77,0.42,0.60,0.47,0.33,0.55,0.54,0.50,0.56,0.40,0.63,0.78,0.59,0.35,0.54,0.63,0.40,0.70,0.43,0.53,0.60,0.66,0.45,0.50,0.40,0.66,1.02,0.82,0.77,0.70,0.96,0.85,0.76,0.78,0.53,0.64,0.36,0.72,0.68,0.67,0.70,0.51,1.04,0.83,0.77,0.60,0.50,0.53,0.63,0.77,0.60,0.40,0.40,0.47,0.53,0.43,0.60,0.90,0.72,0.53,0.53,0.80,0.35,0.42,0.45,0.43,0.55,0.60,0.50,0.55,0.30,0.67,0.44,0.26,0.27,,,,,,,,,,,,,,,,,,,,,,,,,,,,,,0.50,0.80,0.57,0.68,0.37,0.73,0.63,0.70,0.80,0.35,0.57,0.25,0.35,0.42,0.60,0.30,0.35,0.66,0.72,0.65,0.97,0.47,0.55,0.50,0.60,0.50,0.55,0.63,0.65,0.53,0.67,0.58,0.70,0.63,0.40,0.60,0.35,0.60,0.44,0.63,0.68,0.77,0.50,0.50,0.50,0.38,0.43,0.67,0.78,0.47,0.50,1.00,0.63,0.63,0.45,0.80,0.90,0.68,0.38,0.68,0.58,0.48,0.47,0.50,0.78,0.48,0.73,0.60,0.70,0.65,0.70,0.33,0.53,0.73,0.72,0.77,0.64,0.80,0.57,0.70,0.77,0.43,0.88,0.70,0.70,0.50,0.40,0.32,0.63,0.40,0.77,0.47,0.50,0.50,0.50,0.60,0.53,0.55,0.60,0.60,0.73,0.37,0.57,0.80,0.70,0.63,0.47,0.55,0.60,0.53,0.60,,0.30,0.70,0.30,0.57,0.45,0.55,0.50,0.35,,0.25,0.35,0.40,0.45,0.55,0.55,0.45,0.27,0.35,0.55,0.60,0.40,0.55,0.40,0.20,0.15,0.20,0.30,,0.30,0.40,0.57,0.53,0.60,0.45,0.40,0.40,0.20,0.40,0.50,,0.40,,0.50,,0.25,0.70,0.50,0.40,0.40,0.50,0.40,0.40,0.23,0.35,0.20,0.60,0.30,0.55,0.35,0.60,0.20,0.35,0.50,0.75,0.10,0.30,0.35,0.35,,0.35,0.50,0.50,0.55,0.43