date,hour,type,北京,天津,石家庄,唐山,秦皇岛,邯郸,保定,张家口,承德,廊坊,沧州,衡水,邢台,太原,呼和浩特,沈阳,大连,长春,哈尔滨,上海,南京,苏州,南通,连云港,徐州,扬州,无锡,常州,镇江,泰州,淮安,盐城,宿迁,杭州,宁波,温州,绍兴,湖州,嘉兴,台州,舟山,金华,衢州,丽水,合肥,福州,厦门,南昌,济南,青岛,郑州,武汉,长沙,广州,深圳,珠海,佛山,中山,江门,东莞,惠州,肇庆,南宁,海口,重庆,成都,贵阳,昆明,拉萨,西安,兰州,西宁,银川,乌鲁木齐,湘潭,株洲,包头,鄂尔多斯,营口,丹东,盘锦,葫芦岛,泉州,临沂,德州,聊城,滨州,淄博,枣庄,烟台,潍坊,济宁,泰安,日照,威海,东营,韶关,汕头,湛江,茂名,梅州,汕尾,河源,阳江,清远,潮州,揭阳,云浮,玉溪,菏泽,大同,长治,临汾,阳泉,赤峰,鞍山,抚顺,本溪,锦州,吉林,齐齐哈尔,牡丹江,大庆,芜湖,马鞍山,九江,洛阳,安阳,开封,焦作,平顶山,三门峡,宜昌,荆州,岳阳,常德,张家界,桂林,北海,柳州,三亚,绵阳,宜宾,攀枝花,泸州,自贡,德阳,南充,遵义,曲靖,咸阳,铜川,延安,宝鸡,渭南,金昌,嘉峪关,石嘴山,克拉玛依,巴音郭楞州,寿光,章丘,即墨,胶南,胶州,莱西,平度,蓬莱,招远,莱州,荣成,文登,乳山,吴江,昆山,常熟,张家港,太仓,句容,江阴,宜兴,金坛,溧阳,海门,临安,富阳,义乌,诸暨,瓦房店,信阳,周口,漳州,晋城,朔州,晋中,运城,忻州,吕梁,乌海,通辽,呼伦贝尔,巴彦淖尔,乌兰察布,兴安盟,锡林郭勒盟,阿拉善盟,阜新,辽阳,铁岭,朝阳,四平,辽源,通化,白山,松原,白城,延边朝鲜族自治州,鸡西,鹤岗,双鸭山,伊春,佳木斯,七台河,黑河,绥化,大兴安岭地区,蚌埠,淮南,淮北,铜陵,安庆,黄山,滁州,阜阳,宿州,六安,亳州,池州,宣城,莆田,三明,南平,龙岩,宁德,景德镇,萍乡,新余,鹰潭,赣州,吉安,宜春,抚州,上饶,鹤壁,新乡,濮阳,许昌,漯河,南阳,商丘,驻马店,黄石,十堰,襄阳,鄂州,荆门,孝感,黄冈,咸宁,随州,恩施土家族苗族自治州,衡阳,邵阳,益阳,郴州,永州,怀化,娄底,湘西州,梧州,防城港,钦州,贵港,玉林,百色,贺州,河池,来宾,崇左,广元,遂宁,内江,乐山,眉山,广安,达州,雅安,巴中,资阳,阿坝藏族羌族自治州,甘孜州,甘孜藏族自治州,凉山彝族自治州,六盘水,安顺,铜仁地区,毕节,黔西南布依族苗族自治州,黔东南苗族侗族自治州,黔东南州,黔南布依族苗族自治州,保山,昭通,丽江,普洱,临沧,楚雄州,红河州,文山州,西双版纳州,大理州,德宏州,怒江州,迪庆州,昌都,山南,日喀则,那曲地区,那曲,阿里地区,林芝,汉中,榆林,安康,商洛,白银,天水,武威,张掖,平凉,酒泉,庆阳,定西,陇南,临夏回族自治州,甘南州,海东地区,海北藏族自治州,黄南藏族自治州,海南藏族自治州,果洛藏族自治州,玉树藏族自治州,海西蒙古族藏族自治州,吴忠,中卫,固原,吐鲁番地区,哈密地区,昌吉州,博尔塔拉蒙古自治州,阿克苏地区,克孜勒苏柯尔克孜自治州,喀什地区,和田地区,伊犁哈萨克州,塔城地区,阿勒泰地区,石河子,五家渠,三沙,兰州新区,赣江新区,儋州,雄安新区,西咸新区
20251024,0,AQI,70,81,98,57,54,96,101,53,57,94,84,78,94,80,55,56,39,52,88,32,32,51,26,48,73,32,49,42,38,35,41,33,65,31,28,34,29,34,36,32,28,40,36,39,42,26,30,38,64,41,90,27,48,29,30,33,33,29,33,26,30,23,24,26,28,12,37,42,29,69,29,24,62,149,47,44,78,51,53,33,59,76,29,38,76,68,31,58,64,26,39,84,60,28,39,26,31,26,22,31,24,29,25,25,30,19,24,32,24,116,49,106,88,105,61,76,73,65,63,80,53,60,38,38,34,38,95,103,99,111,113,104,46,63,46,48,44,37,31,33,20,9,51,30,30,30,13,25,27,21,63,58,40,41,85,80,69,87,66,117,,,,,,,,,,,,,,,,,,,,,,,,,,,,,,68,101,26,99,59,98,69,44,89,59,78,29,101,59,61,38,43,55,73,65,45,59,98,53,70,56,74,32,62,37,50,30,74,65,53,51,51,53,56,68,56,33,36,38,53,66,46,81,50,35,28,26,22,22,24,23,43,38,35,42,47,37,54,35,101,88,99,116,134,81,99,99,45,61,85,43,70,41,27,47,46,22,40,43,37,51,46,41,47,37,46,26,29,31,23,48,44,23,31,28,11,17,27,11,31,27,27,8,15,22,29,,16,24,47,79,38,39,33,34,,40,20,24,27,33,43,36,51,19,36,25,34,30,24,26,29,30,29,,21,24,19,34,42,49,37,20,144,115,37,,20,,33,,24,39,28,31,40,29,27,37,35,54,7,110,94,134,86,140,138,151,134,69,68,29,59,205,,33,44,23,108,86
20251024,0,PM2.5,51,60,73,27,27,72,76,37,35,70,62,57,70,59,37,37,22,36,65,12,12,23,12,22,52,16,21,17,18,17,21,15,42,14,8,19,12,18,16,12,7,19,19,19,20,10,21,25,42,22,67,12,29,17,17,20,18,20,19,16,18,16,17,17,16,6,24,24,7,50,18,13,44,114,33,24,57,29,31,23,42,36,16,22,55,49,13,38,34,13,14,62,43,17,11,7,21,17,13,17,17,20,16,15,18,11,15,18,17,88,32,80,61,79,43,56,53,47,40,59,24,38,22,19,15,25,71,77,74,84,85,78,30,45,32,33,31,26,22,20,3,3,29,21,18,21,7,14,14,14,45,41,28,29,63,58,46,63,25,51,,,,,,,,,,,,,,,,,,,,,,,,,,,,,,40,76,15,74,41,73,48,31,66,42,57,12,76,42,44,9,30,30,53,47,29,40,73,34,48,32,54,18,40,14,22,17,54,47,23,34,30,26,30,49,36,19,21,20,30,45,21,60,28,17,11,17,13,13,13,14,24,25,20,21,23,21,31,18,76,65,74,88,102,60,74,74,25,44,63,29,51,29,14,33,25,14,25,30,26,32,32,24,33,25,21,15,20,18,16,24,31,16,22,13,6,6,19,8,4,19,11,3,8,12,20,,5,16,32,58,24,27,13,24,,28,11,3,13,20,30,25,36,12,21,10,22,20,17,10,3,3,12,,3,3,13,24,27,31,25,12,110,83,26,,14,,11,,17,27,14,12,15,12,3,15,16,31,3,48,45,102,45,76,78,94,77,25,49,8,23,155,,17,22,16,81,64
20251024,0,PM2.5_24h,45,52,64,34,21,61,60,41,27,57,54,51,56,61,26,35,18,33,30,11,9,15,10,16,35,13,11,13,13,12,19,12,22,15,13,18,17,15,14,13,7,14,17,14,14,10,13,22,28,16,58,16,24,16,15,14,12,15,16,12,15,8,12,12,12,8,15,13,7,45,14,16,44,78,26,23,36,25,34,22,19,26,11,23,45,41,21,31,23,8,20,47,28,16,7,13,19,14,13,14,13,15,25,12,11,9,19,11,7,76,31,54,54,61,29,47,42,34,32,52,20,32,19,16,12,17,66,61,75,61,60,64,25,37,26,29,28,21,18,17,3,4,16,22,15,19,7,18,12,12,54,48,35,41,58,56,43,37,25,42,,,,,,,,,,,,,,,,,,,,,,,,,,,,,,31,54,15,52,46,56,46,43,33,28,44,13,34,27,35,10,36,20,46,35,25,29,62,36,37,31,40,21,35,16,24,16,21,38,16,26,17,25,23,35,26,17,14,17,35,34,21,54,21,13,9,15,18,11,14,15,21,18,17,21,20,16,24,16,62,57,78,85,66,48,55,51,16,41,46,18,44,23,18,25,26,10,22,21,26,24,24,25,24,19,15,12,16,14,12,13,16,11,18,8,6,6,15,11,5,13,6,5,8,13,15,,6,16,16,36,22,19,28,25,,19,14,9,12,15,24,15,25,14,17,13,17,17,15,9,5,3,24,,4,6,18,25,27,32,18,15,72,59,26,,29,,11,,16,17,14,15,12,17,6,16,44,35,9,40,32,71,40,53,83,91,64,60,14,5,67,97,,18,18,13,55,58
20251024,0,PM10,77,107,98,64,57,87,92,54,63,102,89,83,80,81,59,62,39,54,111,32,32,51,26,48,96,32,49,42,38,35,41,33,80,31,26,34,29,34,36,32,25,40,36,39,42,20,19,38,78,41,109,27,48,29,30,33,33,28,33,26,30,23,23,26,28,12,37,42,13,78,29,24,74,214,43,44,92,51,56,33,52,102,29,38,102,82,31,66,78,26,39,95,62,28,39,26,31,26,22,31,22,23,25,25,30,19,24,32,22,137,49,98,125,109,72,99,72,68,75,87,55,70,38,38,34,38,120,90,115,114,159,92,46,57,45,48,40,37,29,33,6,6,51,30,30,30,13,25,27,21,72,47,29,23,86,110,87,124,81,184,,,,,,,,,,,,,,,,,,,,,,,,,,,,,,86,116,26,125,67,88,87,43,101,64,88,29,120,57,56,38,39,59,86,57,45,68,126,55,90,61,67,32,73,37,50,30,97,64,56,51,51,55,61,77,62,33,36,38,55,82,46,103,50,35,27,26,22,18,19,23,43,38,35,42,47,37,57,35,105,96,111,145,217,101,106,131,45,62,116,43,83,36,22,44,46,22,40,40,35,52,46,41,46,37,46,26,29,31,22,48,34,18,31,28,9,17,27,10,31,26,27,6,15,22,21,,,24,47,61,38,34,33,34,,35,20,24,27,33,23,33,36,19,36,25,34,30,21,18,8,14,22,,16,8,17,31,42,49,37,20,132,179,34,,20,,33,,,27,28,31,40,29,6,37,35,57,6,170,138,215,121,229,225,251,218,88,75,23,68,249,,33,44,20,108,
20251024,0,PM10_24h,63,85,83,58,42,66,76,57,55,81,71,61,68,84,37,58,33,51,55,28,26,33,25,37,64,27,34,31,29,27,38,29,42,32,30,35,33,29,32,33,24,29,34,34,32,25,17,37,57,34,90,28,42,25,26,24,23,28,28,19,24,15,19,22,21,12,24,22,13,71,24,24,66,160,38,39,53,42,62,33,31,63,22,43,77,78,42,55,48,19,47,76,48,32,24,33,27,28,19,24,19,20,26,20,19,20,26,22,12,117,42,65,96,88,50,84,63,58,56,71,47,53,36,33,30,29,102,82,109,91,110,75,37,46,40,50,33,30,27,26,7,6,25,34,46,29,10,27,20,21,80,60,44,39,79,98,93,61,84,164,,,,,,,,,,,,,,,,,,,,,,,,,,,,,,54,78,24,101,66,81,82,53,82,54,74,22,56,36,56,35,49,43,85,50,53,52,107,58,79,52,57,36,61,30,52,26,44,72,33,48,28,50,50,59,47,30,31,31,57,61,41,84,39,31,25,26,24,16,20,25,37,36,37,40,42,34,48,35,95,91,112,133,112,86,74,87,37,59,81,33,70,38,28,40,43,16,38,34,30,38,35,39,35,31,29,25,27,26,17,28,26,14,25,18,11,21,21,15,17,21,23,7,13,20,20,,5,22,25,37,27,24,34,31,,25,24,23,25,28,21,22,25,18,27,21,28,26,23,18,14,17,47,,7,13,23,39,36,48,28,26,88,115,41,,34,,30,,14,27,18,29,26,30,18,33,67,56,12,123,92,157,88,177,219,259,186,127,54,31,145,193,,29,38,21,84,60
20251024,0,SO2,3,10,3,7,7,6,5,6,1,3,4,9,4,7,7,8,8,7,10,6,5,7,4,8,11,5,8,10,6,12,9,6,8,8,5,4,7,8,7,6,4,2,5,4,6,5,3,8,8,5,11,7,7,6,8,6,7,7,6,5,8,6,6,7,6,3,4,4,6,2,4,12,7,10,5,9,10,7,11,9,6,14,3,8,15,10,3,8,7,6,5,7,4,14,5,5,7,7,11,18,6,6,6,6,6,2,6,6,3,12,5,10,6,7,15,11,9,7,11,9,9,15,9,6,5,4,10,7,9,8,6,11,6,10,10,6,8,6,7,7,4,8,6,12,8,5,2,5,4,4,3,4,4,5,4,3,10,8,5,13,,,,,,,,,,,,,,,,,,,,,,,,,,,,,,6,5,6,5,3,9,9,9,9,11,11,5,18,9,5,4,11,14,6,6,8,8,7,13,12,8,7,5,10,10,11,4,6,6,10,5,4,6,8,9,8,8,4,7,8,9,3,9,9,8,6,3,4,7,5,5,12,18,11,6,10,6,6,6,7,9,10,9,8,11,4,8,7,7,10,7,3,10,3,5,5,6,7,4,6,5,4,5,8,7,8,5,5,3,4,19,4,7,8,1,3,6,5,5,4,6,5,5,9,3,5,,6,11,3,25,3,12,4,4,,3,6,2,12,5,5,29,7,4,6,6,7,6,7,3,4,9,6,,9,3,6,7,5,4,11,6,7,6,10,,2,,6,,4,15,8,10,13,12,2,19,5,6,4,5,6,11,7,6,8,7,7,6,4,3,8,13,,9,9,2,9,6
20251024,0,SO2_24h,4,10,3,7,7,10,5,6,3,4,5,8,5,9,6,9,9,8,9,6,5,7,4,8,9,4,8,9,5,9,9,8,9,8,6,4,7,8,7,6,4,3,5,4,6,5,2,8,8,6,11,7,6,6,7,6,7,7,6,5,8,6,5,6,7,4,4,3,5,2,5,10,10,10,5,8,14,7,12,8,6,20,3,8,16,13,6,9,8,6,7,7,5,13,5,6,7,7,8,11,6,6,6,5,5,2,5,7,3,13,7,15,7,9,21,18,9,7,17,11,5,8,8,7,6,4,9,8,12,9,8,12,7,9,9,6,8,6,6,7,4,7,7,15,8,6,2,5,4,4,4,4,5,5,6,5,15,12,6,7,,,,,,,,,,,,,,,,,,,,,,,,,,,,,,6,6,5,6,4,12,9,8,6,15,7,5,11,19,6,6,10,9,9,9,7,8,8,18,13,10,6,7,10,10,8,4,9,7,10,6,4,7,8,9,9,8,5,7,8,7,3,11,10,6,5,2,3,7,5,5,8,13,11,6,11,6,7,6,9,9,11,10,8,12,7,7,6,7,10,8,4,9,4,6,5,6,7,5,6,5,4,8,6,8,8,8,5,3,4,12,4,7,8,2,3,6,5,6,5,6,8,5,9,3,5,,6,9,4,15,3,9,15,4,,4,6,2,11,5,5,10,5,6,7,6,11,6,7,3,4,9,9,,8,4,5,5,5,7,20,8,7,8,10,,2,,6,,4,12,7,10,14,11,4,17,8,8,4,6,10,12,9,5,8,7,9,7,4,3,12,13,,11,8,2,9,8
20251024,0,NO2,40,67,39,41,55,50,52,25,32,46,63,60,38,47,58,47,18,51,68,23,21,38,14,30,42,17,39,24,25,23,42,20,46,28,10,20,27,21,24,13,9,35,38,23,36,8,11,18,54,23,43,20,22,19,10,17,21,18,24,13,10,14,23,10,15,16,9,32,8,38,36,22,62,81,21,23,64,46,34,14,43,64,11,23,76,47,20,44,22,12,39,58,27,20,14,24,9,14,15,18,11,7,7,13,12,1,18,9,12,48,30,29,43,37,56,51,42,46,47,48,22,39,24,34,30,24,43,46,38,34,44,29,24,25,26,12,10,9,10,9,7,10,15,13,13,13,10,9,7,11,28,21,31,28,47,25,40,61,24,35,,,,,,,,,,,,,,,,,,,,,,,,,,,,,,22,32,12,28,29,40,16,24,58,41,72,19,61,53,29,38,10,46,51,52,48,47,46,20,25,40,64,23,34,14,27,13,52,32,34,32,18,29,34,38,38,14,9,21,37,37,31,29,43,24,9,13,15,5,9,10,15,16,20,9,17,13,10,16,37,30,54,39,34,18,38,24,19,20,23,30,16,21,10,33,20,9,19,15,17,28,7,9,11,15,8,9,15,7,8,33,13,6,8,10,10,7,15,12,10,10,33,16,18,9,11,,6,7,8,13,11,12,5,10,,9,6,8,12,15,6,25,8,10,10,13,12,14,10,6,1,6,17,,18,1,12,48,10,25,42,13,48,61,30,,12,,8,,8,18,20,3,45,1,6,2,24,31,12,65,69,107,35,88,30,63,62,19,20,5,51,67,,19,14,7,55,25
20251024,0,NO2_24h,30,53,33,30,36,42,42,33,32,42,46,48,33,43,27,39,18,41,41,18,17,24,13,26,37,15,25,22,21,16,30,18,29,22,15,18,23,23,21,12,8,19,17,15,22,11,11,16,40,19,50,18,17,17,12,19,19,21,22,13,10,15,12,8,14,18,9,15,13,30,16,23,33,48,15,20,37,33,31,17,26,44,8,25,51,43,32,36,21,10,37,40,21,19,11,25,10,15,13,13,9,7,8,13,13,2,14,18,6,41,28,24,33,35,42,41,32,34,34,37,24,31,23,25,22,20,40,45,47,28,32,26,20,20,19,10,8,7,9,9,6,9,15,15,14,15,12,12,6,13,29,25,25,25,29,23,31,31,24,33,,,,,,,,,,,,,,,,,,,,,,,,,,,,,,20,28,11,23,27,36,21,32,41,27,48,17,22,27,29,30,13,31,38,33,36,36,32,28,25,35,43,25,26,13,25,13,32,30,22,27,13,26,26,31,28,11,7,13,31,29,21,23,29,18,9,11,12,6,12,6,17,12,15,10,15,10,7,14,42,39,50,39,23,19,32,23,14,18,25,15,16,17,12,21,21,8,15,12,17,17,8,9,11,11,3,7,12,7,7,18,9,6,7,7,12,11,13,15,14,11,22,16,21,10,15,,10,7,9,8,10,10,9,8,,5,7,7,11,8,6,11,5,10,9,9,15,13,9,8,5,7,23,,9,3,10,30,10,22,25,14,32,36,22,,12,,8,,9,12,10,5,11,3,21,8,29,23,12,34,40,43,26,40,22,52,34,42,18,12,35,57,,15,14,7,48,28
20251024,0,O3,10,5,5,14,10,16,3,16,17,1,17,6,20,17,8,26,65,15,5,74,65,51,81,53,39,70,48,69,68,58,39,47,39,56,88,73,58,76,63,77,88,54,49,42,66,84,74,80,10,52,32,74,82,68,64,61,52,59,52,72,67,58,31,52,37,31,50,27,93,11,8,38,4,36,77,92,3,30,40,73,24,11,94,65,9,24,42,9,55,74,34,13,41,67,61,52,57,41,46,37,58,62,76,61,66,55,39,63,29,23,14,48,2,16,3,10,25,16,22,11,45,14,39,53,57,80,38,15,31,38,35,81,29,67,70,96,58,82,60,59,63,29,20,51,32,22,42,22,51,47,21,32,4,24,11,34,48,20,47,60,,,,,,,,,,,,,,,,,,,,,,,,,,,,,,81,44,52,57,20,26,89,26,13,32,6,32,17,5,9,3,76,17,5,19,10,12,6,39,41,27,5,26,26,53,24,20,4,24,15,38,18,53,43,45,32,80,38,56,49,56,56,55,34,57,89,55,49,70,78,73,87,83,80,93,103,69,82,78,25,50,7,30,38,94,31,89,54,35,74,42,95,75,85,22,73,12,87,97,86,7,98,98,109,76,55,50,54,70,50,18,61,63,55,27,35,20,23,33,41,35,4,23,5,39,25,,52,60,56,28,75,27,57,67,,55,41,26,71,35,34,24,48,40,21,44,21,21,74,82,93,96,94,,67,77,33,22,78,61,17,49,5,15,17,,45,,21,,56,46,50,43,4,77,85,80,17,9,22,22,10,4,39,7,81,37,32,60,19,92,24,33,,42,86,40,4,21
20251024,0,O3_24h,,,,,,,,,,,,,,,,,,,,,,,,,,,,,,,,,,,,,,,,,,,,,,,,,,,,,,,,,,,,,,,,,,,,,,,,,,,,,,,,,,,,,,,,,,,,,,,,,,,,,,,,,,,,,,,,,,,,,,,,,,,,,,,,,,,,,,,,,,,,,,,,,,,,,,,,,,,,,,,,,,,,,,,,,,,,,,,,,,,,,,,,,,,,,,,,,,,,,,,,,,,,,,,,,,,,,,,,,,,,,,,,,,,,,,,,,,,,,,,,,,,,,,,,,,,,,,,,,,,,,,,,,,,,,,,,,,,,,,,,,,,,,,,,,,,,,,,,,,,,,,,,,,,,,,,,,,,,,,,,,,,,,,,,,,,,,,,,,,,,,,,,,,,,,,,,,,,,,,,,,,,,,,,,,,,,,,,
20251024,0,O3_8h,61,44,40,64,74,57,32,45,70,51,56,23,57,39,68,65,73,66,62,91,94,89,91,90,91,91,84,90,92,91,87,93,89,94,96,84,91,93,86,104,94,95,98,83,95,99,79,110,73,85,96,93,108,71,76,81,66,73,70,74,76,62,56,63,65,30,51,64,116,45,63,66,56,91,104,106,67,72,71,86,68,72,94,90,52,74,64,81,96,88,87,83,82,94,88,72,61,53,52,52,62,63,81,62,73,59,53,59,74,84,35,72,51,19,57,63,80,79,76,73,66,72,65,94,99,107,91,52,91,104,107,95,111,104,117,111,101,79,74,71,60,30,57,71,62,34,29,34,61,64,45,47,40,42,78,73,111,69,73,89,,,,,,,,,,,,,,,,,,,,,,,,,,,,,,112,118,58,102,32,64,94,37,55,62,73,61,73,75,70,54,87,74,60,69,73,60,74,91,96,69,60,69,67,80,63,63,62,62,62,66,61,99,100,100,95,111,99,99,114,95,101,108,95,96,102,71,68,72,87,89,102,111,96,96,121,111,110,106,43,73,33,114,121,112,106,123,103,96,104,101,116,102,108,106,95,42,93,94,110,43,98,93,106,92,71,58,60,76,63,59,71,68,71,43,34,24,47,32,36,50,48,28,28,39,56,,52,66,67,56,90,47,68,73,,71,82,63,88,65,66,54,79,66,70,78,58,58,92,109,114,114,111,,109,95,44,68,73,83,84,55,65,108,22,,47,,29,,71,66,89,69,84,83,105,97,62,54,29,89,72,106,74,66,108,87,101,84,76,98,94,103,,90,109,46,38,56
20251024,0,O3_8h_24h,28,17,21,26,25,35,11,26,25,19,30,15,36,19,34,39,69,30,20,83,76,73,84,67,51,74,69,78,78,80,63,71,62,69,89,75,70,79,68,93,92,76,70,63,80,90,75,97,38,67,54,82,102,63,66,64,55,57,55,70,71,56,46,59,47,29,50,46,105,23,38,45,33,72,96,100,28,36,51,72,43,26,94,66,28,48,39,31,65,81,60,40,56,78,68,67,57,43,48,40,59,63,79,60,68,56,45,53,58,41,21,59,25,18,25,35,46,37,32,28,49,26,29,70,81,93,71,33,43,61,81,89,71,87,98,106,74,77,70,62,59,28,37,64,46,26,27,22,50,53,24,39,13,30,43,50,81,38,50,60,,,,,,,,,,,,,,,,,,,,,,,,,,,,,,98,89,53,87,28,37,89,29,37,44,17,43,44,31,25,15,84,33,26,39,31,25,29,60,59,26,16,36,32,52,25,24,15,28,21,40,24,68,65,65,59,97,72,76,76,72,79,84,68,71,101,55,44,69,80,82,84,100,74,93,116,97,102,95,36,47,21,77,94,100,67,110,73,65,80,72,106,89,89,62,83,21,94,93,97,18,96,92,106,73,64,54,57,73,57,39,64,66,60,31,34,21,35,32,35,42,21,19,15,37,26,,50,64,59,43,67,34,61,66,,63,59,42,81,52,52,48,61,49,37,60,42,38,83,101,101,103,91,,91,88,40,51,71,67,40,51,36,75,16,,37,,25,,57,57,72,55,50,76,93,83,39,32,22,57,33,70,57,46,89,65,71,77,50,76,57,84,,62,98,46,13,30
20251024,0,CO,0.74,1.10,0.76,0.76,0.43,0.68,0.51,0.62,0.63,0.92,0.70,0.50,0.55,0.94,0.63,0.58,0.49,0.55,1.19,0.53,0.48,0.89,0.44,0.70,0.55,0.34,0.70,0.63,0.50,0.48,0.48,0.48,0.72,0.42,0.37,0.32,0.36,0.50,0.55,0.40,0.50,0.47,0.33,0.33,0.45,0.37,0.44,0.44,0.75,0.30,0.64,0.33,0.40,0.40,0.58,0.37,0.53,0.43,0.42,0.47,0.50,0.40,0.53,0.36,0.41,0.50,0.30,0.58,0.22,0.69,0.65,0.50,0.84,1.10,0.52,0.70,1.30,0.64,0.88,0.45,0.57,0.68,0.33,0.50,0.88,0.65,0.38,0.55,0.52,0.36,0.42,0.50,0.45,1.28,0.42,0.42,0.47,0.56,0.53,0.68,0.45,0.57,0.40,0.43,0.53,0.10,0.52,0.40,0.43,0.60,0.69,1.20,0.88,0.75,0.74,1.02,0.72,0.70,0.92,0.95,0.48,0.46,0.57,0.57,0.50,0.45,0.73,0.60,0.70,0.97,0.60,0.45,0.47,0.47,0.73,0.42,0.33,0.43,0.38,0.37,0.50,0.40,0.68,0.78,0.43,0.43,0.65,0.30,0.48,0.45,0.65,0.90,0.93,0.60,0.70,0.80,0.77,1.02,0.42,0.73,,,,,,,,,,,,,,,,,,,,,,,,,,,,,,0.40,0.70,0.33,0.74,0.62,1.27,0.50,0.80,1.10,0.77,1.07,0.60,1.05,1.02,1.00,0.25,0.70,1.88,0.80,0.65,0.65,0.43,0.90,0.60,0.60,0.45,0.55,0.53,0.70,0.63,0.73,0.43,0.75,0.67,0.75,0.50,0.40,0.35,0.32,0.53,0.80,0.30,0.35,0.25,0.26,0.33,0.33,0.50,0.58,0.33,0.53,0.70,0.47,0.37,0.35,0.60,0.45,0.40,0.38,0.52,0.50,0.42,0.63,0.30,0.84,0.83,0.77,0.60,0.68,0.60,0.63,0.53,0.38,0.70,0.50,0.40,0.44,0.40,0.37,0.20,0.57,0.47,0.73,0.55,0.50,0.57,0.30,0.13,0.42,0.25,0.43,0.43,0.60,0.47,0.40,0.60,0.43,0.55,0.45,0.50,0.53,0.43,0.47,0.58,0.50,0.50,0.38,0.65,0.70,0.45,0.70,,0.85,0.60,0.50,0.57,0.35,0.55,0.35,0.45,,0.55,0.55,0.60,0.65,0.40,0.85,0.75,0.30,0.35,0.60,0.70,0.65,0.50,0.50,0.20,0.30,0.35,0.40,,0.40,0.30,0.57,0.77,0.40,0.40,0.60,0.75,1.30,0.95,0.60,,0.35,,0.80,,0.40,0.60,1.10,0.40,0.70,0.40,0.30,0.40,0.47,0.60,0.53,1.00,0.60,1.25,0.20,1.45,0.30,0.75,2.10,0.50,0.90,0.10,0.45,1.10,,0.35,0.10,0.45,0.73,0.53
20251024,0,CO_24h,0.60,0.78,0.62,0.76,0.33,0.58,0.47,0.64,0.57,0.58,0.72,0.50,0.50,1.09,0.50,0.62,0.49,0.53,0.60,0.46,0.42,0.61,0.41,0.66,0.45,0.36,0.55,0.51,0.42,0.38,0.56,0.48,0.67,0.41,0.41,0.32,0.44,0.40,0.65,0.40,0.50,0.33,0.33,0.27,0.40,0.35,0.34,0.47,0.59,0.31,0.61,0.29,0.40,0.44,0.58,0.42,0.51,0.45,0.48,0.48,0.51,0.42,0.43,0.30,0.41,0.52,0.29,0.50,0.28,0.63,0.55,0.53,0.88,0.85,0.50,0.63,1.00,0.64,0.88,0.47,0.33,0.67,0.35,0.46,0.70,0.63,0.52,0.47,0.43,0.25,0.55,0.36,0.57,0.96,0.32,0.47,0.47,0.59,0.53,0.64,0.47,0.53,0.60,0.47,0.53,0.10,0.50,0.40,0.40,0.60,0.86,1.03,0.90,0.97,0.68,1.08,0.65,0.67,0.90,0.80,0.52,0.44,0.52,0.57,0.43,0.45,0.68,0.60,0.73,0.63,0.56,0.53,0.43,0.43,0.63,0.38,0.20,0.37,0.35,0.44,0.57,0.46,0.72,0.86,0.50,0.43,0.70,0.40,0.46,0.50,0.57,0.85,0.77,0.58,0.60,0.80,0.73,0.64,0.48,0.70,,,,,,,,,,,,,,,,,,,,,,,,,,,,,,0.40,0.60,0.30,0.58,0.63,1.10,0.62,0.90,0.80,0.70,0.80,0.60,0.60,0.68,0.90,0.25,0.70,1.10,0.77,0.60,0.62,0.40,0.75,0.80,0.60,0.50,0.55,0.57,0.65,0.53,0.57,0.52,0.58,0.60,0.50,0.40,0.35,0.33,0.28,0.53,0.78,0.30,0.35,0.22,0.36,0.33,0.33,0.53,0.65,0.25,0.55,0.43,0.53,0.37,0.45,0.60,0.50,0.40,0.33,0.54,0.47,0.32,0.55,0.33,0.88,0.80,0.80,0.60,0.58,0.58,0.58,0.47,0.40,0.63,0.48,0.37,0.38,0.40,0.33,0.30,0.67,0.43,0.68,0.55,0.60,0.47,0.33,0.18,0.47,0.25,0.43,0.40,0.55,0.47,0.37,0.47,0.40,0.55,0.45,0.50,0.60,0.47,0.45,0.60,0.60,0.53,0.35,0.75,0.65,0.50,0.60,,0.80,0.63,0.60,0.47,0.35,0.60,0.50,0.45,,0.55,0.55,0.60,0.60,0.45,0.80,0.75,0.23,0.45,0.65,0.80,0.60,0.45,0.45,0.30,0.30,0.30,0.60,,0.35,0.30,0.57,0.67,0.40,0.55,0.60,0.95,0.80,0.85,0.70,,0.50,,0.85,,0.25,1.00,0.60,0.40,0.60,0.30,0.50,0.50,0.80,0.65,0.57,0.95,0.55,0.80,0.50,0.85,0.30,0.90,0.85,1.40,0.70,0.30,0.60,0.95,,0.40,0.20,0.60,0.53,0.47
20251024,1,AQI,70,84,98,55,47,96,105,47,54,95,88,74,93,79,53,57,40,61,83,30,33,52,28,45,83,31,46,43,34,32,52,32,63,33,26,32,30,46,41,30,28,43,32,35,40,26,27,40,65,38,90,27,43,29,29,32,29,27,32,24,27,25,26,26,27,12,30,44,28,68,28,21,68,153,51,42,78,45,55,33,50,59,28,39,80,74,28,60,55,27,47,81,58,29,36,29,31,27,22,29,23,27,26,25,29,26,31,36,27,100,50,105,93,106,62,81,78,68,58,79,56,51,37,39,35,37,94,104,96,111,108,111,40,61,41,53,44,36,33,33,21,8,47,32,30,29,12,22,31,24,63,56,41,41,91,86,68,85,65,111,,,,,,,,,,,,,,,,,,,,,,,,,,,,,,66,108,25,100,60,91,70,43,93,58,75,29,104,56,47,26,39,55,70,65,43,60,94,58,70,53,61,38,61,47,55,23,67,55,49,43,48,51,56,71,55,35,29,33,56,70,44,79,51,38,25,29,23,21,23,23,39,40,33,41,43,35,44,33,108,98,96,128,134,85,108,91,42,59,85,39,78,37,27,47,50,20,40,54,37,52,47,38,41,38,44,29,33,32,26,46,46,24,30,18,10,15,27,12,18,27,30,8,13,21,24,,16,23,61,80,35,44,25,39,,36,21,16,29,30,34,34,47,31,30,20,31,27,23,26,29,29,29,,21,22,18,36,42,46,36,19,130,115,36,,19,,28,,25,46,20,32,38,30,27,27,26,44,10,103,76,136,87,122,140,137,183,62,44,28,72,196,,34,53,23,101,89
20251024,1,PM2.5,51,62,73,28,26,72,79,33,33,71,65,54,69,58,37,39,24,44,61,13,11,26,12,21,61,16,23,19,17,16,25,12,42,16,8,19,12,24,19,10,7,21,16,18,18,9,19,25,44,22,67,15,27,17,17,20,17,17,17,15,17,16,18,16,15,5,21,24,6,49,12,15,49,117,36,24,57,21,31,23,35,29,14,23,59,54,13,40,35,12,20,60,41,18,15,7,21,16,13,15,16,19,16,16,18,11,16,19,19,75,33,79,63,80,39,60,57,49,37,58,27,32,23,18,15,26,70,78,72,84,81,84,28,44,23,33,31,25,20,20,3,3,27,22,19,19,6,12,14,17,45,40,29,29,68,64,36,63,22,50,,,,,,,,,,,,,,,,,,,,,,,,,,,,,,45,81,16,75,43,68,51,30,69,41,55,18,78,40,33,8,27,26,51,47,24,38,70,41,45,32,44,20,43,13,21,13,48,37,21,28,27,27,29,52,37,20,12,20,30,51,21,58,29,18,12,20,13,13,13,14,24,28,17,22,21,17,25,14,81,73,72,97,102,63,81,68,17,42,63,13,57,26,13,33,29,8,25,38,26,32,32,24,22,25,23,16,19,19,18,24,32,17,21,12,3,5,19,8,3,19,11,3,7,15,17,,5,16,44,59,24,31,14,24,,25,11,3,14,19,24,24,33,22,20,14,22,16,16,7,3,3,8,,6,3,12,25,28,31,25,13,99,87,25,,13,,12,,14,32,14,13,14,15,3,10,16,27,3,43,47,104,45,74,83,84,138,25,31,7,49,147,,19,37,16,76,66
20251024,1,PM2.5_24h,46,52,65,33,21,62,61,41,27,58,54,51,57,61,27,35,18,32,31,11,9,15,10,15,36,13,12,13,14,12,20,13,23,15,13,18,16,16,14,13,7,14,17,14,14,10,13,22,29,16,59,16,24,16,15,15,13,16,16,13,16,9,13,12,12,8,16,14,7,45,13,16,42,81,26,23,38,25,33,22,19,26,11,23,45,41,21,32,22,8,20,47,29,16,7,13,19,14,13,14,14,15,26,12,12,10,19,11,7,75,32,56,54,62,29,48,42,35,31,52,21,32,19,16,12,18,67,61,74,62,62,65,25,37,26,29,28,21,18,17,3,4,17,22,15,19,7,17,12,13,54,47,35,41,59,56,43,38,25,43,,,,,,,,,,,,,,,,,,,,,,,,,,,,,,32,55,15,53,45,57,46,43,34,29,44,13,37,28,34,10,35,20,46,36,25,29,60,37,37,31,39,21,34,16,24,16,23,38,16,27,17,25,24,36,27,18,15,17,34,35,21,54,21,14,10,16,18,11,14,15,21,19,17,22,20,16,24,16,63,58,77,86,68,49,55,52,16,41,46,18,45,23,18,25,26,10,22,22,26,24,25,25,23,20,15,12,17,15,12,14,17,11,19,8,6,6,15,11,5,14,6,4,8,14,15,,6,16,16,37,22,20,27,25,,19,14,9,12,15,24,16,25,14,17,13,18,17,15,8,5,3,24,,4,6,17,25,27,31,19,15,73,60,25,,28,,11,,16,17,13,14,12,17,6,16,41,34,8,40,33,72,40,53,83,87,66,56,15,5,65,100,,17,19,13,57,59
20251024,1,PM10,77,108,100,59,47,85,90,42,58,102,86,80,80,79,56,63,40,62,107,30,33,53,28,45,105,31,46,43,34,32,53,32,76,33,26,32,30,46,41,30,26,43,32,35,40,19,19,40,80,38,105,27,43,29,29,32,29,27,32,24,27,25,25,26,27,11,29,44,13,77,28,20,73,212,44,42,91,45,60,33,50,68,23,39,99,93,28,70,59,27,47,98,62,29,36,29,31,27,22,29,21,27,26,25,29,26,31,36,26,118,50,97,135,121,74,102,76,69,66,85,61,52,37,39,35,36,116,102,106,118,152,100,38,60,41,56,37,35,33,33,15,6,47,32,30,29,12,22,31,23,76,53,36,25,86,122,85,105,79,172,,,,,,,,,,,,,,,,,,,,,,,,,,,,,,81,120,25,136,65,85,89,28,99,65,91,29,108,57,47,26,36,59,88,56,43,69,125,54,89,55,62,38,71,47,59,23,83,59,49,43,48,52,62,82,59,35,29,33,62,86,44,99,52,38,25,29,23,20,19,23,39,37,33,41,43,35,44,33,108,102,99,153,196,106,98,124,42,61,118,39,87,36,23,39,50,20,40,38,33,53,47,38,41,38,44,29,33,32,23,46,37,22,30,18,10,15,25,10,18,27,30,6,13,17,24,,,23,54,62,35,39,25,39,,33,21,16,29,30,18,32,33,30,30,19,31,27,19,12,7,11,18,,12,7,18,28,42,46,35,18,127,167,33,,17,,28,,25,,17,32,38,30,6,27,26,44,10,155,101,217,123,194,230,224,264,74,36,21,94,268,,34,53,17,123,71
20251024,1,PM10_24h,63,86,84,57,43,67,77,57,56,82,72,62,69,85,39,57,33,51,57,29,26,34,25,37,65,28,34,32,30,27,39,30,44,32,30,35,33,30,33,33,24,29,34,34,32,25,17,38,58,34,92,28,42,26,26,25,24,29,29,20,25,15,19,22,21,11,25,22,13,71,25,23,64,163,39,39,55,43,61,33,31,63,22,43,78,79,42,56,47,20,47,76,49,32,24,33,27,29,19,24,20,20,27,20,20,21,27,22,13,117,43,66,97,90,51,86,63,58,56,71,48,53,36,33,30,29,103,81,108,93,112,76,37,46,40,50,33,29,28,27,8,6,26,34,43,30,10,27,20,21,81,60,43,39,79,97,93,63,84,163,,,,,,,,,,,,,,,,,,,,,,,,,,,,,,56,80,24,103,65,82,83,52,83,55,74,22,60,37,56,36,49,43,84,50,52,53,106,58,79,52,56,36,60,31,53,25,47,72,35,49,29,50,51,60,48,30,30,31,57,62,40,84,40,31,25,26,24,16,21,25,38,36,37,41,42,35,47,35,96,91,110,134,116,88,75,89,37,59,82,33,71,38,28,40,43,16,38,35,30,39,36,39,36,31,30,25,27,27,17,30,26,15,26,18,11,21,21,14,17,21,23,6,13,20,20,,5,22,27,39,26,25,33,32,,27,24,23,25,28,21,23,25,18,27,21,28,26,23,18,14,17,47,,8,13,23,38,36,48,29,26,88,119,40,,34,,30,,14,26,17,28,26,30,17,33,64,55,12,125,92,160,89,177,219,250,187,122,53,31,141,197,,29,39,21,86,60
20251024,1,SO2,3,10,3,6,6,6,4,5,2,3,4,7,4,7,6,8,8,7,11,6,5,8,4,8,10,5,8,10,6,11,9,7,9,8,5,4,7,9,7,6,3,3,6,5,6,5,2,8,8,5,10,6,7,6,8,6,7,7,5,5,8,6,6,7,6,3,4,4,6,2,5,12,8,10,5,8,11,6,10,9,6,17,3,8,14,11,3,8,7,6,7,7,3,15,5,5,8,8,12,19,6,7,6,7,6,2,6,7,3,9,5,11,6,9,15,11,9,6,11,9,7,6,9,6,6,4,10,7,10,9,7,12,6,10,10,6,7,7,8,7,5,7,6,14,8,5,2,5,4,5,4,3,4,5,4,3,10,6,5,12,,,,,,,,,,,,,,,,,,,,,,,,,,,,,,6,6,5,5,3,8,9,12,7,11,7,5,18,11,6,4,11,14,8,5,6,8,5,11,12,16,5,5,10,10,10,4,6,8,7,8,4,6,8,9,8,8,4,7,7,8,4,9,13,7,6,4,5,7,5,5,14,15,10,6,10,7,10,7,8,8,10,9,8,11,5,7,6,7,10,8,4,9,3,5,5,6,7,5,7,6,4,6,7,8,8,5,6,3,4,16,5,8,9,1,3,6,5,6,5,6,8,5,9,3,5,,6,9,3,18,3,12,3,5,,4,6,2,11,5,4,20,6,22,6,6,7,6,7,3,3,9,6,,8,4,6,9,5,4,14,7,6,7,10,,2,,6,,4,18,4,10,10,13,2,17,5,6,4,5,6,10,6,5,10,7,8,6,3,3,7,13,,8,9,2,9,6
20251024,1,SO2_24h,4,10,3,7,7,10,5,6,3,4,5,8,5,9,6,9,9,8,9,6,5,6,4,8,9,4,8,9,5,9,9,8,9,8,6,4,7,8,7,6,4,3,5,4,6,5,2,8,8,6,11,7,6,6,8,6,7,7,6,5,8,6,5,6,7,4,4,3,6,2,5,10,10,10,5,9,14,7,11,8,6,19,3,8,16,13,6,9,8,6,7,7,5,13,5,6,7,7,9,11,6,6,6,5,5,2,5,7,3,13,7,14,7,9,21,18,9,7,17,11,6,8,8,6,6,4,9,8,12,9,8,12,7,9,9,6,8,6,7,7,4,7,7,13,8,6,2,5,4,4,4,4,5,5,6,5,15,12,6,8,,,,,,,,,,,,,,,,,,,,,,,,,,,,,,7,6,5,6,4,12,9,8,6,15,7,5,11,18,6,6,10,10,9,8,7,8,6,18,13,10,6,7,10,10,8,4,9,7,10,6,4,7,8,9,9,8,5,7,8,7,3,11,10,6,6,2,4,7,5,5,9,13,10,6,11,6,7,6,9,9,11,10,8,12,7,7,6,7,10,8,4,9,4,6,5,6,7,5,6,5,4,8,6,8,8,8,5,3,4,13,4,7,8,2,3,6,5,6,5,6,9,5,9,3,5,,6,9,4,16,3,10,15,4,,4,6,2,11,5,5,10,5,7,7,6,11,6,7,3,4,9,9,,8,4,5,6,5,7,20,8,7,8,10,,2,,6,,4,13,7,10,14,11,4,17,8,8,4,6,10,12,9,5,8,7,9,7,4,3,11,13,,11,8,2,9,8
20251024,1,NO2,40,65,39,36,53,50,50,20,32,45,63,60,42,43,57,48,18,55,64,22,20,35,14,26,38,16,39,26,22,20,48,21,35,25,11,19,27,26,27,13,8,41,29,23,27,8,10,19,55,22,39,21,21,16,9,15,20,18,22,12,9,13,24,8,14,13,8,34,9,37,32,21,60,76,22,23,63,45,32,14,38,62,10,24,72,49,24,40,18,13,44,47,27,18,13,23,9,14,15,17,10,8,8,13,13,1,17,9,11,45,30,27,44,35,52,56,44,46,41,48,24,37,22,31,25,23,43,47,35,30,40,29,19,23,21,12,8,8,10,9,5,15,16,13,13,11,10,9,5,14,26,18,30,26,46,33,38,43,20,22,,,,,,,,,,,,,,,,,,,,,,,,,,,,,,20,34,11,27,27,36,15,21,55,31,67,25,64,58,24,33,10,43,50,46,46,46,42,37,27,48,61,23,32,10,23,11,48,25,33,24,18,31,37,42,41,14,8,16,40,43,29,29,51,24,9,9,12,6,10,11,14,12,16,9,17,13,9,23,37,31,48,38,34,18,38,22,13,19,26,18,16,21,9,32,19,8,17,13,16,18,7,9,11,11,5,9,15,7,7,30,10,6,7,7,11,6,11,11,8,10,28,14,16,10,8,,6,5,7,11,7,12,5,10,,7,7,6,11,18,6,29,7,10,5,10,13,14,6,3,1,8,14,,17,2,11,49,8,22,43,12,46,42,20,,9,,9,,7,20,16,2,20,2,5,1,22,32,12,55,61,98,29,70,36,61,63,23,14,5,46,100,,26,20,7,54,29
20251024,1,NO2_24h,31,53,33,30,35,41,42,32,32,42,46,48,32,43,29,39,19,41,41,18,17,24,13,26,36,15,26,22,21,16,30,18,29,22,15,18,23,23,22,12,8,20,18,15,22,11,11,16,40,19,48,18,17,17,12,19,19,21,22,13,10,15,12,8,14,17,9,16,13,31,17,23,34,49,15,20,39,33,31,17,26,44,9,25,52,43,32,36,20,10,37,40,21,18,11,25,10,15,14,13,9,7,8,13,13,2,14,18,6,40,28,25,33,35,42,41,31,34,34,37,24,31,24,25,22,20,40,45,46,29,32,26,20,20,19,10,8,8,9,9,6,10,15,15,14,15,12,12,6,13,29,25,25,25,30,23,31,32,24,32,,,,,,,,,,,,,,,,,,,,,,,,,,,,,,20,28,11,23,27,36,20,31,41,27,48,17,24,29,29,31,13,31,38,34,35,36,32,28,25,35,42,25,26,13,25,14,33,29,22,27,14,26,26,31,29,12,7,13,30,29,21,23,30,18,9,11,12,6,12,6,17,12,15,10,15,10,7,14,43,39,50,39,24,19,31,23,13,19,25,16,16,17,12,21,20,8,15,12,17,18,8,9,11,12,3,7,12,7,7,19,9,6,7,7,12,11,13,15,14,11,22,16,21,10,15,,10,7,9,8,10,11,9,9,,5,7,7,11,9,6,12,5,10,9,9,14,12,9,7,5,7,22,,9,3,11,31,10,21,26,13,31,36,21,,12,,8,,9,13,11,5,12,3,19,8,28,23,12,35,40,45,25,39,21,51,34,39,18,12,34,58,,15,15,7,48,28
20251024,1,O3,10,5,6,21,10,13,2,19,14,1,12,1,13,13,6,22,63,11,6,74,61,55,78,54,38,67,47,64,67,54,30,44,47,56,84,72,58,67,58,74,88,39,56,36,70,84,76,78,8,49,35,71,80,75,64,61,56,61,54,73,67,59,26,59,37,39,49,18,89,13,6,37,4,33,67,87,2,23,39,71,28,10,88,60,6,17,33,7,57,72,28,19,41,69,64,46,56,41,45,38,59,61,72,59,68,55,40,62,24,23,11,53,2,15,4,8,19,13,22,8,42,12,40,56,63,78,33,12,31,42,31,79,40,68,72,89,59,85,59,59,68,20,18,51,30,26,39,26,54,43,22,34,3,24,8,18,40,21,50,77,,,,,,,,,,,,,,,,,,,,,,,,,,,,,,81,35,54,52,17,26,95,29,11,33,8,27,13,4,13,6,73,16,6,18,8,10,6,24,36,17,5,23,26,57,28,19,7,26,15,43,17,46,37,33,29,73,30,55,42,36,55,45,23,47,81,62,57,68,74,70,86,84,78,93,96,68,75,65,21,41,8,25,27,94,30,87,64,29,59,72,92,72,87,9,69,11,91,96,84,43,100,96,107,83,58,48,52,69,52,17,67,62,56,,32,25,26,38,44,32,6,24,6,34,23,,50,58,55,31,97,25,57,64,,56,41,27,68,28,32,17,46,39,23,47,17,19,75,83,92,92,92,,67,70,35,15,85,64,19,48,7,25,24,,48,,18,,58,41,42,39,25,66,85,77,15,2,22,28,17,3,27,7,57,31,23,49,24,91,28,4,,27,73,39,4,22
20251024,1,O3_24h,,,,,,,,,,,,,,,,,,,,,,,,,,,,,,,,,,,,,,,,,,,,,,,,,,,,,,,,,,,,,,,,,,,,,,,,,,,,,,,,,,,,,,,,,,,,,,,,,,,,,,,,,,,,,,,,,,,,,,,,,,,,,,,,,,,,,,,,,,,,,,,,,,,,,,,,,,,,,,,,,,,,,,,,,,,,,,,,,,,,,,,,,,,,,,,,,,,,,,,,,,,,,,,,,,,,,,,,,,,,,,,,,,,,,,,,,,,,,,,,,,,,,,,,,,,,,,,,,,,,,,,,,,,,,,,,,,,,,,,,,,,,,,,,,,,,,,,,,,,,,,,,,,,,,,,,,,,,,,,,,,,,,,,,,,,,,,,,,,,,,,,,,,,,,,,,,,,,,,,,,,,,,,,,,,,,,,,
20251024,1,O3_8h,45,,,,,,,,,,,,,,40,,,,,,,,,,,,,,,,,,,,,,,,,,,,,,,,,,,,,,,,,,,,,,,,,,,,44,,,,,,,,,,,,,,,,,,,,,,,,,,,,,,,,,,,,,,,,,,,,,,,,,,,,,,,,,,,,,,,,,,,,,,,,,,,,,,,,,,,,,,,,,,,,,,,,,,,,,,,,,,,,,,,,,,,,,,,,,,,,,,,,,,,,,,,,,,,,,,,,,,,,,,,,,,,,,,,,,,,,,,,,,,,,,,,,,,,,,,,,,,,,,,,,,,,,,,,,,,,,,,,,,,,,,,,,,,,,,,,,,,,,,,,,,,,,,,,,,,,,,,,,,,,,,,,,,,,,,,,,,,,,,,,,,,,,,,,,,,,,,,,,,,,,,,,,,,,,,,,,,,,,
20251024,1,O3_8h_24h,,,,,,,,,,,,,,,,,,,,,,,,,,,,,,,,,,,,,,,,,,,,,,,,,,,,,,,,,,,,,,,,,,,,,,,,,,,,,,,,,,,,,,,,,,,,,,,,,,,,,,,,,,,,,,,,,,,,,,,,,,,,,,,,,,,,,,,,,,,,,,,,,,,,,,,,,,,,,,,,,,,,,,,,,,,,,,,,,,,,,,,,,,,,,,,,,,,,,,,,,,,,,,,,,,,,,,,,,,,,,,,,,,,,,,,,,,,,,,,,,,,,,,,,,,,,,,,,,,,,,,,,,,,,,,,,,,,,,,,,,,,,,,,,,,,,,,,,,,,,,,,,,,,,,,,,,,,,,,,,,,,,,,,,,,,,,,,,,,,,,,,,,,,,,,,,,,,,,,,,,,,,,,,,,,,,,,,
20251024,1,CO,0.75,1.02,0.76,0.67,0.33,0.67,0.53,0.52,0.63,0.77,0.73,0.53,0.55,0.93,0.63,0.56,0.48,0.61,1.12,0.49,0.47,0.93,0.43,0.76,0.58,0.36,0.74,0.61,0.44,0.45,0.58,0.46,0.70,0.46,0.39,0.32,0.37,0.57,0.65,0.40,0.55,0.47,0.33,0.33,0.39,0.37,0.42,0.47,0.77,0.31,0.64,0.39,0.41,0.41,0.56,0.37,0.50,0.43,0.38,0.47,0.50,0.38,0.54,0.30,0.38,0.45,0.32,0.56,0.25,0.67,0.60,0.53,0.86,1.02,0.52,0.68,1.39,0.54,0.80,0.45,0.50,0.68,0.33,0.46,0.88,0.72,0.40,0.53,0.47,0.35,0.45,0.44,0.45,1.26,0.40,0.43,0.47,0.60,0.52,0.66,0.45,0.57,0.55,0.47,0.53,0.10,0.50,0.40,0.43,0.50,0.74,1.05,0.97,0.83,0.72,1.04,0.72,0.73,0.74,0.95,0.48,0.42,0.53,0.52,0.47,0.47,0.71,0.60,0.68,1.00,0.58,0.50,0.45,0.47,0.67,0.42,0.30,0.43,0.38,0.49,0.50,0.40,0.68,0.86,0.47,0.43,0.65,0.30,0.48,0.50,0.70,0.90,0.90,0.58,0.70,1.00,0.60,0.68,0.42,0.70,,,,,,,,,,,,,,,,,,,,,,,,,,,,,,0.40,0.70,0.33,0.74,0.60,1.20,0.50,0.80,1.13,0.72,1.03,0.60,1.05,1.02,0.80,0.20,0.70,2.10,0.90,0.63,0.55,0.45,0.90,0.65,0.60,0.40,0.50,0.50,0.73,0.53,0.53,0.42,0.63,0.63,0.65,0.50,0.40,0.30,0.34,0.53,0.83,0.30,0.35,0.22,0.28,0.38,0.33,0.50,0.63,0.33,0.57,0.47,0.43,0.37,0.40,0.60,0.53,0.45,0.27,0.50,0.55,0.44,0.60,0.33,0.94,0.80,0.73,0.60,0.68,0.60,0.67,0.40,0.38,0.70,0.48,0.27,0.44,0.40,0.37,0.20,0.60,0.47,0.72,0.60,0.50,0.40,0.30,0.13,0.45,0.25,0.43,0.43,0.78,0.47,0.40,0.57,0.43,0.55,0.45,0.50,0.60,0.40,0.47,0.55,0.50,0.50,0.35,0.65,0.65,0.45,0.70,,0.80,0.60,0.53,0.50,0.35,0.55,0.35,0.50,,0.55,0.60,0.60,0.60,0.40,0.80,0.75,0.30,0.35,0.55,0.65,0.60,0.50,0.40,0.20,0.30,0.35,0.50,,0.30,0.35,0.57,0.70,0.40,0.40,0.85,0.55,1.00,0.90,0.55,,0.35,,0.85,,0.35,0.70,0.50,0.30,0.70,0.40,0.30,0.40,0.43,0.55,0.53,1.00,0.50,1.35,0.50,1.05,0.30,0.70,3.00,0.60,0.30,0.10,0.45,1.50,,0.35,0.10,0.45,0.75,0.57
20251024,1,CO_24h,0.60,0.80,0.62,0.76,0.33,0.58,0.51,0.64,0.57,0.58,0.75,0.50,0.53,1.09,0.52,0.61,0.48,0.53,0.62,0.46,0.42,0.62,0.41,0.66,0.47,0.36,0.55,0.51,0.42,0.38,0.60,0.48,0.67,0.41,0.41,0.32,0.44,0.40,0.65,0.40,0.50,0.37,0.33,0.30,0.40,0.35,0.36,0.46,0.59,0.31,0.62,0.30,0.40,0.43,0.59,0.42,0.53,0.45,0.48,0.48,0.51,0.42,0.43,0.30,0.41,0.52,0.29,0.50,0.28,0.63,0.55,0.53,0.88,0.85,0.50,0.63,1.04,0.64,0.84,0.47,0.33,0.67,0.35,0.46,0.72,0.63,0.52,0.48,0.43,0.25,0.52,0.36,0.57,0.96,0.32,0.47,0.47,0.59,0.55,0.62,0.47,0.53,0.60,0.47,0.53,0.10,0.50,0.40,0.40,0.60,0.86,1.03,0.90,0.97,0.70,1.08,0.65,0.67,0.88,0.80,0.52,0.42,0.52,0.55,0.43,0.45,0.69,0.60,0.73,0.63,0.56,0.53,0.43,0.43,0.63,0.38,0.20,0.37,0.35,0.44,0.57,0.46,0.72,0.86,0.50,0.43,0.70,0.40,0.46,0.50,0.60,0.85,0.80,0.58,0.60,0.80,0.73,0.64,0.48,0.73,,,,,,,,,,,,,,,,,,,,,,,,,,,,,,0.40,0.60,0.30,0.62,0.63,1.10,0.58,0.90,0.80,0.70,0.80,0.60,0.60,0.72,0.90,0.25,0.70,1.16,0.75,0.60,0.60,0.38,0.75,0.80,0.60,0.50,0.50,0.57,0.65,0.53,0.57,0.52,0.58,0.60,0.50,0.40,0.35,0.35,0.28,0.53,0.78,0.30,0.35,0.22,0.34,0.35,0.33,0.50,0.65,0.25,0.55,0.43,0.50,0.37,0.45,0.60,0.52,0.40,0.33,0.54,0.47,0.32,0.55,0.33,0.88,0.80,0.73,0.60,0.58,0.58,0.58,0.47,0.38,0.63,0.48,0.37,0.38,0.40,0.33,0.30,0.67,0.43,0.68,0.55,0.60,0.47,0.33,0.18,0.47,0.25,0.43,0.40,0.55,0.47,0.37,0.50,0.40,0.55,0.45,0.50,0.60,0.47,0.47,0.60,0.60,0.53,0.35,0.75,0.65,0.47,0.60,,0.80,0.63,0.60,0.47,0.35,0.60,0.45,0.45,,0.55,0.55,0.60,0.60,0.45,0.80,0.75,0.23,0.45,0.65,0.80,0.60,0.45,0.45,0.30,0.30,0.30,0.60,,0.30,0.30,0.57,0.67,0.40,0.55,0.65,0.95,0.80,0.85,0.70,,0.45,,0.85,,0.25,0.90,0.60,0.40,0.60,0.30,0.50,0.50,0.80,0.65,0.57,0.95,0.55,0.80,0.50,0.80,0.30,0.80,0.85,1.25,0.70,0.30,0.60,1.00,,0.40,0.20,0.60,0.55,0.47
20251024,2,AQI,70,86,99,54,44,95,108,37,55,100,89,83,93,80,53,57,39,66,76,29,28,51,27,41,90,32,45,46,33,31,53,31,61,34,28,32,33,51,48,28,27,36,33,37,36,26,27,43,63,37,93,28,42,31,28,33,29,31,31,24,25,24,30,27,26,13,27,42,28,66,34,24,61,153,54,40,78,44,57,34,42,55,26,33,80,86,29,56,50,25,49,80,53,30,33,30,30,23,21,26,23,24,29,25,29,19,28,34,27,94,52,104,94,101,57,83,71,65,58,76,45,44,34,40,37,36,94,106,98,110,106,118,37,61,36,54,43,39,30,32,21,8,31,38,33,28,12,19,27,25,68,58,41,43,93,84,62,71,61,103,,,,,,,,,,,,,,,,,,,,,,,,,,,,,,69,103,24,104,59,88,73,40,101,70,75,26,90,60,41,20,34,54,69,78,34,58,85,55,67,60,54,32,58,36,56,20,60,53,44,35,44,53,58,70,49,34,25,36,58,71,53,81,47,40,26,27,23,21,23,21,37,37,37,46,41,35,42,32,105,103,94,143,121,89,114,96,38,60,90,34,81,43,27,49,53,19,40,54,43,47,50,40,45,35,37,24,27,34,24,47,42,23,31,17,10,12,24,12,18,27,23,8,13,17,21,,15,23,65,83,34,49,26,35,,34,20,17,26,27,36,31,44,30,27,16,32,30,22,25,29,28,22,,20,21,20,38,44,47,46,18,118,101,31,,19,,21,,19,43,23,31,28,27,24,24,22,38,7,93,80,135,77,108,134,127,157,58,50,29,80,191,,35,46,23,103,89
20251024,2,PM2.5,51,64,74,25,25,71,81,26,37,75,66,61,69,59,37,39,24,48,52,12,12,26,13,19,67,16,18,20,17,17,27,12,42,17,9,19,15,27,23,9,7,18,17,19,16,8,19,25,43,20,69,17,28,18,16,19,18,18,16,15,16,17,21,15,15,6,17,24,5,48,17,17,44,117,38,23,57,21,39,24,27,29,13,20,59,64,14,38,28,10,24,59,37,15,15,11,20,16,12,13,16,17,16,16,17,11,15,19,19,70,35,78,66,76,38,61,52,47,36,56,19,28,21,22,17,20,70,80,73,83,80,89,25,44,20,32,30,27,17,20,3,3,19,25,20,18,4,9,14,16,49,41,29,30,69,62,37,52,24,47,,,,,,,,,,,,,,,,,,,,,,,,,,,,,,50,77,15,78,41,65,53,28,76,51,55,13,67,43,29,3,24,20,50,57,24,36,62,39,44,29,38,20,40,12,22,14,40,37,21,22,26,29,30,51,27,19,5,21,36,52,25,60,26,20,9,18,13,13,14,12,24,26,18,25,21,18,20,15,79,77,70,109,92,66,86,72,11,43,67,12,60,30,12,34,33,10,27,38,30,29,33,25,29,24,24,16,19,19,16,23,29,16,21,12,3,5,17,8,3,19,9,3,8,9,15,,3,16,47,61,24,34,18,23,,23,12,3,12,19,25,22,31,21,19,11,19,21,10,5,3,5,9,,3,3,14,25,31,31,25,10,89,76,22,,13,,12,,12,30,16,13,9,13,3,7,15,24,4,40,39,103,45,58,80,73,113,28,35,3,43,144,,19,29,16,77,66
20251024,2,PM2.5_24h,46,53,66,32,21,63,63,41,28,59,54,52,58,62,27,35,18,33,32,11,9,15,10,16,37,13,12,13,14,13,20,13,24,15,13,18,16,16,14,13,6,14,17,14,14,10,14,22,29,16,60,16,25,16,16,15,13,16,17,13,16,10,13,12,13,8,16,14,7,46,14,15,41,83,27,23,40,26,33,22,19,26,12,23,46,42,21,32,22,8,20,47,29,16,7,13,19,15,14,14,14,16,25,12,12,10,19,11,8,75,32,57,55,64,29,49,42,36,31,52,21,32,19,16,12,18,67,63,75,64,63,66,25,37,26,29,28,22,18,17,3,4,17,22,15,19,7,17,13,13,55,48,35,41,60,55,42,39,25,43,,,,,,,,,,,,,,,,,,,,,,,,,,,,,,32,56,15,54,44,59,46,43,36,30,44,13,38,28,34,10,34,20,46,36,25,30,59,37,38,32,38,22,34,16,24,16,24,38,16,27,18,25,24,35,27,18,14,17,34,35,21,54,22,14,10,16,19,11,14,15,21,19,18,22,21,17,23,16,64,59,75,87,69,50,56,53,16,42,47,18,46,23,17,26,26,10,23,23,27,25,25,25,24,20,15,12,17,15,12,14,18,12,19,9,6,6,15,11,5,14,6,4,8,14,15,,6,16,18,39,22,21,26,26,,20,14,9,13,15,24,16,26,15,17,13,18,17,14,8,5,4,24,,4,6,17,24,27,30,19,15,72,61,25,,28,,11,,15,17,13,13,12,17,6,15,40,33,8,41,32,75,40,53,83,84,67,51,16,6,62,102,,17,19,13,58,60
20251024,2,PM10,78,110,107,58,44,89,98,36,59,98,89,71,81,79,54,63,39,69,101,29,28,52,27,41,107,32,45,46,33,31,55,31,72,34,28,32,33,51,48,28,26,36,33,37,36,16,18,43,76,37,96,28,42,31,28,33,29,31,31,24,25,23,28,27,26,11,27,42,11,78,34,22,63,209,49,40,88,44,64,34,42,60,22,33,93,103,29,62,50,25,49,92,56,30,33,30,30,23,21,26,23,21,29,25,29,19,28,34,25,102,54,103,137,111,64,103,75,69,66,80,45,44,34,40,37,36,113,96,103,104,141,102,37,58,36,58,36,37,30,32,10,6,31,38,33,28,12,19,27,25,79,55,34,30,88,105,74,73,72,155,,,,,,,,,,,,,,,,,,,,,,,,,,,,,,80,110,24,128,68,80,94,28,110,79,88,26,103,55,35,20,32,58,88,64,34,65,119,60,84,70,50,32,65,36,62,20,70,55,44,35,44,55,66,82,49,34,25,36,65,86,55,102,47,40,20,27,23,20,19,19,37,37,37,46,41,35,42,32,107,109,96,164,168,112,102,139,38,55,120,34,93,36,23,36,56,19,40,37,30,47,50,40,45,35,37,24,26,34,24,47,42,19,31,16,10,12,22,10,18,26,23,6,13,17,,,6,22,66,64,,42,18,35,,34,20,17,26,27,18,29,37,24,25,16,32,24,15,11,6,10,18,,9,7,17,38,44,47,46,18,116,136,31,,16,,21,,18,,16,31,28,27,6,15,22,38,6,135,110,203,104,166,218,204,264,66,44,20,110,275,,35,46,17,116,69
20251024,2,PM10_24h,64,88,86,57,43,68,79,56,56,83,73,62,69,85,40,57,34,51,59,29,26,34,25,37,66,28,35,32,30,28,40,30,44,32,30,35,33,31,32,33,24,29,34,34,32,25,18,38,59,35,92,27,43,26,27,26,25,30,29,21,26,16,20,22,21,11,25,23,13,72,25,23,62,166,39,40,58,44,60,33,31,62,23,43,79,81,42,56,46,20,47,77,49,32,25,33,27,29,19,25,21,21,28,21,20,21,28,23,14,116,43,67,98,92,51,87,61,59,55,71,48,53,36,34,31,30,105,81,108,94,114,77,37,47,40,50,34,30,28,27,8,6,26,34,41,30,10,27,21,21,81,59,43,38,80,98,92,64,83,163,,,,,,,,,,,,,,,,,,,,,,,,,,,,,,57,82,25,105,64,84,83,52,84,56,74,22,62,38,55,36,48,43,83,50,52,53,105,58,78,53,54,36,59,32,52,25,49,71,36,48,30,50,51,60,49,31,29,31,57,63,40,84,41,32,25,27,25,16,21,25,38,36,37,41,43,35,47,35,98,92,109,135,120,89,76,92,37,59,84,33,72,37,27,40,44,16,39,35,31,39,36,39,37,31,31,26,27,28,17,31,26,15,27,19,11,21,21,14,17,22,23,6,13,20,20,,5,22,28,41,26,26,32,34,,28,24,23,25,28,21,23,26,18,26,21,28,26,23,17,14,17,47,,8,13,23,39,36,48,29,25,88,119,39,,33,,30,,14,26,16,28,26,30,16,33,61,54,11,126,91,163,89,176,217,242,189,115,53,31,137,201,,29,39,21,88,60
20251024,2,SO2,3,10,2,5,6,5,4,5,2,4,4,6,4,7,6,8,8,7,11,6,5,8,4,8,9,5,8,11,5,11,9,9,8,8,6,4,7,9,8,6,4,2,5,5,6,5,2,8,8,5,10,8,7,7,8,6,7,8,6,6,8,6,9,7,6,4,4,4,5,2,6,14,8,10,5,9,12,6,11,9,5,31,4,8,14,11,3,8,8,6,7,6,4,13,5,5,9,8,12,17,6,6,7,7,6,2,6,7,3,8,5,29,6,10,13,13,8,6,14,8,5,5,10,7,6,4,10,6,9,10,7,11,6,10,8,7,7,6,10,7,5,7,6,21,8,5,2,5,4,5,3,3,4,5,4,4,9,6,5,11,,,,,,,,,,,,,,,,,,,,,,,,,,,,,,7,6,6,5,4,8,9,11,7,11,9,5,12,12,6,4,10,12,8,5,5,8,6,12,12,19,5,5,11,11,14,4,6,9,6,6,4,6,9,8,8,8,4,6,7,8,3,8,9,7,5,4,6,8,6,5,11,17,18,5,11,6,13,11,8,7,10,9,8,11,5,6,7,7,9,7,4,8,3,5,5,6,7,5,11,5,4,7,8,8,8,5,6,3,3,12,4,8,9,1,3,6,4,6,5,6,10,5,10,3,5,,6,9,2,22,3,9,3,6,,3,7,2,11,5,4,14,7,20,7,6,7,5,7,3,4,9,6,,7,4,5,9,5,4,19,7,5,10,9,,2,,6,,4,19,4,10,9,14,2,16,5,6,4,5,6,9,5,6,11,6,5,6,4,3,6,11,,10,9,2,9,6
20251024,2,SO2_24h,4,10,3,7,8,10,5,6,3,4,5,8,5,9,6,9,9,8,9,6,5,6,4,8,9,4,8,9,5,9,9,8,9,8,6,4,7,8,7,6,4,3,5,4,6,5,2,8,8,6,11,7,6,6,8,6,7,7,6,5,8,6,5,6,7,4,4,3,6,2,5,10,10,10,5,9,14,7,11,8,6,20,3,8,16,12,6,9,8,6,7,7,5,13,4,6,7,7,9,11,6,6,6,5,5,2,5,7,3,13,7,15,7,9,21,18,9,7,17,11,6,8,8,6,6,4,9,8,12,9,8,12,7,9,9,6,8,6,7,7,4,7,7,13,8,6,2,5,4,4,4,4,5,5,6,5,15,12,6,8,,,,,,,,,,,,,,,,,,,,,,,,,,,,,,7,6,5,6,4,12,9,8,6,15,7,5,11,18,6,6,10,10,9,8,7,8,6,18,13,10,6,7,10,10,8,4,10,7,10,6,4,7,8,9,9,8,5,7,8,7,3,11,10,6,6,2,4,7,5,5,9,13,11,6,11,6,7,6,9,9,11,9,8,12,8,7,7,7,10,8,4,9,4,6,5,6,7,5,7,5,4,8,6,8,8,8,5,3,4,13,4,7,8,2,3,6,5,6,5,6,9,5,9,3,5,,6,9,4,16,3,10,14,4,,4,6,2,11,5,5,11,5,8,7,6,11,6,7,3,4,9,9,,8,4,5,5,5,6,19,8,7,8,10,,2,,6,,4,13,7,10,14,11,4,18,8,8,4,6,10,12,9,5,8,7,9,7,4,3,11,13,,10,8,2,9,8
20251024,2,NO2,40,63,39,34,53,50,48,17,29,44,64,57,41,44,55,50,18,55,63,20,17,31,14,25,36,17,37,32,23,20,43,19,25,25,16,18,24,28,28,12,7,36,24,24,26,7,9,19,53,23,36,20,21,16,9,15,19,17,20,12,9,12,26,9,14,12,7,33,8,34,31,21,58,67,24,24,60,42,32,12,29,57,9,21,70,55,29,40,15,11,47,42,18,15,12,23,9,12,16,15,9,7,8,12,12,1,15,9,12,37,29,25,43,35,47,55,44,44,41,44,24,33,19,30,19,21,40,42,37,29,35,28,17,20,19,11,9,8,10,10,6,16,12,14,13,9,12,8,6,13,25,21,28,25,41,23,20,32,16,20,,,,,,,,,,,,,,,,,,,,,,,,,,,,,,19,33,10,25,29,39,15,20,51,37,57,23,61,55,26,24,8,41,51,52,45,44,40,37,23,53,55,20,31,16,19,10,47,23,27,23,16,38,39,44,32,14,8,14,41,37,30,27,50,25,7,8,12,6,10,11,13,13,20,8,17,12,8,26,37,36,48,40,33,18,41,22,13,18,29,13,17,19,9,29,20,6,16,12,16,12,6,9,12,10,4,8,14,7,7,25,10,6,7,7,12,4,10,10,7,8,24,12,15,8,4,,6,7,8,11,7,8,5,9,,6,6,6,11,11,5,26,7,11,5,8,12,13,5,3,1,5,19,,16,2,10,41,10,20,42,10,32,28,23,,9,,9,,5,14,12,1,6,3,7,1,29,29,12,44,66,85,23,49,26,47,62,23,15,4,34,91,,21,20,8,53,30
20251024,2,NO2_24h,31,54,34,29,36,41,43,31,31,42,47,48,32,43,30,39,19,41,42,18,17,24,13,25,35,15,26,22,21,16,30,18,28,22,15,18,23,23,22,12,8,21,18,16,22,11,11,16,40,20,47,18,17,17,12,19,19,21,22,13,10,15,13,8,14,17,9,17,13,31,17,23,35,49,15,20,40,34,30,17,25,44,9,25,52,43,31,36,19,10,37,40,21,18,11,24,10,15,14,13,9,7,8,13,13,2,14,17,7,40,28,25,32,35,42,41,31,34,34,37,24,30,24,25,22,20,39,44,45,30,32,26,20,20,20,10,9,8,9,9,6,10,15,15,13,15,12,11,6,13,29,25,25,26,30,23,30,32,24,31,,,,,,,,,,,,,,,,,,,,,,,,,,,,,,20,28,11,24,26,36,19,31,41,27,48,18,26,31,28,31,13,30,38,34,35,36,33,29,25,36,43,25,26,13,25,14,34,29,24,27,14,26,26,32,29,12,7,14,30,29,22,23,31,18,9,11,12,6,12,6,17,12,15,10,15,10,7,14,43,39,50,39,24,19,31,22,13,19,25,16,16,17,12,22,20,8,15,12,17,18,8,9,11,12,3,7,12,7,7,20,9,6,7,7,12,10,13,14,13,11,22,16,21,10,14,,10,7,9,8,10,11,8,9,,5,7,7,11,9,6,13,5,10,9,9,14,12,9,7,5,7,23,,10,3,11,31,10,21,26,13,30,34,21,,12,,8,,9,13,11,5,12,3,17,8,28,23,12,36,40,47,25,38,21,49,35,36,18,12,34,59,,15,15,8,48,28
20251024,2,O3,8,4,4,19,7,11,2,20,12,1,9,1,11,9,3,19,61,10,6,74,64,60,72,54,38,60,47,50,64,49,30,47,54,53,72,69,61,66,53,72,87,42,58,35,64,84,78,76,10,46,35,73,76,77,63,60,60,64,61,74,67,60,20,60,36,40,50,14,88,16,6,36,4,33,59,80,2,24,35,71,36,9,83,64,10,11,25,6,62,76,24,19,52,76,65,46,56,42,43,40,62,62,73,58,67,55,42,63,18,28,6,57,2,14,4,7,15,12,13,8,41,13,42,58,72,76,35,12,23,45,33,70,38,70,70,85,52,88,59,59,67,16,36,48,30,30,33,24,51,43,23,37,2,23,10,29,61,23,52,83,,,,,,,,,,,,,,,,,,,,,,,,,,,,,,80,32,54,52,5,17,93,28,14,19,11,30,12,5,10,18,70,16,3,7,7,10,5,23,34,14,10,21,24,46,31,18,5,26,15,47,16,35,33,31,41,72,28,51,38,37,51,41,21,48,83,64,54,68,72,67,89,82,67,95,89,58,70,61,17,30,8,22,26,89,24,73,71,30,51,77,91,72,87,10,70,8,93,98,82,64,100,90,101,78,60,53,49,68,51,20,68,63,57,26,31,27,27,38,46,32,7,26,6,31,42,,48,56,50,32,101,29,54,65,,57,45,30,65,32,29,19,44,33,22,47,15,18,69,80,94,90,69,,65,67,36,17,82,60,13,50,20,39,19,,48,,17,,60,43,49,35,45,55,76,76,5,2,21,34,5,4,27,17,60,39,20,48,31,92,36,3,,30,73,38,4,23
20251024,2,O3_24h,,,,,,,,,,,,,,,,,,,,,,,,,,,,,,,,,,,,,,,,,,,,,,,,,,,,,,,,,,,,,,,,,,,,,,,,,,,,,,,,,,,,,,,,,,,,,,,,,,,,,,,,,,,,,,,,,,,,,,,,,,,,,,,,,,,,,,,,,,,,,,,,,,,,,,,,,,,,,,,,,,,,,,,,,,,,,,,,,,,,,,,,,,,,,,,,,,,,,,,,,,,,,,,,,,,,,,,,,,,,,,,,,,,,,,,,,,,,,,,,,,,,,,,,,,,,,,,,,,,,,,,,,,,,,,,,,,,,,,,,,,,,,,,,,,,,,,,,,,,,,,,,,,,,,,,,,,,,,,,,,,,,,,,,,,,,,,,,,,,,,,,,,,,,,,,,,,,,,,,,,,,,,,,,,,,,,,,
20251024,2,O3_8h,45,,,,,,,,,,,,,,40,,,,,,,,,,,,,,,,,,,,,,80,,,,,,,,,,,,,,,,,,,,,,,,,,,,,,44,,,,,,,,,,,,,,,,,,,,,,,,,,,,,,,,,,,,,,,,,,,,,,,,,,,,,,,,,,,,,,,,,,,,,,,,,,,,,,,,,,,,,,,,,,,,,,,,,,,,,,,,,,,,,,,,,,,,,,,,,,,,,,,,,,,,,,,,,,,,,,,,,,,,,,,,,,,,,,,,,,,,,,,,,,,,,,,,,,,,,,,,,,,,49,,,,,,,,,,,,,,,,,,,,,,,,,,,,,,,,,,,,,,,,,,,,,,,,,,,,,,,,,,,,,,,,,,,,,,,,,,,,,,,,,,,,,,,,,,,,,,,,,,,,,,,,,,,,,,,,,,,,,,,,
20251024,2,O3_8h_24h,,,,,,,,,,,,,,,,,,,,,,,,,,,,,,,,,,,,,,,,,,,,,,,,,,,,,,,,,,,,,,,,,,,,,,,,,,,,,,,,,,,,,,,,,,,,,,,,,,,,,,,,,,,,,,,,,,,,,,,,,,,,,,,,,,,,,,,,,,,,,,,,,,,,,,,,,,,,,,,,,,,,,,,,,,,,,,,,,,,,,,,,,,,,,,,,,,,,,,,,,,,,,,,,,,,,,,,,,,,,,,,,,,,,,,,,,,,,,,,,,,,,,,,,,,,,,,,,,,,,,,,,,,,,,,,,,,,,,,,,,,,,,,,,,,,,,,,,,,,,,,,,,,,,,,,,,,,,,,,,,,,,,,,,,,,,,,,,,,,,,,,,,,,,,,,,,,,,,,,,,,,,,,,,,,,,,,,
20251024,2,CO,0.71,0.97,0.69,0.64,0.30,0.60,0.56,0.50,0.63,0.80,0.68,0.55,0.53,0.94,0.60,0.61,0.46,0.64,1.00,0.48,0.41,0.97,0.43,0.74,0.57,0.36,0.71,0.63,0.40,0.43,0.68,0.46,0.63,0.51,0.41,0.32,0.43,0.65,0.78,0.38,0.55,0.43,0.37,0.37,0.37,0.35,0.42,0.49,0.73,0.33,0.63,0.45,0.40,0.41,0.55,0.37,0.50,0.43,0.37,0.45,0.49,0.38,0.54,0.30,0.39,0.42,0.30,0.59,0.23,0.65,0.65,0.47,0.80,1.02,0.50,0.70,1.55,0.52,0.98,0.45,0.43,0.68,0.38,0.43,0.86,0.88,0.42,0.50,0.45,0.33,0.50,0.42,0.43,1.08,0.42,0.42,0.47,0.50,0.50,0.63,0.45,0.53,0.50,0.43,0.53,0.10,0.48,0.40,0.43,0.45,0.81,0.88,1.00,0.87,0.64,0.94,0.68,0.72,0.80,0.87,0.48,0.42,0.50,0.58,0.50,0.45,0.70,0.68,0.70,1.07,0.54,0.50,0.40,0.50,0.67,0.40,0.30,0.40,0.38,0.54,0.50,0.42,0.60,0.92,0.47,0.45,0.65,0.30,0.50,0.50,0.75,0.90,0.90,0.58,0.70,0.90,0.53,0.60,0.36,0.73,,,,,,,,,,,,,,,,,,,,,,,,,,,,,,0.40,0.70,0.33,0.72,0.63,1.10,0.52,0.80,1.10,0.70,1.03,0.60,1.00,0.93,0.70,0.20,0.65,1.68,0.98,0.73,0.63,0.45,0.95,0.75,0.60,0.45,0.45,0.47,0.70,0.67,0.70,0.40,0.60,0.63,0.60,0.45,0.35,0.37,0.36,0.53,0.65,0.30,0.35,0.25,0.28,0.38,0.35,0.50,0.65,0.40,0.53,0.43,0.47,0.40,0.35,0.63,0.53,0.38,0.42,0.54,0.57,0.44,0.57,0.33,1.00,0.84,0.73,0.60,0.66,0.63,0.73,0.40,0.42,0.65,0.48,0.27,0.44,0.40,0.37,0.20,0.67,0.47,0.72,0.60,0.60,0.33,0.30,0.13,0.50,0.25,0.40,0.37,0.53,0.47,0.40,0.53,0.47,0.60,0.40,0.50,0.57,0.37,0.42,0.55,0.50,0.50,0.33,0.65,0.65,0.45,0.60,,0.80,0.60,0.53,0.47,0.35,0.55,0.40,0.50,,0.55,0.60,0.60,0.60,0.40,0.80,0.70,0.33,0.40,0.55,0.65,0.60,0.50,0.35,0.25,0.30,0.30,0.80,,0.30,0.35,0.57,0.63,0.40,0.40,0.90,0.50,0.80,0.75,0.55,,0.35,,0.80,,0.35,0.70,0.20,0.40,0.70,0.40,0.30,0.40,0.47,0.55,0.53,0.95,0.55,1.10,0.45,0.85,0.30,0.70,2.05,0.55,0.70,0.10,0.40,1.60,,0.35,,0.45,0.75,0.57
20251024,2,CO_24h,0.60,0.82,0.63,0.76,0.33,0.58,0.51,0.64,0.57,0.58,0.72,0.50,0.53,1.07,0.54,0.61,0.48,0.51,0.63,0.46,0.44,0.63,0.41,0.66,0.45,0.34,0.55,0.51,0.42,0.38,0.60,0.48,0.67,0.42,0.41,0.32,0.44,0.43,0.65,0.40,0.50,0.37,0.33,0.30,0.40,0.33,0.38,0.46,0.59,0.31,0.62,0.30,0.40,0.42,0.59,0.42,0.53,0.45,0.47,0.48,0.51,0.42,0.43,0.30,0.41,0.51,0.27,0.50,0.28,0.65,0.55,0.53,0.86,0.86,0.50,0.63,1.09,0.62,0.84,0.45,0.33,0.67,0.35,0.44,0.72,0.63,0.52,0.48,0.43,0.25,0.52,0.36,0.57,0.94,0.32,0.47,0.47,0.59,0.53,0.62,0.47,0.57,0.60,0.47,0.53,0.10,0.50,0.40,0.40,0.60,0.86,1.03,0.90,0.97,0.70,1.10,0.65,0.67,0.86,0.80,0.50,0.44,0.52,0.55,0.43,0.45,0.67,0.60,0.73,0.63,0.56,0.53,0.43,0.47,0.65,0.38,0.20,0.33,0.38,0.44,0.53,0.46,0.72,0.84,0.50,0.43,0.70,0.40,0.46,0.50,0.60,0.85,0.80,0.58,0.60,0.80,0.73,0.64,0.46,0.73,,,,,,,,,,,,,,,,,,,,,,,,,,,,,,0.40,0.60,0.30,0.62,0.63,1.10,0.58,0.90,0.80,0.70,0.83,0.60,0.60,0.72,0.90,0.25,0.70,1.16,0.75,0.60,0.60,0.38,0.75,0.80,0.60,0.50,0.50,0.57,0.65,0.53,0.53,0.52,0.58,0.60,0.55,0.40,0.35,0.35,0.28,0.53,0.78,0.30,0.35,0.22,0.34,0.35,0.33,0.50,0.63,0.28,0.55,0.43,0.53,0.37,0.45,0.60,0.52,0.40,0.33,0.54,0.47,0.32,0.55,0.33,0.94,0.80,0.73,0.60,0.58,0.58,0.60,0.47,0.38,0.63,0.48,0.37,0.34,0.40,0.33,0.30,0.63,0.43,0.70,0.55,0.60,0.47,0.33,0.18,0.47,0.25,0.43,0.40,0.55,0.47,0.37,0.50,0.40,0.55,0.45,0.50,0.60,0.47,0.47,0.60,0.60,0.53,0.35,0.75,0.65,0.47,0.60,,0.80,0.63,0.60,0.47,0.35,0.60,0.45,0.45,,0.55,0.55,0.60,0.60,0.45,0.80,0.75,0.23,0.45,0.60,0.80,0.60,0.45,0.45,0.25,0.30,0.30,0.60,,0.30,0.30,0.57,0.67,0.40,0.55,0.65,0.95,0.80,0.85,0.70,,0.45,,0.85,,0.25,0.90,0.60,0.40,0.60,0.30,0.50,0.50,0.77,0.65,0.53,0.95,0.55,0.85,0.50,0.80,0.30,0.80,0.90,1.20,0.70,0.30,0.60,1.00,,0.35,0.10,0.60,0.58,0.47
20251024,3,AQI,68,89,103,55,42,100,109,35,46,96,83,83,89,83,54,58,39,66,67,29,28,52,30,37,73,28,42,48,34,30,53,29,61,35,31,31,39,51,51,26,27,33,36,36,33,27,27,42,60,35,94,30,46,32,26,32,30,28,28,24,25,25,31,26,25,13,23,42,27,66,33,31,56,153,54,41,75,40,55,37,38,53,26,30,81,95,27,53,43,24,44,73,53,31,38,29,29,25,22,28,24,23,24,25,27,17,27,36,23,89,53,106,92,108,56,80,66,65,52,71,42,45,35,43,37,38,99,109,99,108,111,114,36,65,32,53,43,40,29,32,21,8,31,37,36,25,11,22,27,28,68,59,41,43,100,84,62,63,58,98,,,,,,,,,,,,,,,,,,,,,,,,,,,,,,68,106,24,103,59,88,76,41,104,64,73,24,98,51,34,15,36,51,66,63,32,57,83,55,64,54,46,29,55,33,54,21,55,57,36,31,44,58,56,68,47,34,23,33,61,69,50,83,43,39,27,25,22,21,21,23,45,36,37,45,32,34,36,35,111,104,96,134,124,91,114,104,35,54,93,32,86,44,25,44,55,17,41,47,50,39,49,41,46,36,49,29,29,33,24,35,39,26,33,17,11,11,24,12,14,24,19,11,13,19,24,,13,21,76,78,36,50,20,32,,31,20,20,24,27,36,34,47,24,25,17,28,24,20,23,30,26,33,,19,23,26,39,43,51,37,16,114,91,31,,17,,24,,21,44,27,28,25,34,21,23,26,38,7,86,77,133,102,110,133,127,144,55,30,28,81,190,,31,48,23,105,89
20251024,3,PM2.5,49,66,77,29,18,75,82,21,25,72,61,61,66,61,38,41,24,48,46,12,10,27,13,17,53,15,20,20,17,16,31,12,42,18,12,18,19,27,26,8,7,16,19,20,15,7,19,25,40,21,70,16,32,19,15,17,18,17,16,15,15,17,22,15,15,7,15,23,5,48,19,20,40,117,38,24,55,20,35,26,24,32,11,17,60,71,12,37,23,8,22,53,37,18,18,12,19,16,12,14,17,16,17,17,16,11,16,20,16,66,35,80,65,81,37,59,48,47,34,52,17,27,20,22,19,20,74,82,74,81,84,86,25,47,17,29,30,26,18,21,3,3,20,26,19,16,4,9,14,19,49,42,29,30,75,62,37,45,24,39,,,,,,,,,,,,,,,,,,,,,,,,,,,,,,49,80,15,77,38,65,56,29,78,46,53,10,73,36,24,5,25,18,46,45,22,38,61,33,42,26,32,17,37,12,20,15,34,35,17,20,29,37,32,49,30,19,9,18,40,50,26,61,25,19,8,17,12,14,14,13,21,23,21,27,15,19,18,14,84,78,72,102,94,68,86,78,11,38,69,11,64,28,16,31,37,11,27,33,35,25,32,23,28,25,24,16,18,20,17,19,27,18,23,12,5,4,14,6,3,17,5,3,7,10,17,,5,15,56,57,25,35,13,22,,22,14,3,11,16,25,24,33,17,16,12,19,17,12,3,3,3,9,,3,3,17,27,30,33,24,10,86,68,22,,12,,10,,15,31,19,14,9,11,3,13,15,23,4,35,40,101,43,58,76,80,87,25,20,3,37,143,,17,27,16,79,66
20251024,3,PM2.5_24h,47,54,68,32,21,64,64,40,28,60,55,52,59,62,28,35,19,32,32,11,9,16,10,16,36,13,13,14,14,13,20,13,24,15,12,19,16,17,14,13,6,15,17,14,14,10,15,22,30,16,61,16,25,17,16,16,14,17,17,14,16,10,14,13,13,7,16,15,7,46,14,15,41,86,28,23,42,26,32,23,18,25,12,23,46,44,20,33,21,9,20,47,29,16,8,13,19,15,14,14,15,16,24,13,12,10,18,12,9,75,32,59,55,65,29,50,42,36,31,52,21,32,19,16,12,18,68,64,75,65,64,67,25,38,26,29,29,22,19,18,3,4,17,22,15,19,7,16,13,13,54,48,35,40,61,55,43,39,25,44,,,,,,,,,,,,,,,,,,,,,,,,,,,,,,32,57,15,55,44,60,46,43,38,31,44,12,41,29,33,10,34,21,45,37,25,30,58,37,38,31,37,22,33,16,24,16,25,38,17,27,19,25,25,35,28,18,13,17,34,35,21,54,22,14,10,16,19,12,14,15,21,20,18,22,20,17,23,16,66,60,73,87,71,51,57,54,16,42,48,18,46,23,17,26,27,10,23,23,28,25,25,24,24,20,16,13,17,15,13,15,18,12,20,9,6,6,15,10,4,14,6,3,9,14,15,,6,16,20,41,23,22,25,26,,21,14,9,13,15,24,17,26,15,16,13,18,17,14,8,5,4,24,,4,6,17,24,27,30,19,15,72,61,25,,27,,11,,15,17,13,13,11,17,5,15,40,32,8,41,32,76,40,53,82,82,66,48,17,6,60,103,,17,20,14,60,60
20251024,3,PM10,75,112,102,59,42,88,103,35,46,101,89,79,80,82,53,63,39,69,84,29,28,54,30,37,78,28,42,48,34,30,55,29,72,35,31,31,39,51,52,26,26,33,36,36,33,17,17,42,70,35,91,30,46,32,26,32,30,28,28,24,25,25,27,26,25,11,23,42,9,72,33,31,59,200,49,41,88,40,59,36,38,56,17,30,95,112,27,56,43,18,44,79,52,31,38,29,29,25,22,28,23,23,22,25,27,15,27,36,22,98,55,95,134,115,62,98,66,69,53,73,42,45,35,43,37,38,109,104,99,101,143,99,33,57,32,56,36,40,29,32,6,7,31,35,36,25,11,22,27,28,78,52,35,26,85,97,74,56,65,146,,,,,,,,,,,,,,,,,,,,,,,,,,,,,,77,116,24,126,67,84,98,32,115,78,71,24,120,47,34,15,33,52,81,55,32,63,115,59,78,58,41,29,59,33,57,18,59,63,36,31,44,65,62,72,47,34,23,33,71,85,50,101,43,39,16,25,22,21,21,23,45,36,37,45,32,34,36,35,106,110,102,163,153,120,105,146,35,53,120,32,97,44,25,37,60,17,41,41,37,39,49,41,46,34,49,29,29,33,23,35,36,21,30,17,11,11,24,8,13,24,19,6,13,19,17,,6,21,67,61,19,43,20,32,,30,20,20,24,27,,30,36,24,25,16,28,24,20,14,7,8,20,,11,6,26,37,43,52,37,16,110,124,30,,14,,24,,18,32,,28,25,34,6,,26,38,7,122,104,197,154,170,215,204,237,59,30,17,111,272,,31,48,20,117,70
20251024,3,PM10_24h,65,89,87,57,44,68,80,56,57,84,74,63,70,85,41,57,34,51,60,29,27,35,25,37,64,28,35,33,30,28,40,30,45,32,30,35,33,32,33,33,24,29,34,34,32,25,18,39,59,35,93,28,43,27,28,27,26,31,30,22,27,16,21,22,22,11,26,24,13,73,25,22,62,168,40,40,61,45,59,34,30,61,23,43,79,82,41,57,45,20,47,77,49,32,25,33,28,30,20,25,21,21,28,22,21,21,28,23,14,116,44,68,100,94,52,88,61,59,55,72,49,53,36,34,31,30,105,82,108,95,116,78,38,47,40,50,34,32,29,28,8,5,27,34,38,30,10,27,21,22,82,59,42,37,80,98,92,64,83,163,,,,,,,,,,,,,,,,,,,,,,,,,,,,,,57,83,25,106,63,85,84,52,84,58,73,22,66,39,54,35,48,44,82,50,52,54,104,59,79,53,53,37,59,32,52,25,51,71,37,48,31,50,52,60,49,32,29,32,58,63,40,84,41,32,25,27,25,17,21,25,39,36,38,41,42,35,46,35,99,93,107,135,122,92,77,95,36,59,85,34,73,37,27,40,44,16,39,35,31,40,37,39,37,32,32,26,28,28,18,32,27,15,27,19,11,21,21,14,16,22,24,5,13,20,20,,5,23,30,42,26,27,31,34,,29,24,23,25,28,21,24,27,19,26,21,28,26,23,17,13,17,47,,8,12,23,38,37,48,29,25,88,119,38,,32,,30,,14,26,15,28,26,30,16,33,59,52,11,127,90,166,92,177,217,235,190,109,52,31,134,203,,29,40,21,90,60
20251024,3,SO2,3,9,2,5,6,5,4,5,2,4,4,6,4,7,6,8,9,8,12,6,5,8,4,8,8,5,8,10,6,12,9,7,8,8,6,5,7,10,9,6,3,2,5,3,6,5,2,8,7,6,9,8,7,7,8,7,7,8,6,5,8,6,7,7,6,4,4,4,6,1,6,15,9,8,5,9,14,6,10,10,6,36,4,8,16,12,3,8,8,5,6,5,4,14,5,5,9,8,12,18,6,6,7,7,6,2,6,6,3,7,6,23,7,10,14,15,9,6,25,8,5,6,12,8,6,4,9,6,9,10,7,11,5,9,9,8,7,7,10,7,5,7,7,20,9,5,2,5,4,6,3,4,5,5,5,4,9,6,4,10,,,,,,,,,,,,,,,,,,,,,,,,,,,,,,6,5,6,5,4,8,9,13,6,12,5,5,10,11,6,3,10,12,8,5,5,8,6,13,12,11,4,5,9,11,10,4,6,7,5,5,3,6,9,8,8,8,4,7,8,10,3,9,10,7,5,4,4,8,5,5,11,14,52,6,12,7,12,10,8,8,9,8,9,11,5,6,6,7,10,8,4,9,3,5,5,6,7,7,8,5,4,7,8,8,11,5,5,3,3,11,4,7,9,1,3,6,4,5,5,6,11,5,9,3,5,,7,10,3,17,4,9,3,4,,4,7,2,11,5,4,24,8,22,7,6,7,6,7,3,4,9,6,,7,4,4,6,,5,11,7,5,11,8,,2,,6,,4,14,3,10,9,12,2,16,6,6,4,5,6,8,7,5,25,6,4,6,4,3,6,11,,8,9,2,9,7
20251024,3,SO2_24h,4,10,3,7,7,10,5,6,3,4,5,8,5,9,6,9,9,8,9,6,5,6,4,8,9,4,8,9,5,9,9,8,9,8,6,4,7,8,7,6,4,3,5,4,6,5,2,8,8,6,11,7,6,6,8,6,7,8,6,5,8,6,5,6,7,4,4,4,6,2,5,10,10,10,5,9,15,7,11,8,6,20,3,8,16,12,6,9,8,6,7,7,5,13,4,6,7,7,9,12,6,6,6,5,5,2,5,7,3,13,7,16,7,8,21,17,9,7,17,11,6,8,9,6,6,4,9,8,12,10,8,12,7,9,9,6,8,6,7,7,4,7,7,13,8,6,2,5,4,4,4,4,5,5,6,5,15,12,6,8,,,,,,,,,,,,,,,,,,,,,,,,,,,,,,7,6,5,6,4,12,9,8,6,15,7,5,11,17,6,6,10,10,9,8,7,8,7,17,13,10,6,7,10,10,9,4,10,7,10,5,4,7,8,9,9,8,5,7,8,7,3,11,10,6,6,2,4,7,5,5,9,13,13,6,10,6,7,6,9,9,11,9,8,12,8,7,7,7,10,8,4,9,4,6,5,6,7,6,7,5,4,7,6,8,8,8,5,3,4,13,4,7,8,2,3,6,5,6,5,6,9,5,9,3,5,,6,9,4,16,3,10,12,4,,4,6,2,11,5,5,12,5,10,7,6,11,6,7,3,4,9,9,,8,4,5,5,5,6,17,8,7,8,9,,2,,6,,4,13,6,10,13,11,4,17,8,8,4,6,10,12,9,5,9,7,9,7,4,3,11,13,,10,8,2,9,7
20251024,3,NO2,35,61,37,36,42,46,46,16,29,40,66,54,40,46,49,49,19,55,62,18,14,29,14,24,29,16,36,32,25,20,34,18,22,24,16,17,23,28,29,12,7,35,31,21,24,7,8,19,46,23,35,20,20,15,9,15,18,16,20,14,9,12,25,9,14,11,6,33,7,32,27,23,49,59,20,25,56,37,31,15,28,52,7,18,66,54,29,39,15,10,46,35,21,19,11,25,8,12,14,13,10,7,7,12,11,1,17,14,11,36,28,23,44,37,43,53,41,43,39,39,21,30,19,31,20,21,39,38,38,26,31,27,15,18,18,9,9,8,9,9,5,16,12,14,12,10,9,9,6,12,25,24,28,26,24,23,18,25,15,20,,,,,,,,,,,,,,,,,,,,,,,,,,,,,,19,32,11,25,27,39,15,22,54,45,47,21,66,44,23,15,8,40,49,43,42,41,36,41,25,43,39,17,27,16,19,11,48,21,24,20,16,37,35,31,36,13,8,12,38,35,25,28,41,21,7,8,10,6,11,10,13,11,24,8,16,12,7,26,37,36,49,40,32,18,42,25,12,14,26,14,16,18,12,30,22,6,15,12,16,12,6,8,14,11,10,6,12,7,7,17,8,6,6,8,9,4,9,10,7,8,18,9,14,8,4,,8,5,7,9,6,7,4,9,,7,6,5,10,10,5,30,7,14,6,7,14,11,6,4,2,7,8,,18,2,7,45,10,24,32,9,37,26,19,,9,,6,,5,25,9,1,4,2,7,1,29,27,11,34,62,65,26,41,19,70,48,20,10,2,32,87,,14,17,8,52,31
20251024,3,NO2_24h,31,54,34,30,35,41,43,30,31,41,48,48,31,43,32,38,19,41,43,18,17,24,13,25,34,16,26,23,21,16,30,18,28,23,15,18,23,23,22,12,8,21,19,16,22,11,11,16,40,20,46,18,17,17,12,19,19,21,22,13,10,14,14,9,14,17,9,18,13,31,18,24,36,49,16,21,42,34,29,17,25,44,9,24,53,42,31,36,18,10,36,39,21,18,11,24,10,15,14,13,10,7,8,13,13,2,15,17,7,40,28,25,32,35,43,42,31,34,33,37,23,30,24,25,22,20,39,43,44,30,32,26,20,20,20,10,9,8,9,9,6,11,15,14,13,15,12,11,6,13,29,25,26,26,30,22,29,33,24,30,,,,,,,,,,,,,,,,,,,,,,,,,,,,,,20,28,11,24,26,36,18,30,41,28,48,18,28,32,28,31,13,30,39,35,35,36,33,29,25,36,42,24,26,13,25,14,35,28,24,27,14,26,27,32,30,12,7,14,30,29,22,23,31,18,9,11,13,6,12,6,17,12,16,10,15,10,7,14,43,40,49,38,25,19,30,22,13,19,26,16,16,17,12,22,20,8,15,12,17,18,8,9,11,12,3,7,12,7,7,20,9,6,7,8,12,10,13,14,13,11,22,16,21,10,14,,10,7,9,9,10,11,8,9,,5,7,7,11,9,6,14,5,11,9,9,15,12,9,6,5,8,22,,10,3,11,31,10,22,26,13,29,33,20,,12,,8,,9,14,11,5,12,3,16,8,27,23,12,36,40,48,25,38,21,49,34,34,18,12,34,59,,15,15,8,48,28
20251024,3,O3,9,3,4,14,15,15,2,20,9,1,7,3,11,9,6,18,60,9,6,75,63,59,66,56,44,58,44,43,56,46,32,44,55,52,69,67,63,67,51,72,86,45,48,36,63,85,78,73,17,45,29,72,68,79,63,60,63,66,65,71,67,60,21,57,33,41,56,9,87,15,12,34,3,34,58,75,4,28,30,66,36,9,83,68,9,9,23,6,65,77,24,23,48,70,66,41,59,42,43,43,60,63,75,58,68,55,38,58,17,23,8,54,2,11,5,6,17,10,18,10,42,14,42,53,69,72,31,13,17,47,32,71,36,70,68,89,54,88,58,61,66,15,33,47,31,31,35,20,48,44,24,32,2,22,38,22,66,25,51,76,,,,,,,,,,,,,,,,,,,,,,,,,,,,,,75,30,55,47,15,16,90,25,12,11,21,32,6,4,11,30,73,16,2,13,8,11,6,16,28,19,20,22,25,45,32,23,3,26,18,49,16,30,32,46,37,70,23,55,42,39,50,34,30,52,85,64,59,67,68,64,87,81,60,94,82,64,69,57,15,25,8,19,24,84,20,57,67,28,48,73,91,70,77,6,66,11,92,96,77,65,101,88,95,80,50,55,49,66,52,38,71,64,57,20,36,24,27,37,44,32,11,34,6,30,45,,43,57,45,35,106,29,51,65,,58,57,33,63,33,28,11,42,29,19,49,10,18,60,74,95,82,104,,61,75,47,8,73,51,18,49,9,34,19,,48,,19,,58,27,50,30,52,52,68,73,6,3,22,46,10,15,22,22,65,11,41,49,35,91,35,3,,37,72,38,4,14
20251024,3,O3_24h,,,,,,,,,,,,,,,,,,,,,,,,,,,,,,,,,,,,,,,,,,,,,,,,,,,,,,,,,,,,,,,,,,,,,,,,,,,,,,,,,,,,,,,,,,,,,,,,,,,,,,,,,,,,,,,,,,,,,,,,,,,,,,,,,,,,,,,,,,,,,,,,,,,,,,,,,,,,,,,,,,,,,,,,,,,,,,,,,,,,,,,,,,,,,,,,,,,,,,,,,,,,,,,,,,,,,,,,,,,,,,,,,,,,,,,,,,,,,,,,,,,,,,,,,,,,,,,,,,,,,,,,,,,,,,,,,,,,,,,,,,,,,,,,,,,,,,,,,,,,,,,,,,,,,,,,,,,,,,,,,,,,,,,,,,,,,,,,,,,,,,,,,,,,,,,,,,,,,,,,,,,,,,,,,,,,,,,
20251024,3,O3_8h,,,,,,,,,,,,,,,40,,,,,,,,,,,,,,,,,,,,,,,,,,,,,,,,,,,,,,,,,,,,,,,,,,,,44,,,,,,,,,,,,,,,,,,,,,,,,,,,,,,,,,,,,,,,,,,,,,,,,,,,,,,,,,,,,,,,,,,,,,,,,,,,,,,,,,,,,,,,,,,,,,,,,,,,,,,,,,,,,,,,,,,,,,,,,,,,,,,,,,,,,,,,,,,,,,,,,,,,,,,,,,,,,,,,,,,,,,,,,,,,,,,,,,,,,,,,,,,,,49,,,,,,,,,,,,,,,,,,,,,,,,,,,,,,,,,,,,,,,,,,,,,,,,,,,,,,,,,,,,,,,,,,,,,,,,,,,,,,,,,,,,,,,,,,,,,,,,,,,,,,,,,,,,,,,,,,,,,,,,
20251024,3,O3_8h_24h,,,,,,,,,,,,,,,,,,,,,,,,,,,,,,,,,,,,,,,,,,,,,,,,,,,,,,,,,,,,,,,,,,,,,,,,,,,,,,,,,,,,,,,,,,,,,,,,,,,,,,,,,,,,,,,,,,,,,,,,,,,,,,,,,,,,,,,,,,,,,,,,,,,,,,,,,,,,,,,,,,,,,,,,,,,,,,,,,,,,,,,,,,,,,,,,,,,,,,,,,,,,,,,,,,,,,,,,,,,,,,,,,,,,,,,,,,,,,,,,,,,,,,,,,,,,,,,,,,,,,,,,,,,,,,,,,,,,,,,,,,,,,,,,,,,,,,,,,,,,,,,,,,,,,,,,,,,,,,,,,,,,,,,,,,,,,,,,,,,,,,,,,,,,,,,,,,,,,,,,,,,,,,,,,,,,,,,
20251024,3,CO,0.70,0.97,0.69,0.61,0.30,0.58,0.56,0.48,0.60,0.80,0.70,0.50,0.53,0.94,0.60,0.60,0.49,0.66,0.93,0.48,0.40,0.89,0.41,0.70,0.52,0.32,0.75,0.63,0.42,0.40,0.78,0.44,0.63,0.51,0.44,0.32,0.50,0.67,0.88,0.35,0.55,0.43,0.33,0.33,0.36,0.33,0.42,0.53,0.67,0.34,0.64,0.45,0.38,0.41,0.53,0.35,0.48,0.43,0.37,0.45,0.49,0.36,0.53,0.42,0.40,0.42,0.28,0.59,0.25,0.65,0.65,0.50,0.78,1.05,0.48,0.70,1.66,0.50,0.88,0.45,0.40,0.63,0.35,0.39,0.84,0.90,0.42,0.50,0.45,0.28,0.53,0.32,0.50,1.14,0.42,0.42,0.47,0.51,0.52,0.55,0.45,0.50,0.50,0.43,0.53,0.10,0.48,0.40,0.43,0.45,0.90,1.10,1.00,0.93,0.66,0.96,0.67,0.75,1.00,0.87,0.42,0.40,0.50,0.73,0.50,0.45,0.70,0.68,0.70,1.10,0.56,0.55,0.40,0.53,0.65,0.40,0.30,0.40,0.38,0.46,0.50,0.40,0.62,0.92,0.47,0.43,0.63,0.30,0.50,0.50,0.75,0.90,0.83,0.58,0.60,0.90,0.57,0.52,0.42,0.70,,,,,,,,,,,,,,,,,,,,,,,,,,,,,,0.43,0.70,0.37,0.74,0.58,1.03,0.54,0.80,1.03,0.72,0.77,0.60,1.00,0.93,0.70,0.20,0.65,1.60,0.88,0.65,0.60,0.50,0.85,0.75,0.60,0.35,0.40,0.43,0.67,0.77,0.67,0.42,0.63,0.60,0.55,0.40,0.35,0.35,0.32,0.53,0.77,0.35,0.30,0.22,0.26,0.38,0.33,0.57,0.60,0.40,0.53,0.40,0.43,0.47,0.40,0.63,0.82,0.40,0.47,0.56,0.57,0.42,0.57,0.30,1.08,0.82,0.77,0.57,0.64,0.65,0.78,0.47,0.32,0.57,0.47,0.47,0.46,0.40,0.37,0.20,0.70,0.47,0.72,0.60,0.60,0.33,0.30,0.13,0.63,0.25,0.47,0.37,0.63,0.47,0.37,0.47,0.47,0.60,0.40,0.50,0.53,0.37,0.40,0.55,0.50,0.45,0.30,0.65,0.65,0.43,0.60,,0.85,0.60,0.53,0.47,0.35,0.55,0.40,0.45,,0.55,0.60,0.60,0.60,0.40,0.75,0.75,0.37,0.45,0.55,0.65,0.60,0.55,0.40,0.20,0.30,0.30,0.20,,0.35,0.30,0.57,0.77,0.40,0.45,1.05,0.50,0.90,0.70,0.55,,0.35,,0.80,,0.35,0.90,0.10,0.40,0.60,0.40,0.30,0.60,0.50,0.55,0.53,0.80,0.55,1.00,0.45,0.70,0.35,1.20,0.95,0.55,0.40,0.10,0.40,1.55,,0.35,0.10,0.45,0.72,0.53
20251024,3,CO_24h,0.63,0.82,0.66,0.76,0.33,0.58,0.51,0.64,0.57,0.58,0.72,0.50,0.53,1.07,0.54,0.61,0.48,0.51,0.66,0.48,0.44,0.66,0.41,0.66,0.45,0.34,0.55,0.51,0.42,0.38,0.60,0.48,0.67,0.42,0.41,0.32,0.44,0.45,0.65,0.40,0.50,0.37,0.33,0.30,0.40,0.35,0.38,0.47,0.59,0.31,0.62,0.31,0.40,0.42,0.59,0.42,0.53,0.45,0.47,0.48,0.51,0.42,0.46,0.30,0.41,0.51,0.27,0.50,0.28,0.65,0.55,0.53,0.84,0.86,0.50,0.65,1.11,0.62,0.82,0.43,0.33,0.67,0.35,0.44,0.72,0.65,0.52,0.48,0.43,0.27,0.52,0.36,0.57,0.94,0.32,0.47,0.47,0.59,0.53,0.64,0.47,0.57,0.60,0.47,0.53,0.10,0.50,0.40,0.40,0.60,0.86,1.03,0.90,0.97,0.70,1.08,0.65,0.68,0.86,0.80,0.50,0.44,0.52,0.53,0.47,0.45,0.69,0.62,0.73,0.67,0.56,0.53,0.43,0.47,0.65,0.38,0.20,0.33,0.38,0.44,0.53,0.46,0.72,0.84,0.50,0.43,0.72,0.40,0.48,0.50,0.63,0.85,0.80,0.58,0.60,0.80,0.73,0.64,0.46,0.73,,,,,,,,,,,,,,,,,,,,,,,,,,,,,,0.40,0.60,0.30,0.64,0.63,1.10,0.58,0.90,0.83,0.72,0.80,0.60,0.65,0.72,0.90,0.25,0.70,1.16,0.75,0.60,0.60,0.38,0.75,0.80,0.60,0.50,0.45,0.57,0.65,0.53,0.57,0.50,0.58,0.60,0.55,0.40,0.35,0.35,0.30,0.50,0.77,0.30,0.35,0.22,0.34,0.38,0.33,0.50,0.63,0.28,0.55,0.43,0.53,0.37,0.45,0.60,0.52,0.42,0.33,0.54,0.47,0.32,0.55,0.33,0.94,0.85,0.73,0.60,0.60,0.60,0.63,0.47,0.38,0.63,0.48,0.37,0.36,0.40,0.33,0.30,0.63,0.43,0.70,0.55,0.60,0.47,0.33,0.15,0.47,0.25,0.43,0.40,0.55,0.47,0.37,0.50,0.43,0.55,0.45,0.50,0.60,0.47,0.47,0.60,0.60,0.53,0.35,0.70,0.65,0.47,0.60,,0.80,0.63,0.60,0.47,0.35,0.60,0.45,0.45,,0.55,0.55,0.60,0.60,0.45,0.80,0.75,0.23,0.45,0.60,0.80,0.60,0.45,0.45,0.25,0.30,0.30,0.60,,0.30,0.30,0.57,0.67,0.40,0.55,0.65,0.95,0.80,0.85,0.65,,0.45,,0.85,,0.25,0.90,0.60,0.40,0.60,0.30,0.40,0.50,0.77,0.65,0.53,0.95,0.55,0.90,0.50,0.80,0.30,0.80,0.80,1.10,0.70,0.30,0.55,1.05,,0.35,0.10,0.55,0.60,0.50
20251024,4,AQI,68,89,103,56,36,101,113,39,53,98,95,86,89,83,54,61,38,68,66,29,21,52,27,38,53,29,41,49,34,28,55,30,56,38,33,31,43,50,49,26,27,39,36,32,35,26,24,42,58,36,95,29,53,33,26,31,31,25,31,23,26,24,28,26,24,13,29,38,28,68,27,33,54,150,53,41,80,38,55,40,34,58,26,27,85,104,27,53,39,24,42,73,54,33,37,30,30,24,21,27,23,23,29,28,26,22,27,35,21,84,51,109,94,103,53,74,70,65,53,65,37,42,37,39,37,39,101,109,100,104,108,115,36,66,32,52,41,40,26,31,21,8,29,41,33,23,9,14,27,31,71,60,41,43,98,83,64,79,55,101,,,,,,,,,,,,,,,,,,,,,,,,,,,,,,71,111,25,100,57,89,77,36,103,56,60,16,93,49,31,12,39,47,68,64,36,57,80,56,65,34,41,26,53,39,46,23,52,48,28,27,41,56,54,68,47,33,22,32,59,67,47,90,46,37,27,25,22,21,21,19,37,36,37,51,39,33,36,34,109,103,90,123,128,109,116,115,30,54,93,30,93,37,29,41,58,17,40,43,49,37,46,40,39,36,47,26,29,36,23,28,44,26,34,19,13,12,23,12,12,24,19,10,12,13,21,,13,23,79,79,40,53,37,31,,37,19,16,25,27,30,37,49,30,26,15,30,30,18,22,30,26,35,,21,28,27,43,43,52,36,19,110,83,31,,24,,28,,18,46,26,25,25,31,20,24,27,31,7,80,96,133,92,105,139,138,129,54,37,28,78,189,,32,52,21,101,91
20251024,4,PM2.5,49,66,77,29,20,76,85,27,31,73,71,64,66,61,38,44,24,49,45,11,7,27,12,18,35,15,16,23,16,15,34,13,37,21,14,17,23,26,25,9,7,18,18,19,17,6,17,28,38,21,71,16,35,20,15,18,19,15,17,15,16,16,19,14,14,5,19,23,5,49,17,23,37,115,37,24,59,24,34,28,23,31,9,16,63,78,11,37,22,7,20,53,38,18,17,11,20,14,13,19,16,16,18,18,16,10,16,18,14,62,33,82,70,77,36,54,51,47,33,47,16,25,19,21,18,22,76,82,75,78,81,87,25,48,18,28,29,28,17,21,3,3,19,29,18,14,5,9,15,20,52,43,29,30,73,61,39,58,24,35,,,,,,,,,,,,,,,,,,,,,,,,,,,,,,52,84,16,75,38,66,54,25,77,35,43,9,69,34,22,5,27,18,49,46,21,40,59,40,40,22,29,18,34,13,28,16,30,30,14,16,27,36,32,49,26,20,7,18,40,48,27,67,26,18,7,17,12,14,14,13,23,22,17,31,20,21,17,13,82,77,67,93,97,82,88,87,10,38,69,15,69,26,19,29,41,12,28,30,34,26,30,23,26,24,25,16,20,23,16,19,31,18,24,12,5,4,16,5,4,17,4,3,7,9,15,,3,16,58,58,28,37,16,22,,22,11,3,11,15,21,26,34,18,15,10,18,21,12,5,3,3,3,,3,3,19,27,30,35,25,7,83,61,22,,17,,12,,11,32,18,14,9,7,3,8,15,22,4,34,41,101,40,49,80,86,74,25,12,9,38,142,,17,29,15,76,68
20251024,4,PM2.5_24h,47,55,68,31,21,65,66,39,29,61,56,53,60,63,29,35,19,32,33,11,10,16,10,16,34,13,13,14,14,13,21,13,24,15,12,19,17,17,14,13,7,15,17,15,14,10,15,23,30,16,62,16,26,17,17,17,14,17,17,14,17,11,14,13,13,7,19,15,7,47,15,15,40,88,28,23,44,25,31,23,18,26,12,22,47,45,20,33,21,8,20,47,30,16,8,13,19,15,14,14,15,17,22,13,13,11,18,12,9,74,33,60,55,65,29,50,42,37,31,52,20,32,19,17,12,18,69,65,75,67,66,68,25,38,26,29,29,23,19,18,3,4,17,23,15,19,6,16,13,14,55,48,34,39,61,54,43,40,25,44,,,,,,,,,,,,,,,,,,,,,,,,,,,,,,33,58,15,56,43,61,47,43,40,31,44,12,43,29,33,10,33,21,45,37,25,31,57,37,39,31,36,22,33,16,24,16,26,38,17,27,19,25,25,35,28,18,13,17,34,35,20,53,22,14,10,16,19,12,14,15,21,20,18,23,20,17,22,16,67,61,70,86,72,53,58,56,15,42,49,17,47,23,17,26,27,10,23,23,28,25,26,24,24,20,16,13,18,16,13,15,19,12,20,9,6,6,15,10,4,14,6,3,8,14,15,,6,16,21,43,23,23,24,26,,22,14,9,13,15,23,17,27,15,16,12,18,17,14,8,5,3,23,,4,6,17,24,27,30,20,14,72,61,24,,27,,11,,15,18,12,13,11,17,5,15,38,31,8,41,32,78,40,54,82,81,65,45,17,6,58,106,,16,20,14,61,61
20251024,4,PM10,76,111,99,61,36,80,100,31,55,103,93,77,84,81,51,65,38,69,81,29,21,53,27,38,56,29,41,49,34,28,60,30,61,38,33,31,43,50,49,26,25,39,36,32,35,18,16,42,66,36,89,29,55,33,26,31,31,25,31,23,26,24,28,26,24,9,29,38,7,72,27,33,57,195,48,41,85,38,60,38,34,66,15,27,101,117,27,56,39,14,42,70,51,33,37,30,30,24,21,27,21,21,29,28,26,22,27,35,21,92,51,94,119,112,55,91,62,69,55,67,37,42,37,39,37,39,112,103,99,104,137,110,34,61,32,54,35,37,26,31,6,7,29,40,33,23,9,14,27,31,78,49,30,,84,95,77,58,59,152,,,,,,,,,,,,,,,,,,,,,,,,,,,,,,73,117,25,121,63,94,103,36,116,62,58,16,108,45,28,12,33,47,79,53,36,63,106,61,80,34,38,26,56,39,46,19,53,48,28,27,41,62,58,68,47,33,22,32,68,83,47,101,46,37,13,25,22,20,20,19,37,36,37,52,39,33,36,34,108,116,87,144,157,133,110,150,30,53,119,30,105,37,29,41,62,17,40,35,39,36,46,40,39,36,47,26,28,36,22,28,41,21,30,19,9,12,20,7,12,23,19,6,12,12,15,,6,21,67,62,38,44,37,30,,37,19,16,25,27,,33,36,30,26,14,30,23,15,14,6,8,15,,11,6,23,43,43,53,31,19,98,116,31,,18,,28,,14,36,19,25,25,31,6,15,27,31,7,110,142,185,133,160,228,225,207,58,37,9,106,262,,32,53,20,107,
20251024,4,PM10_24h,65,91,89,58,45,69,82,55,57,85,75,65,71,86,42,56,35,51,62,29,27,35,25,37,62,29,36,33,31,29,41,30,46,32,30,35,34,32,33,32,24,30,34,34,33,26,19,39,60,35,94,28,44,28,29,28,27,31,31,23,28,17,21,22,22,10,26,25,13,73,25,22,62,170,41,40,63,45,59,34,30,62,23,42,80,83,41,57,45,20,46,76,49,33,26,33,28,30,20,26,22,22,29,22,22,22,29,24,15,116,45,69,101,95,52,88,60,60,55,72,49,53,37,34,31,31,106,82,108,97,118,79,38,47,40,50,34,32,29,28,8,5,27,34,35,30,10,26,22,22,82,59,42,36,81,98,92,65,82,165,,,,,,,,,,,,,,,,,,,,,,,,,,,,,,58,85,25,107,62,87,85,52,85,59,72,22,69,39,54,34,47,45,82,50,51,55,102,60,80,52,52,37,58,32,51,25,52,70,38,47,32,51,53,60,49,32,29,32,58,63,40,84,41,32,25,27,25,17,21,24,39,36,37,42,42,35,46,35,99,94,103,135,124,94,79,98,36,59,88,34,75,36,28,41,45,17,39,36,32,40,37,39,38,32,33,26,28,29,18,32,27,16,28,19,11,20,21,13,16,22,24,5,13,20,20,,5,23,32,44,26,29,31,35,,30,24,23,26,28,21,24,27,20,26,20,28,26,23,17,13,17,46,,8,12,23,38,37,48,30,25,89,119,38,,31,,30,,14,26,15,27,26,31,15,33,58,50,11,127,93,168,94,177,218,232,188,104,52,30,131,206,,29,40,21,92,61
20251024,4,SO2,3,9,2,7,6,5,5,5,1,4,4,6,4,7,6,8,9,7,12,6,5,8,4,9,8,5,8,10,5,12,9,7,7,8,6,4,8,10,8,6,4,3,5,4,6,5,2,8,7,6,9,7,7,8,8,7,7,8,7,5,8,6,7,8,6,4,4,4,5,2,6,15,9,8,5,8,15,6,11,10,6,19,3,8,19,12,3,8,8,5,6,5,4,12,5,6,9,7,12,10,7,7,7,6,6,2,5,6,3,8,5,10,8,9,14,13,9,6,28,7,7,5,11,8,6,5,9,5,9,13,7,11,6,9,10,6,7,8,8,7,5,7,6,22,8,5,2,5,4,6,3,3,5,5,6,2,10,5,4,11,,,,,,,,,,,,,,,,,,,,,,,,,,,,,,6,5,6,5,12,8,9,13,5,18,6,6,9,10,6,4,11,16,7,8,5,7,4,14,13,8,4,5,8,11,9,4,5,6,6,5,4,6,8,8,9,8,4,7,8,8,3,9,10,7,5,3,4,8,5,5,10,16,53,7,11,7,10,8,8,8,9,8,8,11,6,5,7,7,10,7,4,8,4,5,5,6,7,8,7,5,5,9,7,8,14,5,5,3,3,14,4,7,9,1,3,6,5,5,5,6,12,5,9,3,5,,6,11,3,14,4,15,7,4,,3,6,3,11,5,4,29,7,28,7,6,9,6,7,3,5,9,5,,7,4,6,4,5,5,10,7,5,8,9,,2,,6,,4,15,4,10,8,11,2,16,6,5,4,6,8,8,6,5,23,7,6,6,4,3,6,10,,6,10,2,9,7
20251024,4,SO2_24h,4,10,3,7,7,9,5,6,3,4,5,8,5,9,6,8,9,8,10,6,5,7,4,8,9,4,8,9,5,9,9,8,8,8,6,4,7,8,7,6,4,3,5,4,6,5,2,8,8,6,11,7,6,7,8,6,7,8,6,5,8,6,6,6,7,4,4,4,6,2,5,10,10,10,5,9,15,7,11,9,6,20,3,8,15,12,5,9,8,6,7,7,5,12,4,6,7,7,9,12,6,6,6,5,5,2,5,7,3,13,6,16,7,8,21,17,9,7,17,11,6,8,9,6,6,4,9,8,12,10,8,12,7,9,9,6,8,6,7,7,4,7,7,14,8,6,2,5,4,4,4,4,5,5,6,5,15,12,6,8,,,,,,,,,,,,,,,,,,,,,,,,,,,,,,7,6,5,6,5,12,9,8,6,15,7,6,12,17,6,6,10,10,9,8,7,9,7,17,13,10,6,7,10,10,9,4,10,7,10,5,4,7,8,9,9,8,5,7,8,7,3,11,10,6,6,2,4,7,5,5,9,13,15,6,10,6,7,6,9,9,11,9,8,12,8,7,7,7,10,8,4,9,4,6,5,6,7,6,7,5,4,8,7,8,8,8,5,3,4,13,4,7,9,2,3,6,5,6,5,6,9,5,9,3,5,,6,9,4,16,3,10,11,4,,4,6,2,11,5,5,13,5,12,7,6,11,6,7,3,4,9,9,,8,4,5,5,5,6,17,8,7,9,9,,2,,6,,4,13,6,10,13,11,3,17,8,7,4,6,10,12,8,5,9,7,9,7,4,3,10,14,,9,8,2,9,7
20251024,4,NO2,33,61,36,41,36,42,43,15,28,39,65,54,38,44,47,54,19,51,60,19,14,30,13,24,23,17,34,35,25,17,33,20,21,23,18,17,23,28,29,12,8,43,33,19,24,7,7,18,41,23,36,19,19,15,9,14,18,17,19,13,9,12,19,10,15,10,6,30,5,31,22,20,42,56,17,27,53,35,35,15,31,54,6,17,62,54,27,38,14,10,43,31,22,17,11,24,9,11,14,12,9,7,7,12,11,1,15,11,12,35,27,24,43,36,40,49,40,41,39,34,21,32,20,29,19,21,39,37,39,25,30,25,14,17,18,8,8,8,9,9,5,15,14,18,10,8,9,9,5,13,26,17,23,23,18,18,28,26,12,21,,,,,,,,,,,,,,,,,,,,,,,,,,,,,,19,30,10,19,27,39,14,26,47,51,41,17,51,41,19,13,8,37,45,34,40,39,32,28,25,32,42,19,22,16,22,12,45,24,16,20,14,28,33,24,27,12,5,11,30,32,23,27,42,20,7,9,10,6,13,7,11,13,23,10,15,8,7,27,36,37,47,35,34,19,42,27,12,17,22,14,17,18,17,32,20,4,16,11,16,12,6,8,12,11,7,6,13,8,6,12,7,6,7,9,7,5,9,10,8,8,17,8,12,7,4,,8,5,8,8,6,13,5,8,,7,6,5,11,12,6,35,6,13,6,6,18,12,6,5,2,5,3,,8,2,6,44,13,24,27,9,37,21,18,,9,,5,,5,21,7,2,3,3,11,1,28,24,10,32,66,48,19,32,16,71,36,17,10,2,38,82,,19,18,8,51,32
20251024,4,NO2_24h,32,54,34,30,35,40,43,29,31,41,49,49,31,44,33,38,19,41,43,18,17,24,13,25,33,16,27,23,21,16,29,18,28,23,15,18,23,23,22,12,8,23,20,17,22,11,11,17,39,20,45,18,17,16,12,19,19,21,22,13,10,14,15,9,14,17,9,19,13,31,19,24,36,50,16,21,43,35,28,17,25,44,9,24,54,42,30,36,18,10,36,38,21,18,11,24,10,15,14,13,10,7,8,14,13,2,15,16,8,40,28,25,33,35,42,42,31,34,33,37,23,30,24,25,22,20,39,42,43,30,32,26,20,20,20,10,9,8,9,9,6,11,16,15,13,15,12,11,6,12,29,24,26,26,29,22,29,33,24,30,,,,,,,,,,,,,,,,,,,,,,,,,,,,,,20,27,11,23,26,36,18,30,41,30,47,18,30,33,28,31,13,31,39,34,35,36,33,28,25,36,42,24,26,13,24,14,35,28,24,27,15,26,27,31,29,12,7,14,29,29,22,23,32,18,9,11,13,6,12,7,16,13,16,10,15,10,7,15,43,40,49,38,25,19,31,22,13,19,25,16,16,17,13,23,19,8,15,12,17,18,8,9,11,12,4,7,12,7,7,19,9,6,7,8,12,10,13,14,13,11,22,16,21,10,14,,10,7,9,9,9,11,8,9,,6,7,7,11,10,6,15,6,11,9,9,15,12,9,6,5,8,22,,10,3,11,31,10,21,27,13,29,33,20,,12,,8,,9,14,11,5,12,3,15,8,27,23,12,36,42,49,25,37,21,50,34,32,18,12,34,59,,15,15,8,48,29
20251024,4,O3,9,3,4,10,19,14,3,20,7,1,4,2,11,9,6,11,59,8,6,72,60,54,63,58,51,55,43,34,46,47,30,38,54,51,66,64,62,64,52,70,85,33,44,41,59,84,76,70,20,43,23,73,62,80,62,62,64,65,69,72,67,59,30,50,31,42,70,12,90,15,11,41,4,34,58,71,4,28,24,64,31,5,84,69,10,8,23,4,65,78,25,24,46,75,64,39,60,44,41,44,59,63,76,59,70,55,42,62,15,21,9,41,6,10,7,6,14,10,18,11,41,10,39,55,69,67,27,13,12,48,30,74,37,70,67,90,53,86,58,62,68,15,30,41,32,33,30,17,46,43,22,46,9,23,54,26,56,23,51,74,,,,,,,,,,,,,,,,,,,,,,,,,,,,,,69,28,55,49,12,12,90,18,9,12,30,37,17,6,15,32,77,19,2,18,7,8,6,21,25,35,15,18,28,47,30,17,4,20,28,49,18,42,31,52,38,69,28,54,47,39,47,29,23,53,85,61,60,66,66,62,85,81,56,91,79,69,67,54,14,22,4,23,16,77,18,41,66,22,41,68,89,68,64,3,57,31,87,96,71,65,101,87,94,68,55,56,51,65,54,43,74,63,60,16,43,21,25,37,39,28,12,33,7,33,46,,42,57,38,30,106,23,44,65,,59,54,34,58,28,25,6,44,35,17,48,5,14,56,71,95,84,111,,66,88,58,4,65,47,20,52,4,33,18,,54,,21,,56,28,54,23,57,53,63,78,4,3,23,44,8,27,26,32,65,7,47,51,38,90,32,3,,26,67,38,5,18
20251024,4,O3_24h,,,,,,,,,,,,,,,,,,,,,,,,,,,,,,,,,,,,,,,,,,,,,,,,,,,,,,,,,,,,,,,,,,,,,,,,,,,,,,,,,,,,,,,,,,,,,,,,,,,,,,,,,,,,,,,,,,,,,,,,,,,,,,,,,,,,,,,,,,,,,,,,,,,,,,,,,,,,,,,,,,,,,,,,,,,,,,,,,,,,,,,,,,,,,,,,,,,,,,,,,,,,,,,,,,,,,,,,,,,,,,,,,,,,,,,,,,,,,,,,,,,,,,,,,,,,,,,,,,,,,,,,,,,,,,,,,,,,,,,,,,,,,,,,,,,,,,,,,,,,,,,,,,,,,,,,,,,,,,,,,,,,,,,,,,,,,,,,,,,,,,,,,,,,,,,,,,,,,,,,,,,,,,,,,,,,,,,
20251024,4,O3_8h,,,,,,,,,,,,,,,40,,,,,,,,,,,,,,,,,,,,,,,,,,,,,,,,,,,,,,,,,,,,,,,,,,,,44,,,,,,,,,,,,,,,,,,,,,,,,,,,,,,,,,,,,,,,,,,,,,,,,,,,,,,,,,,,,,,,,,,,,,,,,,,,,,,,,,,,,,,,,,,,,,,,,,,,,,,,,,,,,,,,,,,,,,,,,,,,,,,,,,,,,,,,,,,,,,,,,,,,,,,,,,,,,,,,,,,,,,,,,,,,,,,,,,,,,,,,,,,,,49,,,,,,,,61,,,,,,,,,,,,,,,,,,,,,,,,,,,,,,,,,,,,,,,,,,,,,,,,,,,,,,,,,,,,,,,,,,,,,,,,,,,,,,,,,,,,,,,,,,,,,,,,,,,,,,,,,,,,,,,,
20251024,4,O3_8h_24h,,,,,,,,,,,,,,,,,,,,,,,,,,,,,,,,,,,,,,,,,,,,,,,,,,,,,,,,,,,,,,,,,,,,,,,,,,,,,,,,,,,,,,,,,,,,,,,,,,,,,,,,,,,,,,,,,,,,,,,,,,,,,,,,,,,,,,,,,,,,,,,,,,,,,,,,,,,,,,,,,,,,,,,,,,,,,,,,,,,,,,,,,,,,,,,,,,,,,,,,,,,,,,,,,,,,,,,,,,,,,,,,,,,,,,,,,,,,,,,,,,,,,,,,,,,,,,,,,,,,,,,,,,,,,,,,,,,,,,,,,,,,,,,,,,,,,,,,,,,,,,,,,,,,,,,,,,,,,,,,,,,,,,,,,,,,,,,,,,,,,,,,,,,,,,,,,,,,,,,,,,,,,,,,,,,,,,,
20251024,4,CO,0.73,0.94,0.69,0.61,0.28,0.60,0.60,0.48,0.57,0.75,0.80,0.53,0.50,0.94,0.61,0.60,0.54,0.66,0.98,0.48,0.40,0.89,0.41,0.71,0.45,0.36,0.75,0.63,0.44,0.40,0.84,0.46,0.63,0.54,0.46,0.32,0.60,0.67,0.93,0.38,0.55,0.43,0.33,0.30,0.39,0.33,0.40,0.57,0.65,0.33,0.63,0.34,0.38,0.41,0.54,0.35,0.49,0.38,0.37,0.43,0.49,0.34,0.50,0.38,0.40,0.40,0.28,0.57,0.22,0.66,0.70,0.50,0.72,1.10,0.48,0.70,1.75,0.52,1.04,0.47,0.43,0.68,0.30,0.40,0.92,0.97,0.40,0.52,0.40,0.28,0.55,0.30,0.53,1.28,0.40,0.43,0.47,0.49,0.52,0.50,0.45,0.50,0.50,0.43,0.53,0.10,0.46,0.40,0.43,0.45,0.99,1.35,0.98,1.03,0.66,1.00,0.67,0.75,0.98,0.80,0.42,0.36,0.55,0.87,0.47,0.48,0.69,0.72,0.70,0.97,0.52,0.55,0.38,0.53,0.63,0.40,0.30,0.40,0.35,0.51,0.50,0.42,0.60,0.94,0.40,0.40,0.65,0.30,0.50,0.50,0.77,0.85,0.90,0.58,0.60,0.90,0.67,0.58,0.44,0.67,,,,,,,,,,,,,,,,,,,,,,,,,,,,,,0.40,0.70,0.40,0.80,0.58,1.07,0.56,0.83,1.03,0.97,0.63,0.60,0.90,0.93,0.60,0.20,0.65,1.68,0.95,0.57,0.57,0.53,0.80,0.85,0.60,0.35,0.40,0.43,0.67,0.83,0.63,0.42,0.58,0.57,0.55,0.35,0.35,0.33,0.34,0.50,0.83,0.30,0.30,0.22,0.28,0.40,0.33,0.60,0.68,0.42,0.53,0.43,0.43,0.43,0.40,0.67,0.48,0.42,0.45,0.58,0.57,0.40,0.53,0.33,1.14,0.82,0.73,0.55,0.66,0.65,0.75,0.50,0.33,0.70,0.48,0.53,0.46,0.40,0.37,0.20,0.70,0.43,0.72,0.60,0.60,0.33,0.30,0.15,0.60,0.25,0.43,0.37,0.55,0.47,0.33,0.47,0.47,0.60,0.45,0.50,0.53,0.37,0.40,0.55,0.50,0.47,0.30,0.65,0.65,0.40,0.60,,0.90,0.60,0.53,0.50,0.35,0.55,0.45,0.45,,0.55,0.60,0.60,0.60,0.40,0.80,0.75,0.33,0.45,0.55,0.65,0.65,0.45,0.35,0.30,0.30,0.30,0.20,,0.30,0.25,0.50,0.80,0.40,0.45,1.10,0.40,0.90,0.75,0.60,,0.35,,0.80,,0.35,1.30,0.40,0.50,0.50,0.40,0.30,0.90,0.50,0.50,0.57,0.85,0.50,0.85,0.40,0.70,0.30,1.10,0.50,0.50,0.50,0.10,0.35,1.55,,0.40,0.10,0.45,0.68,0.57
20251024,4,CO_24h,0.63,0.84,0.67,0.77,0.33,0.60,0.51,0.64,0.60,0.58,0.75,0.50,0.53,1.07,0.55,0.57,0.48,0.51,0.69,0.47,0.42,0.66,0.41,0.66,0.43,0.36,0.55,0.53,0.42,0.38,0.60,0.48,0.67,0.42,0.42,0.32,0.44,0.45,0.65,0.40,0.50,0.37,0.33,0.30,0.40,0.35,0.38,0.47,0.59,0.31,0.62,0.31,0.40,0.42,0.59,0.42,0.53,0.45,0.45,0.48,0.51,0.42,0.44,0.30,0.42,0.51,0.27,0.51,0.28,0.65,0.55,0.53,0.84,0.90,0.52,0.65,1.15,0.64,0.80,0.43,0.33,0.67,0.35,0.43,0.74,0.67,0.52,0.48,0.43,0.27,0.52,0.34,0.57,0.96,0.32,0.50,0.47,0.59,0.53,0.64,0.47,0.57,0.60,0.47,0.53,0.10,0.50,0.40,0.40,0.60,0.86,1.05,0.90,0.95,0.70,1.08,0.65,0.68,0.84,0.80,0.50,0.44,0.52,0.55,0.47,0.45,0.67,0.62,0.73,0.73,0.58,0.53,0.43,0.47,0.68,0.38,0.20,0.33,0.38,0.46,0.53,0.46,0.70,0.86,0.50,0.43,0.72,0.40,0.48,0.47,0.63,0.85,0.80,0.60,0.60,0.80,0.73,0.64,0.46,0.73,,,,,,,,,,,,,,,,,,,,,,,,,,,,,,0.40,0.60,0.30,0.64,0.63,1.10,0.58,0.90,0.83,0.72,0.77,0.60,0.65,0.72,0.90,0.25,0.70,1.18,0.75,0.60,0.60,0.40,0.75,0.80,0.60,0.50,0.45,0.57,0.65,0.53,0.57,0.50,0.58,0.57,0.55,0.40,0.35,0.35,0.30,0.50,0.78,0.30,0.35,0.22,0.34,0.38,0.33,0.50,0.65,0.28,0.55,0.43,0.53,0.37,0.45,0.60,0.55,0.42,0.33,0.54,0.50,0.34,0.55,0.33,0.94,0.85,0.73,0.60,0.60,0.63,0.63,0.47,0.38,0.63,0.46,0.40,0.36,0.40,0.37,0.30,0.63,0.43,0.72,0.55,0.60,0.47,0.33,0.15,0.47,0.25,0.43,0.40,0.53,0.47,0.37,0.50,0.43,0.55,0.45,0.50,0.60,0.47,0.47,0.60,0.60,0.53,0.35,0.70,0.65,0.47,0.60,,0.80,0.63,0.60,0.47,0.35,0.60,0.45,0.45,,0.55,0.55,0.60,0.60,0.45,0.80,0.75,0.23,0.45,0.60,0.75,0.60,0.45,0.45,0.25,0.30,0.30,0.60,,0.30,0.30,0.57,0.67,0.40,0.55,0.65,0.95,0.80,0.85,0.65,,0.40,,0.85,,0.25,0.90,0.50,0.40,0.60,0.30,0.40,0.50,0.73,0.60,0.53,0.95,0.55,0.90,0.50,0.80,0.30,0.80,0.80,1.00,0.70,0.20,0.55,1.05,,0.35,0.10,0.55,0.60,0.50
20251024,5,AQI,68,90,101,58,41,103,109,37,52,98,105,88,94,83,55,63,38,66,66,29,25,50,24,41,51,31,38,48,35,31,51,32,51,40,34,31,47,48,48,27,27,40,34,32,34,26,23,44,56,34,94,29,53,34,25,30,31,29,31,23,25,25,26,25,26,13,25,35,28,70,30,31,52,146,51,45,80,42,56,43,31,52,26,29,85,96,33,56,40,25,44,71,55,26,32,30,32,23,22,24,24,21,26,27,26,20,25,34,26,85,50,108,91,101,52,78,73,65,51,63,36,41,35,36,33,36,104,109,100,100,105,114,38,68,34,52,44,40,29,32,21,7,28,44,32,23,10,14,24,30,76,63,46,41,106,83,65,71,54,105,,,,,,,,,,,,,,,,,,,,,,,,,,,,,,74,110,25,95,57,103,77,44,101,53,54,19,78,43,21,12,39,39,66,66,34,59,77,59,66,27,35,29,52,34,48,18,49,46,24,25,39,58,54,68,52,34,26,29,60,60,48,91,49,34,27,26,30,22,20,27,33,38,34,47,39,33,35,35,113,99,89,125,135,121,118,125,26,51,91,29,93,37,31,41,59,20,40,40,49,41,45,38,45,41,38,27,29,34,23,29,46,24,36,20,13,11,18,11,12,24,15,10,12,17,23,,12,26,68,69,32,53,36,30,,33,21,18,23,27,27,39,47,31,27,19,31,26,16,27,28,25,33,,21,26,29,39,47,54,37,19,103,84,31,,33,,20,,21,46,29,22,20,23,22,25,35,36,6,79,78,124,68,100,123,140,115,52,44,28,77,189,,30,51,22,103,95
20251024,5,PM2.5,49,67,76,29,18,77,82,26,29,73,79,65,70,61,39,45,25,48,41,11,8,25,13,21,30,18,18,21,16,15,31,15,32,23,14,17,27,25,24,9,8,20,17,17,15,5,16,27,36,19,70,18,37,21,14,16,18,16,17,15,16,16,18,14,15,4,17,22,4,51,21,22,36,112,36,26,59,23,38,30,22,27,9,16,63,72,15,36,21,5,19,52,39,13,14,16,21,14,14,13,16,15,17,18,16,11,16,18,15,63,29,81,68,76,33,57,53,47,34,45,16,24,22,20,16,19,78,82,75,75,79,86,24,49,17,31,31,28,20,20,3,3,19,31,20,13,6,8,15,21,56,45,32,29,80,61,33,52,19,52,,,,,,,,,,,,,,,,,,,,,,,,,,,,,,54,83,17,71,36,77,55,31,76,35,38,9,57,30,15,5,27,18,48,48,20,42,56,42,44,19,24,20,32,16,25,12,29,32,12,15,27,38,32,49,33,22,18,16,43,42,27,68,28,18,5,18,12,14,13,14,21,19,22,32,18,19,15,17,85,74,66,95,103,92,89,95,11,34,68,17,69,26,20,29,42,14,28,28,34,29,30,26,28,21,23,15,20,23,16,20,32,17,25,13,4,6,9,5,4,17,3,3,8,10,16,,3,18,49,50,22,37,25,21,,21,15,3,13,13,19,27,33,22,16,13,20,18,10,10,3,3,3,,3,3,20,27,33,38,26,11,77,62,20,,23,,9,,10,32,20,13,8,7,3,7,16,23,4,33,36,94,38,49,76,76,67,23,10,3,40,142,,20,34,14,77,71
20251024,5,PM2.5_24h,47,55,69,31,21,66,67,39,29,62,57,54,60,63,29,35,20,32,33,11,10,16,10,16,33,14,13,14,14,13,21,13,24,15,12,19,17,17,14,13,7,15,17,15,14,10,15,23,31,16,63,16,26,17,17,17,14,17,18,14,17,11,15,13,13,7,20,15,7,47,15,15,40,90,29,24,46,25,31,23,19,25,12,23,47,46,20,34,21,8,19,47,30,16,8,13,20,16,14,15,15,17,22,13,13,11,18,12,9,74,33,61,56,67,30,50,42,38,31,53,20,32,19,17,13,18,69,67,76,68,66,69,26,38,26,29,29,23,19,18,3,4,18,23,15,19,6,16,13,14,55,48,34,39,62,54,42,41,24,45,,,,,,,,,,,,,,,,,,,,,,,,,,,,,,33,59,15,57,42,62,47,42,42,32,43,12,44,29,32,10,33,21,44,37,25,31,56,38,40,30,35,22,33,16,24,16,27,37,17,26,20,26,25,35,28,18,13,17,34,36,20,53,22,14,10,17,19,12,15,15,21,20,18,23,20,17,22,16,68,62,67,86,74,55,59,57,15,42,50,17,48,22,17,26,28,11,24,24,28,25,26,24,25,20,17,13,18,16,13,16,19,13,21,10,6,6,15,10,4,14,6,3,8,14,15,,5,16,23,45,23,24,24,26,,22,14,9,13,15,24,18,27,16,16,13,18,18,14,7,5,4,23,,4,6,17,24,28,30,20,14,73,61,24,,27,,11,,15,18,13,13,11,16,5,14,37,30,8,41,32,80,40,54,82,81,64,43,18,6,56,108,,16,20,14,63,61
20251024,5,PM10,76,109,102,65,41,89,99,34,54,105,97,77,86,81,50,68,38,65,81,29,25,50,24,41,51,31,38,48,35,31,52,32,52,40,34,31,47,48,48,27,26,40,34,32,34,19,16,44,61,34,91,29,56,34,25,30,31,29,31,23,25,25,22,25,26,11,25,35,7,72,29,28,53,190,43,45,83,42,62,41,30,54,15,29,98,115,33,61,40,16,44,66,51,26,32,30,32,23,22,24,24,19,26,27,26,20,25,34,26,89,50,92,105,111,53,95,76,67,51,65,36,41,35,36,33,36,113,103,95,107,129,104,38,69,34,54,40,37,26,32,6,6,28,44,32,23,10,14,24,29,79,50,,21,99,95,80,64,58,159,,,,,,,,,,,,,,,,,,,,,,,,,,,,,,83,128,25,119,63,96,104,35,120,55,56,19,96,43,18,12,34,39,80,54,34,68,104,61,81,27,35,27,53,34,48,18,49,42,24,25,36,66,57,64,53,34,23,29,70,70,48,101,49,34,13,23,30,22,18,27,33,38,34,47,39,33,35,35,108,101,91,135,163,145,114,160,26,52,116,29,102,33,31,37,63,20,39,36,36,38,45,38,45,41,38,27,29,34,20,23,40,20,32,20,11,11,18,7,10,21,15,6,12,17,,,6,24,60,56,31,45,35,29,,33,18,18,23,27,,34,40,26,27,12,31,26,12,27,7,7,14,,8,7,26,39,47,51,27,19,92,106,31,,,,20,,21,41,,22,20,23,6,15,35,36,6,108,106,168,86,150,196,229,180,54,44,6,103,256,,30,51,22,103,
20251024,5,PM10_24h,66,92,90,58,45,69,84,54,57,87,77,66,72,87,43,56,36,51,63,29,27,36,25,38,61,29,36,34,32,29,41,30,46,33,30,35,35,33,33,32,25,31,34,34,33,26,19,40,60,35,94,28,45,28,30,29,27,32,31,23,28,18,22,23,22,10,27,26,13,73,26,22,61,173,41,40,66,46,58,34,31,61,24,42,81,84,41,58,45,20,45,75,49,33,26,33,29,31,20,27,22,22,29,23,22,22,29,25,16,116,46,70,101,97,52,87,60,61,55,73,49,52,37,34,31,32,107,82,107,98,119,81,39,48,40,50,35,33,29,28,8,5,27,34,32,30,9,26,22,22,83,59,41,36,82,97,92,66,81,167,,,,,,,,,,,,,,,,,,,,,,,,,,,,,,59,87,26,108,62,88,86,52,86,60,72,21,72,40,54,34,46,45,81,50,51,55,101,61,80,51,51,37,58,32,51,25,53,69,38,47,32,51,53,59,50,32,28,32,58,63,40,84,42,32,26,27,25,18,21,24,38,37,37,42,42,35,46,35,100,95,100,135,127,97,80,101,35,60,90,34,77,37,28,41,46,17,40,36,32,40,37,39,38,33,33,26,29,29,18,32,28,16,28,20,11,20,21,13,16,22,24,5,13,20,20,,5,23,33,46,26,30,30,36,,31,24,23,26,28,21,25,27,21,26,20,28,26,23,17,13,17,46,,8,12,23,37,38,48,30,24,89,119,37,,31,,30,,14,27,15,27,25,30,14,33,57,49,10,128,97,170,95,176,217,230,186,100,53,30,129,208,,29,41,21,93,61
20251024,5,SO2,3,9,2,9,6,6,4,5,2,4,5,7,4,6,6,8,9,7,12,6,5,8,5,9,8,5,9,10,5,12,9,9,7,9,6,4,8,9,9,6,4,3,6,4,6,5,2,9,7,6,9,7,7,8,8,7,7,7,8,5,8,7,5,8,6,4,4,4,5,2,5,15,7,8,5,8,12,6,12,12,8,20,3,7,16,11,3,8,8,5,6,5,3,13,4,6,9,8,12,9,6,6,7,6,6,3,5,8,3,7,5,18,7,7,15,16,9,6,56,7,6,6,9,7,6,4,9,5,9,10,7,11,6,9,9,6,8,8,8,8,4,7,6,32,8,5,2,5,4,5,3,3,4,5,6,5,10,8,5,9,,,,,,,,,,,,,,,,,,,,,,,,,,,,,,6,5,5,5,15,8,9,16,4,23,4,6,10,9,6,5,11,12,7,6,5,7,5,16,12,10,3,5,8,10,9,4,5,5,11,5,4,6,7,8,9,8,4,7,8,7,3,8,13,7,5,5,5,7,5,5,11,13,47,6,12,7,5,7,9,8,9,8,7,11,6,5,6,6,10,9,4,9,4,5,5,7,8,8,6,5,5,8,7,8,9,5,6,4,4,11,5,7,9,1,3,5,4,5,5,6,15,5,9,3,5,,6,14,3,13,4,14,8,4,,3,6,2,11,5,4,20,7,31,8,5,9,6,7,3,4,9,6,,8,4,6,4,6,8,10,8,5,9,9,,2,,6,,4,20,3,10,8,12,2,19,5,7,4,5,8,8,6,5,16,5,7,6,4,3,6,10,,6,10,2,8,7
20251024,5,SO2_24h,4,10,3,7,7,9,5,6,3,4,5,8,5,9,6,8,9,8,10,6,5,7,4,8,9,4,8,9,5,10,9,8,8,8,6,4,7,8,7,6,4,3,5,4,6,5,2,8,8,6,11,7,6,7,8,6,7,8,6,5,8,6,6,7,7,4,4,3,6,2,5,11,10,10,5,9,15,7,10,9,6,20,3,8,15,12,5,9,8,6,7,7,5,12,4,6,7,7,9,12,6,6,6,5,6,2,5,7,3,13,6,15,7,7,21,17,9,7,18,11,6,8,9,6,6,4,9,8,12,10,8,12,7,9,9,6,8,6,7,7,4,7,7,14,8,6,2,5,4,4,4,4,5,5,6,5,15,12,6,8,,,,,,,,,,,,,,,,,,,,,,,,,,,,,,7,6,5,6,5,12,10,9,6,15,7,6,12,17,6,6,10,10,9,7,7,9,6,17,13,11,6,7,10,10,9,4,10,7,10,5,4,7,8,9,9,8,5,7,8,7,3,10,10,6,6,2,4,7,6,5,9,13,16,6,10,7,7,6,9,9,10,9,8,12,7,7,7,7,10,8,4,9,4,6,5,6,7,6,7,5,4,7,7,8,8,8,5,3,4,13,4,7,9,2,3,6,5,6,5,6,9,5,9,3,5,,6,10,4,16,3,10,10,4,,4,6,2,11,5,5,13,5,13,7,6,11,6,7,3,4,9,9,,8,4,5,5,5,6,15,8,7,9,9,,2,,6,,4,14,6,10,13,11,3,17,8,7,4,6,10,12,8,5,9,7,9,7,4,3,10,14,,8,9,2,9,7
20251024,5,NO2,34,57,36,43,37,43,40,14,27,37,65,56,34,45,43,59,20,51,58,20,17,33,15,24,23,18,34,36,32,19,31,21,22,26,18,19,23,31,29,12,8,39,34,16,23,7,9,18,40,21,37,19,18,15,8,14,17,19,19,13,10,13,12,11,15,11,6,25,5,28,22,17,40,54,15,29,49,32,37,17,33,51,6,18,62,52,39,36,16,9,42,27,23,16,11,25,9,11,14,11,9,7,7,11,12,1,14,16,15,36,25,24,39,34,37,52,41,39,38,33,17,31,20,25,18,22,38,39,38,24,25,25,12,16,18,8,8,9,9,9,5,10,13,21,10,8,13,7,4,12,25,15,17,24,18,18,32,26,13,25,,,,,,,,,,,,,,,,,,,,,,,,,,,,,,19,30,10,15,25,41,15,26,45,45,40,15,35,40,16,16,8,37,43,41,37,40,29,39,22,30,37,21,25,15,25,13,42,23,20,21,17,20,28,21,34,12,6,11,32,23,22,28,45,21,6,11,9,7,10,6,11,11,19,10,16,8,8,25,36,38,48,35,32,22,42,29,12,19,24,17,17,17,14,24,19,3,16,11,16,12,7,8,13,10,4,6,14,9,6,12,10,6,7,9,6,5,8,10,8,11,16,7,13,7,3,,8,7,8,8,6,11,9,8,,7,5,4,10,9,5,22,8,14,6,6,18,12,6,6,1,5,2,,9,2,6,40,9,24,20,9,34,19,14,,9,,6,,10,26,5,2,4,1,5,1,24,29,10,24,60,40,19,18,11,65,44,15,9,2,36,82,,17,19,8,49,27
20251024,5,NO2_24h,32,54,34,31,35,40,42,28,31,40,50,49,31,44,34,39,19,41,44,18,17,24,13,25,32,16,27,24,21,16,29,18,27,23,15,18,23,23,22,12,8,24,20,17,22,11,11,17,39,20,44,18,17,17,12,18,19,21,22,13,10,14,15,9,14,17,9,19,12,31,19,24,37,50,16,21,44,35,28,17,26,43,9,24,54,42,29,36,18,10,35,37,21,18,11,23,10,15,14,14,10,7,8,13,13,2,15,16,8,40,28,25,33,35,42,42,31,34,33,37,22,31,24,25,22,20,39,42,42,30,32,26,20,20,20,10,9,8,9,9,6,11,16,15,13,15,12,11,6,12,28,24,27,26,29,22,30,33,23,30,,,,,,,,,,,,,,,,,,,,,,,,,,,,,,20,27,11,23,26,36,18,30,41,31,47,17,31,34,28,30,13,31,39,34,36,37,33,28,25,35,41,24,26,13,24,14,36,28,25,26,15,25,27,30,29,12,7,14,29,28,22,23,33,18,9,11,13,6,12,7,16,13,17,10,15,10,7,15,42,40,48,37,25,19,31,22,13,19,26,16,16,17,13,23,19,8,15,12,17,18,8,9,12,12,4,8,12,7,7,19,9,7,7,8,12,10,13,14,13,11,22,16,21,10,13,,10,7,9,9,9,11,8,9,,6,7,7,11,10,6,15,6,11,9,9,15,12,9,6,5,7,21,,10,3,11,31,10,21,27,13,29,32,20,,12,,9,,9,15,11,5,12,3,14,8,27,23,12,36,44,50,25,37,22,51,34,31,18,12,34,59,,15,15,8,48,28
20251024,5,O3,7,3,4,8,19,12,2,19,5,1,4,1,13,5,8,5,59,8,9,70,54,47,56,59,53,52,39,32,42,41,31,35,53,52,65,60,60,59,52,67,85,33,46,41,58,82,70,67,20,44,20,72,59,80,63,62,63,66,71,71,66,59,40,46,30,40,72,14,89,16,9,42,3,33,59,61,4,31,22,60,30,7,82,68,5,8,18,5,62,80,25,25,45,73,64,38,60,44,41,44,60,62,78,59,72,54,42,57,11,17,8,38,8,9,8,3,11,9,14,11,44,9,37,55,67,66,25,11,11,39,36,74,38,71,65,88,55,87,56,63,67,23,30,35,29,39,26,14,48,43,25,46,25,22,63,30,43,18,44,69,,,,,,,,,,,,,,,,,,,,,,,,,,,,,,62,24,56,57,12,9,86,17,4,15,29,40,32,9,23,23,78,15,2,7,8,7,5,12,26,37,17,14,27,48,29,15,6,23,23,48,16,52,34,55,28,67,23,53,41,49,44,25,19,47,86,54,62,65,65,61,84,80,56,89,74,71,67,55,13,20,3,21,15,54,16,30,57,21,39,66,88,69,68,3,57,39,83,96,70,69,101,87,88,59,61,55,50,66,54,44,77,60,61,16,43,20,23,36,38,23,14,33,6,32,41,,39,52,37,33,103,23,37,66,,59,39,37,55,28,24,16,39,29,16,48,2,11,51,70,88,79,104,,66,84,55,1,86,45,98,53,4,32,21,,55,,19,,50,27,57,32,56,50,69,81,4,2,20,49,12,34,23,47,72,4,28,51,40,89,34,3,,26,64,38,6,27
20251024,5,O3_24h,,,,,,,,,,,,,,,,,,,,,,,,,,,,,,,,,,,,,,,,,,,,,,,,,,,,,,,,,,,,,,,,,,,,,,,,,,,,,,,,,,,,,,,,,,,,,,,,,,,,,,,,,,,,,,,,,,,,,,,,,,,,,,,,,,,,,,,,,,,,,,,,,,,,,,,,,,,,,,,,,,,,,,,,,,,,,,,,,,,,,,,,,,,,,,,,,,,,,,,,,,,,,,,,,,,,,,,,,,,,,,,,,,,,,,,,,,,,,,,,,,,,,,,,,,,,,,,,,,,,,,,,,,,,,,,,,,,,,,,,,,,,,,,,,,,,,,,,,,,,,,,,,,,,,,,,,,,,,,,,,,,,,,,,,,,,,,,,,,,,,,,,,,,,,,,,,,,,,,,,,,,,,,,,,,,,,,,
20251024,5,O3_8h,,,,,,,,,,,,,,,40,,,,,,,,,,55,,,,,,,,,,,,,,,,,,,,,,,,,,,,,,,,,,,,,,,,,,44,,,,,,,,,,,,,,,,,,,,,,,,,,,,,,,,,,,,,,,,,,,,,,,,,,,,,,,,,,,,,,,,,,,,,,,,,,,,,,,,,,,,,,,,,,,,,,,,,,,,,,,,,,,,,,,,,,,,,,,,,,,,,,,,,,,,,,,,,,,,,,,,,,,,,,,,,,,,,,,,,,,,,,,,,,,,,,,,,,,,,,,,,,,,49,,,,,,,,61,,,,,,,,,,,,,,,,,,,,,,,,,,,,,,,,,,,,,,,,,,,,,,,,,,,,,,,,,,,,,,,,,,,,,,,,,,,,,,,,,,,,,,,,,,,,,,,,,,,,,,,,,,,,,,,,
20251024,5,O3_8h_24h,,,,,,,,,,,,,,,,,,,,,,,,,,,,,,,,,,,,,,,,,,,,,,,,,,,,,,,,,,,,,,,,,,,,,,,,,,,,,,,,,,,,,,,,,,,,,,,,,,,,,,,,,,,,,,,,,,,,,,,,,,,,,,,,,,,,,,,,,,,,,,,,,,,,,,,,,,,,,,,,,,,,,,,,,,,,,,,,,,,,,,,,,,,,,,,,,,,,,,,,,,,,,,,,,,,,,,,,,,,,,,,,,,,,,,,,,,,,,,,,,,,,,,,,,,,,,,,,,,,,,,,,,,,,,,,,,,,,,,,,,,,,,,,,,,,,,,,,,,,,,,,,,,,,,,,,,,,,,,,,,,,,,,,,,,,,,,,,,,,,,,,,,,,,,,,,,,,,,,,,,,,,,,,,,,,,,,,
20251024,5,CO,0.70,0.95,0.67,0.58,0.28,0.60,0.61,0.48,0.60,0.75,0.82,0.53,0.45,0.97,0.66,0.61,0.55,0.69,0.92,0.48,0.42,0.88,0.41,0.76,0.42,0.36,0.73,0.59,0.42,0.42,0.84,0.48,0.63,0.56,0.46,0.32,0.63,0.60,0.93,0.40,0.55,0.47,0.37,0.30,0.39,0.32,0.42,0.54,0.66,0.30,0.63,0.29,0.38,0.42,0.53,0.35,0.49,0.38,0.37,0.43,0.49,0.32,0.46,0.36,0.40,0.40,0.27,0.52,0.22,0.65,0.65,0.47,0.68,1.04,0.52,0.70,1.71,0.52,0.96,0.50,0.40,0.68,0.30,0.40,0.90,0.95,0.42,0.53,0.42,0.27,0.58,0.30,0.50,1.12,0.38,0.43,0.50,0.50,0.52,0.48,0.45,0.50,0.50,0.43,0.53,0.10,0.46,0.40,0.43,0.40,1.14,1.37,0.88,1.10,0.64,1.22,0.70,0.75,1.04,0.77,0.42,0.36,0.50,0.83,0.47,0.48,0.70,0.70,0.70,1.00,0.52,0.55,0.33,0.53,0.60,0.38,0.30,0.43,0.38,0.50,0.50,0.40,0.62,1.12,0.43,0.37,0.65,0.30,0.48,0.47,0.75,0.85,0.80,0.58,0.55,0.80,0.67,0.66,0.58,0.70,,,,,,,,,,,,,,,,,,,,,,,,,,,,,,0.43,0.70,0.33,0.86,0.58,1.07,0.56,0.83,1.07,0.98,0.57,0.50,0.80,0.85,0.50,0.20,0.65,1.68,0.93,0.63,0.53,0.55,0.75,0.80,0.60,0.35,0.40,0.47,0.67,0.87,0.43,0.42,0.57,0.60,0.55,0.35,0.35,0.40,0.32,0.53,0.90,0.30,0.35,0.22,0.28,0.40,0.33,0.60,0.80,0.40,0.53,0.43,0.43,0.43,0.35,0.67,0.45,0.40,0.47,0.60,0.55,0.44,0.55,0.30,1.18,0.82,0.73,0.55,0.64,0.67,0.75,0.50,0.30,0.63,0.48,0.43,0.46,0.40,0.37,0.20,0.73,0.40,0.75,0.60,0.60,0.37,0.33,0.15,0.50,0.20,0.43,0.37,0.68,0.47,0.33,0.50,0.47,0.60,0.45,0.50,0.57,0.37,0.42,0.55,0.50,0.50,0.30,0.65,0.65,0.43,0.60,,0.90,0.63,0.53,0.47,0.35,0.55,0.55,0.45,,0.55,0.60,0.60,0.60,0.40,0.75,0.75,0.27,0.45,0.55,0.65,0.65,0.45,0.35,0.40,0.30,0.35,0.20,,0.30,0.25,0.53,0.73,0.40,0.45,1.30,0.40,1.00,0.70,0.60,,0.35,,0.80,,0.40,1.30,0.50,0.40,0.40,0.40,0.30,0.40,0.57,0.55,0.60,0.80,0.45,0.80,0.40,0.60,0.25,0.95,0.55,0.50,0.50,0.10,0.35,1.55,,0.40,0.10,0.45,0.68,0.53
20251024,5,CO_24h,0.63,0.86,0.67,0.76,0.33,0.60,0.51,0.62,0.60,0.60,0.75,0.50,0.53,1.06,0.55,0.57,0.50,0.51,0.68,0.47,0.42,0.66,0.41,0.66,0.43,0.34,0.56,0.53,0.42,0.38,0.60,0.48,0.67,0.42,0.42,0.32,0.44,0.45,0.67,0.40,0.50,0.37,0.33,0.30,0.40,0.35,0.40,0.47,0.60,0.31,0.62,0.31,0.40,0.42,0.58,0.42,0.53,0.45,0.47,0.48,0.50,0.42,0.46,0.32,0.42,0.51,0.29,0.51,0.28,0.65,0.60,0.53,0.84,0.90,0.52,0.67,1.20,0.64,0.74,0.43,0.33,0.67,0.35,0.43,0.78,0.70,0.52,0.50,0.43,0.28,0.52,0.34,0.53,0.96,0.32,0.50,0.47,0.59,0.53,0.62,0.47,0.57,0.60,0.47,0.53,0.10,0.50,0.40,0.40,0.60,0.88,1.07,0.90,0.95,0.70,1.06,0.65,0.68,0.84,0.80,0.50,0.44,0.52,0.57,0.47,0.45,0.68,0.62,0.72,0.73,0.58,0.53,0.43,0.47,0.68,0.38,0.23,0.37,0.38,0.44,0.53,0.46,0.70,0.86,0.50,0.43,0.72,0.40,0.48,0.47,0.63,0.85,0.80,0.60,0.60,0.80,0.77,0.64,0.48,0.73,,,,,,,,,,,,,,,,,,,,,,,,,,,,,,0.40,0.60,0.30,0.64,0.63,1.10,0.56,0.90,0.83,0.78,0.77,0.60,0.70,0.72,0.90,0.25,0.70,1.22,0.73,0.60,0.60,0.40,0.75,0.80,0.60,0.50,0.45,0.57,0.65,0.57,0.57,0.50,0.58,0.57,0.55,0.40,0.35,0.35,0.30,0.50,0.75,0.30,0.35,0.22,0.34,0.38,0.33,0.50,0.65,0.30,0.55,0.43,0.53,0.37,0.45,0.60,0.53,0.42,0.33,0.54,0.50,0.36,0.55,0.33,0.94,0.85,0.73,0.60,0.60,0.63,0.63,0.47,0.38,0.65,0.46,0.40,0.38,0.40,0.37,0.30,0.63,0.43,0.72,0.55,0.60,0.47,0.33,0.15,0.50,0.25,0.43,0.40,0.53,0.47,0.37,0.50,0.43,0.55,0.45,0.50,0.60,0.47,0.47,0.60,0.60,0.53,0.35,0.70,0.65,0.47,0.60,,0.80,0.63,0.60,0.47,0.35,0.60,0.45,0.45,,0.55,0.55,0.60,0.60,0.40,0.80,0.75,0.23,0.45,0.55,0.75,0.60,0.45,0.45,0.30,0.30,0.30,0.50,,0.35,0.30,0.57,0.67,0.40,0.55,0.70,0.85,0.80,0.85,0.70,,0.40,,0.85,,0.25,1.00,0.50,0.40,0.60,0.40,0.40,0.50,0.73,0.60,0.53,0.95,0.55,0.90,0.50,0.75,0.30,0.80,0.75,0.95,0.60,0.20,0.50,1.10,,0.35,0.10,0.55,0.62,0.50
20251024,6,AQI,68,90,103,60,39,105,113,41,52,91,104,88,93,85,58,65,39,70,67,29,34,46,26,40,48,43,40,44,41,35,49,32,49,40,34,31,51,44,47,26,27,40,36,35,29,24,22,43,56,31,94,28,52,35,25,29,30,28,35,24,26,24,26,25,26,14,27,35,26,69,32,35,51,143,50,50,79,45,59,44,33,55,25,30,83,99,34,59,41,25,41,70,53,30,33,35,35,23,25,26,23,21,26,27,27,17,26,33,24,83,49,110,79,98,55,71,74,66,53,65,32,41,36,34,37,35,109,110,99,113,101,109,39,74,32,54,47,39,33,35,21,8,29,46,32,24,9,19,24,34,80,68,55,43,104,88,71,70,54,102,,,,,,,,,,,,,,,,,,,,,,,,,,,,,,75,114,25,85,58,103,79,50,96,53,53,26,74,50,23,11,37,44,70,66,37,59,74,59,68,40,34,43,51,37,50,21,48,41,23,31,37,60,53,59,50,37,21,27,64,57,48,85,52,34,27,27,27,22,19,23,34,36,35,43,48,35,36,34,106,98,83,120,131,119,113,128,28,53,91,31,93,46,28,39,70,21,41,36,43,39,44,36,38,35,37,29,31,36,26,29,44,24,33,21,13,11,17,11,13,24,18,11,12,16,19,,11,26,64,70,33,54,46,30,,36,21,15,24,26,24,34,44,26,25,20,34,29,16,21,24,22,31,,19,25,27,40,50,54,39,19,90,78,33,,24,,19,,21,43,26,19,24,30,23,24,34,38,7,74,73,125,66,103,119,137,115,50,39,28,76,191,,31,48,23,103,101
20251024,6,PM2.5,49,67,77,29,15,79,85,29,31,68,78,65,69,63,41,47,26,51,44,11,16,23,11,20,27,25,18,21,19,20,30,15,29,23,15,18,29,23,24,9,9,20,19,19,15,5,15,28,35,16,70,18,36,21,14,15,19,16,18,15,16,16,18,14,15,7,17,23,4,50,20,23,35,109,35,30,58,27,41,31,22,33,9,15,61,74,17,38,20,5,20,51,37,13,14,16,23,14,14,13,16,15,18,18,16,11,16,17,17,61,29,83,58,73,31,52,54,48,37,47,12,28,21,20,16,20,82,83,74,85,76,82,26,54,18,36,33,27,22,21,3,4,19,30,19,13,6,10,16,24,59,49,39,30,78,65,33,51,20,46,,,,,,,,,,,,,,,,,,,,,,,,,,,,,,55,86,16,63,37,77,57,35,72,37,34,7,54,35,16,5,26,20,51,48,24,42,49,42,47,20,22,30,34,21,31,11,27,27,12,19,26,43,30,42,28,26,12,17,46,38,24,63,31,19,4,19,12,12,13,14,23,19,20,28,23,20,16,17,80,73,61,91,100,90,85,97,13,37,68,16,69,32,18,27,51,12,27,25,30,27,29,23,24,22,23,16,21,23,18,20,29,17,23,12,4,4,9,7,3,17,6,3,8,9,13,,3,18,46,51,23,38,28,21,,25,11,3,12,17,17,24,31,18,13,14,19,20,11,8,3,3,3,,3,5,19,27,35,38,27,10,67,57,21,,17,,12,,15,30,18,12,9,10,3,15,16,25,4,31,33,95,37,48,67,76,62,23,18,6,40,144,,19,33,13,77,76
20251024,6,PM2.5_24h,47,56,70,31,21,67,69,38,29,63,59,54,61,64,31,35,21,32,33,11,10,16,10,16,33,14,13,15,15,13,21,13,24,15,12,19,17,18,15,13,7,15,17,15,14,10,16,23,31,16,64,16,27,18,17,18,15,18,18,15,17,12,15,13,13,7,20,16,7,47,15,15,39,92,29,24,48,26,31,24,19,26,12,22,48,47,20,34,21,8,18,47,30,16,8,13,20,16,14,15,15,17,21,14,13,11,18,13,10,74,33,63,56,68,30,48,42,39,31,53,20,32,19,17,13,18,70,68,76,70,67,69,26,39,26,29,29,24,19,18,3,4,18,23,15,19,6,16,13,15,56,48,34,38,63,54,42,42,24,46,,,,,,,,,,,,,,,,,,,,,,,,,,,,,,34,60,15,58,42,63,47,42,44,33,43,11,46,30,32,10,32,21,44,37,25,32,55,38,40,29,35,23,33,16,24,15,28,36,17,26,21,26,25,35,28,18,12,17,34,35,20,53,23,14,11,17,19,12,15,15,21,20,19,23,20,18,23,16,69,63,65,86,76,57,60,59,15,42,51,17,49,22,17,26,29,11,24,24,28,25,25,24,25,21,17,14,18,16,14,16,20,13,21,10,6,6,15,10,4,15,6,3,8,14,15,,5,16,24,47,23,25,23,26,,23,14,9,13,16,23,18,27,16,15,13,18,18,14,7,5,4,23,,4,6,17,24,28,30,21,14,73,60,23,,26,,11,,15,19,13,13,10,16,4,14,36,30,7,41,33,81,40,55,82,81,64,41,18,5,54,111,,16,21,14,64,62
20251024,6,PM10,75,109,100,69,39,89,107,36,53,100,101,74,80,83,52,69,39,64,83,29,34,46,26,40,48,43,40,44,41,35,49,32,49,40,34,31,51,44,47,26,27,40,36,35,29,20,15,43,61,31,85,28,53,35,25,29,30,28,35,24,26,24,22,25,26,14,27,35,7,70,32,35,52,184,46,50,76,45,67,42,33,59,15,30,94,113,34,68,41,17,41,64,53,30,33,35,35,23,25,26,23,21,26,27,27,16,26,33,22,92,49,100,105,107,59,86,78,70,52,67,32,41,36,34,37,35,113,112,100,103,126,98,39,73,32,58,41,38,33,35,6,6,29,46,32,24,9,19,24,30,81,,32,18,94,105,91,73,57,153,,,,,,,,,,,,,,,,,,,,,,,,,,,,,,77,123,25,105,65,102,107,38,122,56,56,26,93,44,19,9,35,44,81,55,37,63,98,63,86,40,34,31,52,37,50,21,48,41,23,31,20,67,55,58,50,36,21,27,74,64,48,92,53,34,15,25,27,22,19,23,34,36,35,43,48,35,36,34,108,102,79,128,158,146,111,155,28,49,114,31,101,40,28,38,67,21,41,29,39,38,44,36,38,35,37,29,31,36,22,25,44,16,33,21,10,11,17,9,9,22,18,6,12,16,13,,6,24,56,56,23,47,46,29,,27,21,15,24,26,,33,35,26,25,,34,26,14,16,8,7,15,,9,7,23,40,49,53,28,19,83,97,33,,19,,19,,16,39,,19,24,30,6,,34,38,7,97,96,165,81,155,187,224,180,50,39,6,102,251,,31,48,23,95,
20251024,6,PM10_24h,67,93,91,59,44,70,85,53,57,88,79,67,73,87,44,56,36,51,64,29,28,36,25,38,61,30,37,35,32,29,41,30,45,33,30,35,35,33,33,33,25,31,34,34,33,26,19,40,61,35,94,28,46,29,30,29,27,33,32,23,28,18,22,23,23,10,28,27,13,74,26,22,60,175,42,41,68,46,57,35,31,61,24,43,81,85,41,59,45,20,44,75,49,33,27,34,29,31,21,27,22,23,29,24,23,23,30,25,16,115,46,71,101,98,52,84,60,62,55,73,48,52,37,34,32,32,109,83,107,99,120,82,39,49,40,50,35,34,30,29,8,5,28,35,30,30,10,26,23,23,83,59,41,35,83,98,92,66,81,169,,,,,,,,,,,,,,,,,,,,,,,,,,,,,,60,89,26,109,61,89,87,51,87,61,71,21,74,41,53,33,45,45,81,50,51,56,101,61,80,50,51,37,58,32,50,26,54,67,39,46,33,52,53,58,50,32,28,32,58,63,40,84,42,32,26,27,26,18,22,24,38,37,38,42,42,35,46,35,100,96,98,135,130,100,81,103,35,60,91,34,78,37,28,41,47,18,40,36,33,40,38,39,39,33,34,26,29,30,19,32,29,17,29,20,11,20,21,12,16,23,24,4,13,20,20,,5,24,35,48,25,31,30,36,,31,24,22,26,28,21,26,28,21,26,20,29,26,23,16,13,17,46,,8,12,23,37,38,48,30,24,90,119,37,,30,,29,,14,28,15,27,25,31,14,32,56,49,10,127,99,172,96,177,216,229,186,97,54,29,127,211,,29,41,21,95,61
20251024,6,SO2,3,9,3,11,6,7,4,6,2,4,6,6,3,7,6,8,10,7,13,6,6,7,5,8,8,5,9,10,6,9,9,8,8,9,6,4,8,9,8,6,4,3,6,5,5,5,2,9,7,6,8,7,6,8,8,7,8,7,8,6,8,7,5,9,7,4,4,4,5,2,5,14,6,8,5,8,11,7,14,12,7,37,3,7,15,10,3,8,7,5,6,5,3,13,4,5,9,8,11,10,6,6,7,6,7,2,6,7,3,7,6,14,6,7,13,15,9,6,24,7,6,5,10,8,8,5,9,6,9,10,7,12,6,9,9,6,8,9,8,8,4,7,6,41,8,4,3,5,3,5,3,3,5,5,6,6,8,12,5,13,,,,,,,,,,,,,,,,,,,,,,,,,,,,,,6,4,6,6,5,8,9,12,4,21,5,5,10,9,6,3,11,14,6,5,5,6,20,17,12,13,4,5,8,11,9,4,5,5,16,7,4,7,7,8,9,8,4,7,8,7,3,8,9,7,5,8,4,8,6,5,10,15,30,6,12,8,4,6,8,8,9,8,7,11,5,5,6,7,11,7,5,9,3,4,5,7,7,8,7,5,6,7,8,8,16,5,7,4,4,11,4,7,9,1,3,6,5,6,5,6,13,5,9,3,5,,6,14,3,17,4,12,7,4,,3,5,2,10,5,4,13,9,27,8,6,7,6,7,3,5,9,6,,8,4,6,4,5,11,10,8,6,10,10,,2,,6,,4,16,3,10,9,13,2,20,5,6,4,4,8,8,8,5,9,6,6,7,4,2,6,10,,7,10,2,8,7
20251024,6,SO2_24h,4,10,3,7,7,9,5,6,3,4,5,8,5,9,6,8,9,8,10,6,5,7,4,8,9,4,8,9,5,10,9,8,8,8,6,4,7,9,7,6,4,3,5,4,6,5,2,8,8,6,11,7,6,7,8,6,7,8,6,5,8,6,6,7,7,4,4,3,6,2,5,11,10,10,5,9,15,7,10,9,6,21,3,8,15,12,5,9,8,6,7,7,4,12,4,6,8,7,9,12,6,6,6,5,6,2,5,7,3,12,6,15,7,7,21,17,9,7,18,11,6,8,9,6,6,4,10,7,12,10,8,12,7,9,9,6,8,6,7,7,4,7,7,15,8,6,2,5,4,4,4,4,5,5,6,5,16,12,7,9,,,,,,,,,,,,,,,,,,,,,,,,,,,,,,7,6,5,6,5,12,10,9,6,16,7,6,12,16,6,6,11,10,9,7,7,9,7,18,12,11,6,7,10,10,9,4,10,7,11,5,4,7,8,8,9,8,5,7,8,7,3,10,10,6,6,3,4,7,6,5,9,13,17,6,10,7,7,6,9,9,10,9,8,12,7,7,7,7,10,8,4,9,4,6,5,6,7,6,7,5,4,7,7,8,8,8,5,3,4,13,4,7,9,1,3,6,5,6,5,6,9,5,9,3,5,,6,10,4,17,3,11,10,4,,4,6,2,11,5,5,13,6,15,7,6,11,6,7,3,4,9,9,,8,4,6,5,5,7,15,8,7,9,9,,2,,6,,4,14,6,10,13,11,3,18,8,7,4,6,10,12,9,5,9,7,9,7,4,3,10,14,,7,9,2,9,7
20251024,6,NO2,34,56,35,42,39,43,39,15,26,34,61,53,33,45,41,58,24,51,58,24,25,35,16,22,24,21,37,37,31,21,30,23,23,24,20,19,25,30,28,13,8,34,25,16,24,8,8,20,41,21,39,19,18,16,9,15,18,19,20,16,10,13,11,10,16,12,6,22,6,26,22,19,37,52,14,30,47,33,41,20,30,53,6,18,61,51,47,38,15,10,39,30,19,16,12,31,9,13,13,10,9,7,7,13,12,1,17,10,16,32,28,26,31,37,37,51,44,38,42,33,16,34,26,32,23,22,37,38,38,31,24,24,15,17,19,9,6,9,10,9,5,9,11,20,11,9,12,8,4,13,24,15,12,23,17,18,37,28,12,26,,,,,,,,,,,,,,,,,,,,,,,,,,,,,,19,32,11,15,23,45,16,28,41,44,39,17,30,38,20,21,7,40,40,44,38,43,30,36,28,29,35,23,26,17,30,17,45,21,26,30,17,23,27,20,36,13,7,12,31,20,22,28,47,19,6,14,9,6,13,5,12,11,21,10,16,10,7,25,34,38,47,35,31,25,40,29,12,14,25,18,16,18,11,22,21,3,17,10,16,12,8,9,13,10,3,6,14,7,6,12,9,6,7,10,8,4,9,10,7,13,16,7,12,7,5,,11,8,8,7,7,10,11,7,,7,5,4,10,6,6,15,11,16,5,6,15,11,6,3,2,7,6,,10,2,7,39,11,22,21,8,36,21,14,,8,,6,,11,22,4,1,11,2,4,1,22,25,10,19,55,33,21,14,7,58,45,15,8,4,34,82,,13,18,8,48,29
20251024,6,NO2_24h,32,54,34,32,35,39,42,27,30,40,51,50,32,44,35,39,20,41,45,18,17,25,13,25,32,16,27,24,21,17,29,18,27,23,15,18,24,24,21,12,8,24,21,17,22,10,11,17,39,20,43,18,17,16,12,18,19,21,22,13,11,14,15,9,15,17,9,20,12,31,20,25,38,50,16,22,45,36,28,17,26,44,9,24,55,42,29,36,18,10,35,36,21,18,12,24,10,15,14,14,10,7,8,13,13,2,15,15,9,39,28,25,33,35,42,42,31,34,33,37,22,31,24,25,22,20,39,41,41,30,31,26,20,19,20,10,9,8,9,9,6,11,15,15,13,15,12,11,6,12,28,24,26,26,28,22,30,34,23,30,,,,,,,,,,,,,,,,,,,,,,,,,,,,,,20,27,12,22,26,35,17,30,41,32,46,17,32,35,28,30,13,31,39,34,36,37,33,28,25,35,42,24,26,13,24,14,36,27,26,26,16,25,26,29,29,12,7,14,29,27,22,23,33,18,9,11,13,6,12,7,16,13,17,10,15,10,7,15,41,40,48,36,26,19,31,23,13,19,26,16,16,17,13,23,19,8,15,12,17,18,8,9,12,12,4,8,12,7,7,19,9,7,7,8,12,10,13,14,13,11,22,16,20,10,13,,10,7,9,9,9,12,8,9,,6,7,6,11,10,6,15,6,12,9,9,15,13,9,6,5,7,21,,10,3,11,31,10,21,27,13,30,32,21,,12,,9,,9,16,10,5,12,3,13,7,26,23,12,36,45,50,25,37,22,51,35,29,18,12,34,59,,15,15,8,48,28
20251024,6,O3,6,4,4,7,16,11,2,20,3,1,4,,10,3,7,5,55,8,9,63,42,41,52,59,52,43,33,28,40,37,30,30,51,52,62,57,56,55,50,66,86,36,49,38,55,78,71,63,21,46,16,70,53,79,62,62,62,71,70,67,67,57,44,46,30,37,72,17,84,18,9,38,3,32,57,53,2,28,17,55,29,7,80,68,8,7,16,5,63,80,24,22,42,69,62,34,61,42,42,46,59,61,79,53,75,54,40,65,10,17,8,33,3,5,6,3,8,7,8,10,45,7,29,48,59,65,24,8,9,30,36,75,36,69,61,86,60,91,54,64,67,25,31,33,25,43,23,12,53,40,29,49,49,24,58,28,36,13,44,68,,,,,,,,,,,,,,,,,,,,,,,,,,,,,,58,18,55,64,15,5,82,13,2,14,30,37,35,8,23,10,79,13,1,5,6,8,5,10,17,37,18,11,25,39,25,10,6,28,18,38,16,46,35,55,26,63,17,48,38,51,40,25,15,49,86,48,59,68,59,59,83,78,50,86,71,70,66,55,11,19,3,17,16,40,16,27,52,22,35,65,87,64,75,8,57,52,79,99,67,70,98,90,78,61,60,53,50,69,54,44,81,59,63,20,42,19,20,35,40,21,15,34,5,37,35,,34,50,36,31,103,23,34,71,,58,35,38,54,28,21,21,32,25,15,50,3,12,48,68,78,70,98,,61,80,54,2,84,44,115,53,3,34,23,,62,,19,,41,20,51,36,43,45,74,76,4,1,19,54,15,42,21,53,77,1,35,48,31,88,32,3,,28,62,37,7,28
20251024,6,O3_24h,,,,,,,,,,,,,,,,,,,,,,,,,,,,,,,,,,,,,,,,,,,,,,,,,,,,,,,,,,,,,,,,,,,,,,,,,,,,,,,,,,,,,,,,,,,,,,,,,,,,,,,,,,,,,,,,,,,,,,,,,,,,,,,,,,,,,,,,,,,,,,,,,,,,,,,,,,,,,,,,,,,,,,,,,,,,,,,,,,,,,,,,,,,,,,,,,,,,,,,,,,,,,,,,,,,,,,,,,,,,,,,,,,,,,,,,,,,,,,,,,,,,,,,,,,,,,,,,,,,,,,,,,,,,,,,,,,,,,,,,,,,,,,,,,,,,,,,,,,,,,,,,,,,,,,,,,,,,,,,,,,,,,,,,,,,,,,,,,,,,,,,,,,,,,,,,,,,,,,,,,,,,,,,,,,,,,,,
20251024,6,O3_8h,,,,,,,,,,,,,,,40,,,,,,,,,,55,,,,,,,,,,,,,,,,,,,,,,,,,,,,,,,,,,,,,,,,,,44,,,,,,,,,,,,,,,,,,,,,,,,,,,,,,,,,,,,,,,,,,,,,,,,,,,,,,,,,,,,,,,,,,,,,,,,,,,,,,,,,,,,,,,,,,,,,,,,,,,,,,,,,,,,,,,,,,,,,,,,,,,,,,,,,,,,,,,,,,,,,,,,,,,,,,,,,,,,,,,,,,,,,,,,,,,,,,,,,,,,,,,,,,,,49,,,,,,,,61,,,,,,,,,,,,,,,,,,,,,,,,,,,,,,,,,,,,,,,,,,,,,,,,,,,,,,,,,,,,,,,,,,,,,,,,,,,,,,,,,,,,,,,,,,,,,,,,,,,,,,,,,,,,,,,,
20251024,6,O3_8h_24h,,,,,,,,,,,,,,,,,,,,,,,,,,,,,,,,,,,,,,,,,,,,,,,,,,,,,,,,,,,,,,,,,,,,,,,,,,,,,,,,,,,,,,,,,,,,,,,,,,,,,,,,,,,,,,,,,,,,,,,,,,,,,,,,,,,,,,,,,,,,,,,,,,,,,,,,,,,,,,,,,,,,,,,,,,,,,,,,,,,,,,,,,,,,,,,,,,,,,,,,,,,,,,,,,,,,,,,,,,,,,,,,,,,,,,,,,,,,,,,,,,,,,,,,,,,,,,,,,,,,,,,,,,,,,,,,,,,,,,,,,,,,,,,,,,,,,,,,,,,,,,,,,,,,,,,,,,,,,,,,,,,,,,,,,,,,,,,,,,,,,,,,,,,,,,,,,,,,,,,,,,,,,,,,,,,,,,,
20251024,6,CO,0.71,0.97,0.64,0.66,0.30,0.60,0.64,0.48,0.60,0.75,0.85,0.53,0.45,0.96,0.66,0.65,0.59,0.72,0.91,0.48,0.48,0.82,0.41,0.79,0.40,0.38,0.76,0.57,0.44,0.43,0.84,0.48,0.63,0.56,0.47,0.34,0.64,0.55,0.90,0.40,0.55,0.47,0.37,0.33,0.39,0.33,0.40,0.51,0.67,0.34,0.66,0.30,0.38,0.43,0.53,0.37,0.48,0.38,0.38,0.45,0.49,0.32,0.44,0.34,0.42,0.42,0.28,0.54,0.23,0.65,0.65,0.50,0.68,1.07,0.60,0.70,1.71,0.58,0.98,0.50,0.40,0.78,0.30,0.40,0.90,0.90,0.46,0.57,0.43,0.25,0.55,0.32,0.50,0.92,0.38,0.45,0.50,0.49,0.50,0.48,0.45,0.53,0.50,0.47,0.53,0.10,0.46,0.40,0.43,0.45,1.50,1.35,0.82,1.15,0.60,1.08,0.72,0.78,1.20,0.82,0.42,0.40,0.83,0.93,0.47,0.45,0.70,0.72,0.70,0.90,0.52,0.58,0.42,0.53,0.65,0.42,0.30,0.43,0.38,0.46,0.50,0.40,0.58,1.16,0.50,0.33,0.65,0.35,0.48,0.50,0.70,0.90,0.73,0.60,0.60,0.80,0.70,0.72,0.56,0.70,,,,,,,,,,,,,,,,,,,,,,,,,,,,,,0.43,0.70,0.33,0.76,0.58,1.03,0.56,0.87,1.10,0.97,0.60,0.50,0.75,0.82,0.40,0.20,0.65,1.76,0.98,0.63,0.55,0.53,0.80,0.95,0.65,0.40,0.35,0.50,0.67,0.87,0.40,0.43,0.60,0.60,0.55,0.35,0.35,0.45,0.28,0.50,0.87,0.35,0.30,0.25,0.36,0.35,0.33,0.60,1.02,0.38,0.53,0.53,0.43,0.40,0.35,0.67,0.55,0.40,0.47,0.58,0.50,0.44,0.55,0.30,1.18,0.86,0.73,0.55,0.62,0.70,0.75,0.50,0.33,0.67,0.48,0.33,0.50,0.40,0.37,0.20,0.73,0.43,0.73,0.60,0.60,0.37,0.37,0.15,0.50,0.30,0.43,0.37,0.75,0.47,0.33,0.50,0.47,0.60,0.40,0.60,0.60,0.40,0.42,0.55,0.50,0.53,0.30,0.65,0.65,0.40,0.60,,0.90,0.67,0.53,0.47,0.35,0.55,0.65,0.45,,0.55,0.60,0.50,0.60,0.40,0.80,0.75,0.27,0.45,0.55,0.65,0.60,0.50,0.40,0.30,0.30,0.40,0.20,,0.30,0.25,0.53,0.87,0.40,0.50,1.20,0.40,1.00,0.60,0.55,,0.35,,0.80,,0.40,0.90,0.50,0.30,0.30,0.40,0.30,0.40,0.50,0.55,0.57,0.70,0.30,0.80,0.40,0.60,0.25,1.05,0.85,0.50,1.00,0.10,0.35,1.55,,0.45,0.10,0.45,0.67,0.50
20251024,6,CO_24h,0.64,0.90,0.68,0.76,0.33,0.60,0.53,0.62,0.60,0.60,0.75,0.50,0.53,1.06,0.57,0.57,0.52,0.50,0.71,0.47,0.42,0.66,0.41,0.66,0.43,0.34,0.59,0.53,0.42,0.40,0.60,0.48,0.65,0.42,0.42,0.32,0.44,0.45,0.65,0.40,0.50,0.37,0.33,0.30,0.40,0.35,0.40,0.47,0.61,0.31,0.63,0.33,0.40,0.42,0.58,0.42,0.53,0.45,0.47,0.48,0.50,0.40,0.47,0.32,0.42,0.50,0.29,0.51,0.28,0.65,0.55,0.53,0.84,0.92,0.52,0.68,1.25,0.64,0.72,0.47,0.33,0.65,0.35,0.43,0.80,0.70,0.52,0.50,0.42,0.27,0.52,0.34,0.52,0.96,0.32,0.48,0.47,0.59,0.53,0.60,0.47,0.57,0.60,0.47,0.53,0.10,0.50,0.40,0.40,0.60,0.88,1.07,0.90,0.97,0.70,1.06,0.65,0.68,0.84,0.80,0.50,0.44,0.53,0.58,0.50,0.45,0.68,0.64,0.72,0.73,0.58,0.53,0.43,0.47,0.68,0.38,0.23,0.37,0.38,0.44,0.53,0.46,0.70,0.90,0.50,0.43,0.72,0.40,0.48,0.47,0.63,0.85,0.83,0.60,0.60,0.80,0.77,0.68,0.48,0.73,,,,,,,,,,,,,,,,,,,,,,,,,,,,,,0.40,0.60,0.30,0.64,0.63,1.10,0.56,0.87,0.87,0.80,0.77,0.60,0.70,0.75,0.90,0.25,0.70,1.26,0.73,0.60,0.60,0.40,0.75,0.80,0.60,0.50,0.45,0.57,0.65,0.57,0.53,0.50,0.63,0.57,0.55,0.40,0.40,0.35,0.30,0.50,0.73,0.30,0.35,0.22,0.34,0.38,0.33,0.50,0.67,0.30,0.55,0.43,0.53,0.37,0.45,0.60,0.53,0.42,0.35,0.54,0.50,0.38,0.55,0.33,0.98,0.85,0.73,0.60,0.60,0.63,0.63,0.47,0.38,0.65,0.46,0.40,0.38,0.40,0.37,0.30,0.63,0.47,0.72,0.60,0.60,0.50,0.33,0.15,0.50,0.25,0.43,0.37,0.53,0.47,0.37,0.50,0.43,0.55,0.45,0.50,0.60,0.47,0.47,0.60,0.60,0.50,0.35,0.70,0.65,0.47,0.60,,0.85,0.63,0.60,0.47,0.35,0.60,0.45,0.45,,0.55,0.55,0.60,0.60,0.40,0.80,0.75,0.23,0.45,0.55,0.75,0.60,0.45,0.45,0.30,0.30,0.30,0.50,,0.35,0.30,0.57,0.67,0.40,0.50,0.75,0.60,0.80,0.85,0.65,,0.40,,0.85,,0.30,0.90,0.50,0.40,0.60,0.40,0.40,0.50,0.70,0.60,0.57,0.95,0.55,0.90,0.50,0.75,0.30,0.80,0.75,0.90,0.60,0.20,0.50,1.10,,0.35,0.10,0.55,0.62,0.50
20251024,7,AQI,68,91,101,62,34,109,113,50,55,91,119,88,96,85,60,68,43,69,71,31,46,44,30,41,49,46,39,43,48,39,50,35,47,40,36,32,50,42,46,29,29,42,37,32,33,26,22,46,57,31,94,29,51,36,26,30,33,31,35,25,27,25,27,25,27,11,27,35,25,69,29,39,53,136,51,53,76,44,64,47,37,61,24,33,78,103,33,62,41,25,47,69,54,32,30,38,38,24,25,29,25,21,35,29,28,17,29,37,29,84,51,111,80,98,49,80,81,73,55,69,34,50,42,37,41,38,109,113,98,119,104,101,40,79,34,55,43,37,33,33,20,8,31,48,33,24,13,14,24,30,85,73,73,46,109,91,76,70,51,102,,,,,,,,,,,,,,,,,,,,,,,,,,,,,,74,125,25,80,58,99,80,47,94,58,54,24,76,47,30,14,39,51,76,69,41,58,77,62,78,54,37,30,49,50,50,20,48,47,31,56,43,61,59,53,53,43,24,35,66,59,50,83,51,31,25,27,24,21,20,30,37,36,43,43,38,37,34,36,115,99,80,120,130,119,113,128,26,54,93,29,91,47,25,37,73,25,37,31,49,43,44,38,43,33,38,32,34,33,27,30,39,26,33,19,13,10,17,11,11,26,20,13,12,13,17,,10,24,66,50,39,54,47,33,,26,21,16,21,36,27,36,47,26,24,17,32,30,17,20,22,20,27,,18,24,29,46,53,53,44,17,83,83,34,,27,,21,,21,43,26,21,27,36,21,24,31,37,9,72,81,113,68,100,113,134,110,50,24,28,74,187,,37,46,24,105,108
20251024,7,PM2.5,49,68,76,33,21,82,85,35,36,68,90,65,72,63,43,49,30,50,45,11,25,22,15,20,27,30,18,19,23,22,30,16,28,23,16,19,29,22,24,12,10,21,18,18,16,8,15,26,37,13,70,20,35,22,15,18,19,19,20,16,16,16,19,14,15,8,15,22,4,50,19,26,31,104,34,35,56,26,46,33,26,42,8,17,57,77,17,42,21,7,21,50,37,14,16,17,26,15,15,17,17,14,18,19,17,11,16,18,20,62,35,84,59,73,31,59,60,53,39,50,14,27,23,24,21,21,82,85,73,90,78,76,28,58,21,39,30,26,23,21,4,4,21,29,21,14,5,8,14,21,63,53,53,32,82,68,33,51,19,42,,,,,,,,,,,,,,,,,,,,,,,,,,,,,,54,95,16,59,34,74,59,33,70,40,33,8,56,33,21,6,27,20,56,50,28,39,50,44,46,27,24,21,33,20,35,13,28,31,16,34,30,44,36,32,26,30,10,22,48,38,24,61,31,19,4,18,13,12,14,21,23,20,25,24,20,20,16,18,87,74,59,91,99,90,85,97,13,38,69,15,68,33,15,26,53,12,25,22,34,29,29,23,30,23,26,17,20,23,19,21,27,18,23,13,6,5,10,8,3,18,5,3,7,6,12,,6,17,48,35,27,38,32,23,,18,12,3,10,25,19,25,33,18,17,12,19,21,8,5,5,3,6,,3,3,20,30,37,37,31,6,61,61,23,,19,,12,,15,30,18,11,12,15,3,15,16,26,6,33,30,85,43,49,63,71,53,25,11,3,44,141,,19,28,13,79,81
20251024,7,PM2.5_24h,48,57,71,30,21,69,70,38,29,63,60,55,62,65,32,35,21,32,34,11,11,17,10,17,33,14,14,15,15,14,21,13,24,16,13,19,18,18,15,14,7,16,17,15,14,10,16,24,32,16,65,15,27,18,17,18,15,18,18,15,17,12,16,13,14,7,21,17,7,48,16,15,39,94,30,25,50,25,31,24,20,26,12,22,48,48,20,35,21,8,18,47,31,16,9,13,21,16,14,16,16,17,20,14,14,12,18,14,11,74,33,64,56,69,30,47,43,40,32,53,19,32,19,17,13,19,71,70,76,72,68,70,26,40,25,29,29,24,20,18,3,4,18,23,16,19,6,15,13,15,56,48,35,38,64,54,42,42,24,46,,,,,,,,,,,,,,,,,,,,,,,,,,,,,,34,62,16,58,41,64,48,42,46,34,42,11,47,30,31,9,33,21,44,38,25,32,54,39,41,29,34,22,32,16,24,15,28,35,17,27,22,27,25,33,28,18,12,18,34,35,20,52,23,14,11,17,19,12,15,15,21,20,19,23,20,18,23,16,70,64,64,86,77,60,61,61,15,42,52,17,49,22,17,26,30,11,24,24,28,26,26,24,26,21,17,14,19,17,14,17,21,13,22,10,6,6,15,10,4,15,6,2,8,14,14,,5,17,26,48,23,26,23,26,,23,13,9,13,16,23,19,28,17,16,13,18,18,13,7,5,4,22,,4,6,18,25,28,29,21,14,73,60,23,,27,,11,,15,19,13,13,10,16,4,14,34,29,7,42,34,82,41,55,81,80,65,40,18,5,52,114,,16,21,15,65,63
20251024,7,PM10,75,109,103,73,34,95,103,42,59,94,111,73,85,85,54,70,42,75,91,31,46,44,30,41,49,46,39,43,48,39,50,35,47,40,36,32,50,42,46,29,29,42,37,32,33,26,14,46,64,31,82,29,51,36,26,30,33,31,35,25,27,25,27,25,27,11,27,35,7,73,29,39,55,178,51,55,76,44,69,45,34,72,16,33,90,119,33,74,41,21,47,68,57,32,30,38,38,24,25,29,25,21,35,29,28,17,29,37,25,90,52,106,102,114,49,101,80,76,58,72,34,50,42,37,41,38,114,117,102,104,128,101,37,78,34,60,36,37,32,33,6,6,31,48,33,24,13,14,24,30,89,66,,29,94,110,101,63,52,153,,,,,,,,,,,,,,,,,,,,,,,,,,,,,,77,121,25,99,65,101,105,38,120,66,58,24,85,41,26,14,34,51,93,56,41,65,103,73,105,58,37,30,49,50,50,20,48,47,31,62,33,69,67,56,55,38,24,35,76,68,50,84,52,31,14,27,24,21,18,29,37,36,43,43,38,37,34,36,105,100,83,130,157,140,100,156,26,51,114,29,104,43,25,37,66,25,37,30,45,43,44,38,41,33,38,32,34,33,26,23,39,19,32,18,10,10,17,11,10,24,20,6,12,13,15,,8,23,59,44,35,46,47,33,,24,21,16,21,27,15,33,35,26,23,15,32,26,17,12,9,10,13,,10,8,28,46,53,51,28,17,78,96,34,,23,,21,,16,40,,21,27,36,6,17,31,37,7,93,111,156,85,149,176,218,170,50,24,6,97,246,,37,46,24,97,
20251024,7,PM10_24h,68,94,93,60,44,71,86,53,57,89,81,67,74,88,46,56,37,52,65,28,28,37,25,38,61,30,37,36,33,29,41,31,45,33,31,35,36,34,34,33,25,32,35,34,33,26,19,41,61,35,94,28,46,29,30,30,28,34,33,24,28,19,23,23,23,10,28,28,13,74,27,23,60,177,43,42,70,47,57,35,31,62,24,43,82,87,41,60,45,19,44,74,49,33,27,34,31,32,21,28,23,23,29,24,24,23,30,26,17,115,47,72,102,99,52,82,61,62,55,73,47,52,37,34,33,33,110,84,107,101,121,82,40,50,39,51,36,34,30,30,8,5,29,35,29,30,10,25,23,23,84,59,41,35,84,100,93,67,80,169,,,,,,,,,,,,,,,,,,,,,,,,,,,,,,60,91,26,109,61,90,89,51,88,62,70,21,76,41,53,32,45,45,80,51,51,57,100,62,80,49,51,37,57,33,48,25,55,65,39,47,34,53,54,57,50,32,27,32,59,63,40,83,42,32,26,28,26,18,22,24,38,37,38,42,42,36,46,36,100,96,97,135,132,103,82,106,35,60,93,34,79,36,28,41,48,18,40,36,33,41,38,39,39,33,34,26,30,31,20,32,30,17,29,20,11,20,21,12,16,23,24,4,13,20,20,,5,24,37,49,26,33,31,36,,32,24,23,26,28,20,26,29,22,26,20,29,27,23,15,13,17,46,,8,12,24,38,39,48,31,24,90,118,36,,29,,29,,15,28,15,27,25,31,13,31,55,49,10,127,102,173,97,178,215,229,186,94,54,28,124,214,,29,42,22,95,62
20251024,7,SO2,3,9,2,10,6,7,5,6,1,4,6,6,4,7,6,9,10,7,14,6,7,8,5,9,8,5,10,11,6,9,10,7,8,9,6,4,8,9,9,6,4,4,6,4,5,5,2,8,7,6,8,7,6,8,8,6,8,7,8,5,8,6,5,9,7,4,4,4,5,2,4,13,6,7,6,8,11,7,18,12,7,34,3,7,15,10,4,9,8,5,6,5,4,13,4,5,10,8,10,10,7,6,7,6,7,2,6,10,4,7,6,13,6,8,16,13,9,7,22,7,5,6,10,8,11,5,9,8,9,9,8,12,6,9,8,6,8,9,8,7,4,7,6,53,9,4,2,5,3,6,4,3,5,5,5,5,11,9,4,13,,,,,,,,,,,,,,,,,,,,,,,,,,,,,,7,5,5,6,11,7,8,10,4,15,6,6,11,9,6,4,11,14,6,7,5,7,6,20,13,13,4,5,8,11,10,4,6,6,14,7,4,7,7,8,9,8,5,7,8,7,3,8,8,6,5,7,4,7,5,5,12,15,41,7,14,8,7,6,9,8,9,7,7,11,5,6,6,6,11,7,5,10,4,5,5,9,8,8,8,5,6,7,8,8,8,5,7,4,5,11,4,7,9,2,3,6,5,5,5,6,12,5,9,3,5,,6,19,3,16,4,11,8,3,,3,6,2,10,5,4,11,11,24,7,6,9,6,7,3,4,9,6,,8,4,6,4,6,5,9,8,6,8,10,,2,,6,,4,12,4,10,8,14,2,18,5,6,4,5,8,7,10,5,8,5,4,7,1,2,6,10,,9,10,3,8,7
20251024,7,SO2_24h,4,10,3,8,7,9,5,6,3,4,5,8,5,9,6,8,9,8,10,6,5,7,4,8,9,4,8,9,5,10,9,8,8,8,6,4,7,9,8,6,4,3,5,4,6,5,2,8,8,6,11,7,6,7,8,6,7,8,6,5,8,6,6,7,7,4,4,3,6,2,5,11,10,10,5,9,15,7,10,9,6,21,3,8,15,12,5,9,8,5,6,7,4,12,4,6,8,7,9,12,6,6,6,5,6,2,5,7,3,12,6,15,7,6,21,16,9,7,18,11,6,8,9,6,6,4,10,7,11,10,8,12,7,9,9,6,8,7,8,7,4,7,7,17,8,6,2,5,4,5,4,4,5,5,6,5,16,12,7,9,,,,,,,,,,,,,,,,,,,,,,,,,,,,,,7,6,5,6,5,12,10,9,6,16,7,6,12,15,6,6,11,10,9,7,7,8,7,18,12,11,6,7,10,10,9,4,9,7,11,5,4,7,8,8,9,8,5,7,8,7,4,10,10,6,5,3,4,7,6,5,9,13,19,6,10,7,6,6,9,9,10,9,8,12,6,7,6,7,10,8,4,9,4,6,5,6,7,6,7,5,4,7,7,8,8,8,5,3,4,13,4,7,9,1,3,6,5,6,5,6,9,5,9,3,5,,6,10,4,17,3,10,10,4,,4,6,2,11,5,5,13,6,16,7,6,11,6,7,3,4,9,9,,8,4,6,5,5,6,15,7,6,9,9,,2,,6,,4,14,6,10,13,11,3,18,8,7,4,6,10,12,9,5,9,7,8,7,4,3,10,14,,7,9,2,9,7
20251024,7,NO2,33,54,33,42,44,42,34,18,25,31,60,51,32,47,41,51,34,52,62,29,31,39,22,26,24,25,42,39,34,24,33,28,24,28,23,21,27,34,34,15,10,34,30,16,26,12,10,23,45,25,40,24,19,18,10,17,21,20,22,18,11,14,11,11,20,14,7,22,9,23,24,27,36,46,17,32,46,31,51,30,41,56,7,20,59,49,48,40,17,11,44,34,20,25,14,36,11,16,14,10,12,8,8,14,12,2,18,22,19,35,28,26,32,41,39,50,45,40,44,37,18,34,32,40,39,23,37,37,38,35,26,25,18,20,21,10,8,9,10,10,6,9,15,24,13,13,10,9,5,12,22,18,17,24,19,20,38,30,11,20,,,,,,,,,,,,,,,,,,,,,,,,,,,,,,22,33,11,16,24,46,19,31,37,43,43,14,35,37,33,24,9,39,41,43,39,49,30,36,32,34,42,20,28,19,32,17,46,35,29,53,20,27,30,20,36,16,7,17,35,22,34,27,39,21,7,12,10,6,20,9,17,13,34,11,16,13,7,22,35,35,45,37,30,27,39,30,16,19,28,20,18,19,12,23,21,3,16,11,17,13,9,9,12,11,2,6,14,7,9,13,10,6,7,10,11,6,10,12,11,14,23,8,12,7,8,,12,9,8,7,8,10,11,8,,6,6,5,11,10,6,16,13,15,5,6,16,10,7,3,3,6,11,,11,2,6,39,12,22,26,10,33,24,18,,9,,5,,13,25,12,1,20,3,7,1,22,26,12,23,55,32,20,14,8,51,30,15,7,4,27,82,,15,20,9,48,27
20251024,7,NO2_24h,32,54,34,33,36,39,42,27,30,39,51,50,32,45,35,39,20,41,45,18,18,25,13,24,31,16,27,24,22,17,29,18,26,23,15,18,24,24,22,12,8,25,21,17,22,10,11,17,39,20,42,19,17,17,12,18,19,21,23,13,11,14,15,9,15,17,9,20,12,31,20,25,38,51,16,22,46,36,28,17,26,43,9,24,55,42,29,37,18,10,34,35,21,18,12,24,10,15,14,14,10,8,8,13,13,2,15,15,9,39,28,25,33,35,42,42,32,34,33,37,21,31,24,25,22,20,39,41,40,30,31,26,19,19,20,10,9,8,9,9,6,11,15,15,13,15,12,11,6,12,28,23,26,26,28,22,30,34,23,29,,,,,,,,,,,,,,,,,,,,,,,,,,,,,,20,27,12,22,26,36,17,30,41,33,46,16,33,36,28,30,13,31,39,35,35,37,33,28,25,34,42,24,25,13,24,14,37,27,26,27,16,25,27,28,29,12,7,14,29,26,21,23,34,18,9,12,13,6,12,7,16,13,18,10,15,10,7,16,40,39,47,35,26,20,31,22,13,19,26,17,16,17,13,23,19,8,15,12,17,17,8,9,12,12,4,8,13,7,7,19,10,7,7,8,12,10,13,14,13,12,22,15,19,10,13,,10,7,9,9,9,12,8,10,,6,7,6,11,10,6,15,6,12,8,9,14,13,9,5,5,7,20,,11,3,11,32,10,21,27,13,30,31,21,,12,,9,,9,17,11,5,13,3,13,7,26,23,12,36,47,49,26,36,22,52,35,28,18,12,34,60,,16,15,8,48,28
20251024,7,O3,5,4,4,7,13,10,2,17,2,1,5,,8,2,8,10,50,8,8,58,32,35,40,60,55,34,28,26,32,31,29,26,52,49,58,55,53,50,44,63,81,36,44,45,50,67,69,57,11,44,12,63,49,77,62,61,60,71,66,64,67,56,47,46,26,32,70,18,81,23,7,28,2,33,50,42,2,28,9,45,18,5,78,67,5,8,10,5,62,81,17,15,43,54,60,29,60,39,42,47,55,62,78,51,74,53,38,50,8,12,6,37,2,3,4,4,8,8,8,9,40,7,25,36,40,63,22,7,7,21,33,75,32,67,58,86,57,94,52,65,63,27,27,23,22,39,26,9,49,37,43,42,49,26,53,26,30,9,43,73,,,,,,,,,,,,,,,,,,,,,,,,,,,,,,54,15,54,66,12,4,76,10,4,5,28,42,30,5,9,10,78,16,2,3,6,5,7,8,13,36,10,15,23,40,30,9,9,17,14,14,15,40,32,57,25,56,15,40,32,47,20,26,19,46,81,58,57,67,47,56,77,74,36,82,69,60,63,58,9,20,3,12,16,35,16,24,49,20,31,65,85,60,74,10,49,62,77,98,68,67,97,87,79,64,70,56,50,72,55,42,80,58,62,21,41,17,20,31,34,13,9,43,11,36,28,,32,49,35,34,99,22,31,71,,61,31,38,50,24,17,15,28,25,15,48,3,11,44,64,71,64,87,,56,78,58,1,86,47,69,50,4,25,20,,66,,21,,36,17,32,35,28,47,67,78,4,1,17,46,7,37,21,53,72,7,44,44,17,89,38,3,,27,57,33,5,35
20251024,7,O3_24h,,,,,,,,,,,,,,,,,,,,,,,,,,,,,,,,,,,,,,,,,,,,,,,,,,,,,,,,,,,,,,,,,,,,,,,,,,,,,,,,,,,,,,,,,,,,,,,,,,,,,,,,,,,,,,,,,,,,,,,,,,,,,,,,,,,,,,,,,,,,,,,,,,,,,,,,,,,,,,,,,,,,,,,,,,,,,,,,,,,,,,,,,,,,,,,,,,,,,,,,,,,,,,,,,,,,,,,,,,,,,,,,,,,,,,,,,,,,,,,,,,,,,,,,,,,,,,,,,,,,,,,,,,,,,,,,,,,,,,,,,,,,,,,,,,,,,,,,,,,,,,,,,,,,,,,,,,,,,,,,,,,,,,,,,,,,,,,,,,,,,,,,,,,,,,,,,,,,,,,,,,,,,,,,,,,,,,,
20251024,7,O3_8h,,,,,,,,,,,,,,,40,,,,,,,,,,55,,,,,,,,,,,,,,,,,,,,,,,,,,,,,,,,,,,,,,,,,,44,,,,,,,,,,,,,,,,,,,,,,,,,,,,,,,,,,,,,,,,,,,,,,,,,,,,,,,,,,,,,,,,,,,,,,,,,,,,,,,,,,,,,,,,,,,,,,,,,,,,,,,,,,,,,,,,,,,,,,,,,,,,,,,,,,,,,,,,,,,,,,,,,,,,,,,,,,,,,,,,,,,,,,,,,,,,,,,,,,,,,,,,,,,,,,,,,,,,61,,,,,,,,,,,,,,,,,,,,,,,,,,,,,,,,,,,,,,,,,,,,,,,,,,,,,,,,,,,,,,,,,,,,,,,,,,,,,,,,,,,,,,,,,,,,,,,,,,,,,,,,,,,,,,,,
20251024,7,O3_8h_24h,,,,,,,,,,,,,,,,,,,,,,,,,,,,,,,,,,,,,,,,,,,,,,,,,,,,,,,,,,,,,,,,,,,,,,,,,,,,,,,,,,,,,,,,,,,,,,,,,,,,,,,,,,,,,,,,,,,,,,,,,,,,,,,,,,,,,,,,,,,,,,,,,,,,,,,,,,,,,,,,,,,,,,,,,,,,,,,,,,,,,,,,,,,,,,,,,,,,,,,,,,,,,,,,,,,,,,,,,,,,,,,,,,,,,,,,,,,,,,,,,,,,,,,,,,,,,,,,,,,,,,,,,,,,,,,,,,,,,,,,,,,,,,,,,,,,,,,,,,,,,,,,,,,,,,,,,,,,,,,,,,,,,,,,,,,,,,,,,,,,,,,,,,,,,,,,,,,,,,,,,,,,,,,,,,,,,,,
20251024,7,CO,0.71,0.99,0.67,0.76,0.30,0.62,0.71,0.52,0.63,0.73,0.90,0.57,0.53,1.00,0.70,0.76,0.62,0.82,1.03,0.49,0.55,0.89,0.47,0.80,0.44,0.44,0.79,0.56,0.46,0.45,0.88,0.52,0.68,0.58,0.50,0.34,0.65,0.55,0.93,0.40,0.55,0.53,0.40,0.30,0.40,0.33,0.40,0.53,0.71,0.31,0.68,0.35,0.40,0.43,0.53,0.35,0.50,0.40,0.43,0.48,0.50,0.34,0.46,0.34,0.44,0.44,0.28,0.56,0.27,0.65,0.70,0.53,0.68,1.10,0.60,0.72,1.61,0.54,1.04,0.60,0.53,0.88,0.30,0.44,0.92,0.92,0.48,0.68,0.50,0.27,0.58,0.32,0.57,1.16,0.40,0.52,0.50,0.53,0.50,0.48,0.47,0.53,0.55,0.50,0.53,0.10,0.48,0.40,0.47,0.50,1.43,1.22,0.85,1.22,0.76,1.34,0.85,0.88,1.32,0.85,0.48,0.50,0.80,0.73,0.87,0.50,0.69,0.78,0.70,0.93,0.56,0.53,0.42,0.57,0.70,0.42,0.33,0.43,0.38,0.46,0.50,0.38,0.60,1.18,0.50,0.37,0.65,0.35,0.48,0.47,0.65,1.05,0.77,0.60,0.60,0.90,0.70,0.86,0.50,0.70,,,,,,,,,,,,,,,,,,,,,,,,,,,,,,0.45,0.70,0.33,0.68,0.63,1.10,0.60,0.90,1.03,0.93,0.57,0.50,0.75,0.85,0.60,0.25,0.70,1.64,1.00,0.65,0.63,0.63,0.85,0.95,0.65,0.45,0.35,0.47,0.70,1.00,0.50,0.48,0.70,0.70,0.70,0.60,0.35,0.45,0.36,0.43,0.85,0.40,0.35,0.28,0.36,0.33,0.35,0.60,1.10,0.35,0.53,0.43,0.40,0.40,0.40,0.70,0.85,0.43,0.68,0.56,0.53,0.46,0.53,0.37,1.08,0.87,0.73,0.60,0.62,0.70,0.78,0.50,0.35,0.73,0.54,0.30,0.52,0.45,0.37,0.20,0.77,0.47,0.73,0.60,0.60,0.37,0.37,0.15,0.50,0.30,0.43,0.37,0.70,0.47,0.40,0.53,0.47,0.60,0.50,0.60,0.63,0.40,0.42,0.55,0.50,0.55,0.38,0.60,0.60,0.40,0.60,,0.90,0.67,0.53,0.47,0.35,0.55,0.65,0.45,,0.55,0.60,0.50,0.60,0.40,0.80,0.75,0.30,0.50,0.55,0.75,0.70,0.55,0.40,0.25,0.30,0.35,0.20,,0.30,0.25,0.53,1.03,0.40,0.50,1.20,0.30,0.90,0.70,0.55,,0.35,,0.80,,0.40,0.90,0.40,0.30,0.60,0.40,0.30,0.40,0.50,0.60,0.63,0.80,0.40,0.80,0.40,0.60,0.20,0.75,0.55,0.55,1.20,0.10,0.35,1.45,,0.50,0.10,0.45,0.72,0.50
20251024,7,CO_24h,0.64,0.91,0.68,0.75,0.33,0.60,0.53,0.60,0.60,0.67,0.75,0.53,0.50,1.06,0.59,0.57,0.53,0.50,0.73,0.46,0.42,0.66,0.41,0.66,0.43,0.34,0.59,0.53,0.40,0.40,0.60,0.48,0.65,0.43,0.42,0.32,0.45,0.45,0.65,0.40,0.50,0.40,0.33,0.30,0.40,0.35,0.40,0.47,0.62,0.31,0.64,0.33,0.40,0.42,0.58,0.40,0.51,0.43,0.47,0.48,0.50,0.40,0.47,0.32,0.42,0.50,0.29,0.51,0.27,0.65,0.60,0.53,0.86,0.94,0.52,0.68,1.30,0.64,0.70,0.47,0.33,0.65,0.35,0.41,0.80,0.70,0.50,0.50,0.42,0.27,0.50,0.34,0.52,0.96,0.32,0.48,0.47,0.59,0.53,0.58,0.47,0.57,0.60,0.47,0.53,0.10,0.50,0.40,0.40,0.55,0.90,1.07,0.88,0.98,0.70,1.02,0.65,0.68,0.84,0.80,0.50,0.44,0.53,0.58,0.50,0.45,0.67,0.64,0.72,0.73,0.58,0.50,0.43,0.47,0.68,0.40,0.23,0.37,0.38,0.43,0.50,0.46,0.70,0.90,0.50,0.43,0.72,0.40,0.48,0.47,0.63,0.90,0.83,0.60,0.60,0.80,0.77,0.70,0.48,0.73,,,,,,,,,,,,,,,,,,,,,,,,,,,,,,0.40,0.60,0.30,0.64,0.63,1.10,0.56,0.90,0.90,0.80,0.77,0.60,0.75,0.77,0.80,0.25,0.70,1.30,0.73,0.60,0.60,0.43,0.70,0.80,0.60,0.45,0.45,0.57,0.65,0.57,0.53,0.50,0.65,0.57,0.55,0.40,0.40,0.35,0.30,0.47,0.72,0.32,0.35,0.22,0.32,0.35,0.33,0.50,0.70,0.30,0.55,0.43,0.53,0.37,0.45,0.60,0.53,0.40,0.35,0.54,0.50,0.38,0.55,0.33,0.98,0.85,0.73,0.60,0.60,0.63,0.63,0.47,0.38,0.65,0.48,0.40,0.40,0.40,0.37,0.30,0.63,0.47,0.72,0.60,0.60,0.50,0.33,0.15,0.53,0.25,0.43,0.37,0.53,0.47,0.37,0.50,0.43,0.55,0.45,0.50,0.60,0.47,0.47,0.60,0.60,0.50,0.33,0.70,0.65,0.47,0.60,,0.85,0.63,0.60,0.47,0.35,0.60,0.45,0.45,,0.55,0.55,0.60,0.60,0.40,0.80,0.75,0.23,0.45,0.55,0.75,0.60,0.50,0.45,0.30,0.30,0.30,0.50,,0.35,0.30,0.57,0.70,0.40,0.50,0.75,0.60,0.80,0.80,0.70,,0.40,,0.85,,0.35,1.00,0.50,0.40,0.60,0.40,0.40,0.50,0.70,0.60,0.57,0.95,0.55,0.90,0.50,0.75,0.30,0.80,0.80,0.85,0.70,0.20,0.50,1.10,,0.35,0.10,0.50,0.62,0.50
20251024,8,AQI,69,94,101,64,46,116,114,54,61,100,111,88,100,88,64,71,44,70,72,32,54,42,37,47,48,51,44,42,51,40,51,37,51,39,39,32,47,39,43,31,29,41,43,34,45,29,21,47,62,37,94,35,48,37,29,30,38,35,41,29,29,26,27,25,29,13,27,35,21,70,34,34,57,135,50,55,75,54,74,50,50,78,24,38,72,103,43,66,48,26,54,70,55,37,32,50,43,28,25,31,34,21,30,32,29,20,31,47,29,85,55,111,95,105,56,85,89,76,60,70,49,54,49,39,52,39,111,116,100,116,104,99,43,81,38,60,43,37,37,35,18,9,32,51,34,26,12,14,24,34,90,75,79,50,111,101,78,66,52,102,,,,,,,,,,,,,,,,,,,,,,,,,,,,,,69,129,27,76,57,100,84,46,90,66,60,25,81,47,48,17,35,51,90,80,51,62,76,70,93,56,53,52,55,65,61,19,53,65,42,63,49,60,62,51,54,43,34,42,64,58,54,79,45,33,25,21,25,20,20,29,38,38,38,42,42,39,36,36,114,98,80,121,133,114,99,129,30,56,99,34,93,51,23,41,63,24,37,34,53,44,44,41,41,37,44,35,35,37,28,34,39,29,35,24,12,13,20,13,12,27,27,14,12,14,26,,9,24,74,40,40,54,49,36,,27,21,21,25,37,30,40,54,28,30,17,31,36,22,18,19,16,23,,18,26,31,53,56,53,46,24,78,75,31,,34,,23,,24,44,17,25,34,38,18,23,36,44,10,75,99,113,66,105,113,126,109,49,21,27,74,183,,39,44,25,109,113
20251024,8,PM2.5,50,70,76,34,20,88,86,38,35,75,84,65,75,65,46,52,31,51,45,12,30,22,19,21,27,31,16,20,26,22,27,18,31,22,19,19,27,20,24,14,10,21,20,16,22,11,15,27,37,15,70,22,33,23,16,18,20,22,21,18,17,17,19,15,16,8,16,23,5,51,20,23,32,103,35,38,55,28,54,35,31,57,9,20,49,77,19,48,26,6,26,51,36,23,13,22,30,16,17,17,18,15,19,21,18,12,17,19,20,63,37,84,71,79,35,63,66,56,43,51,17,29,23,16,25,21,84,88,75,88,78,74,30,60,23,40,30,26,26,21,4,4,22,31,21,16,6,10,15,22,67,55,58,35,84,76,35,48,16,44,,,,,,,,,,,,,,,,,,,,,,,,,,,,,,50,98,18,56,35,75,62,32,67,43,33,8,60,33,31,8,22,22,67,59,31,41,56,47,56,28,27,30,33,25,39,12,32,31,17,40,31,43,41,26,31,30,24,27,46,38,26,58,26,21,6,15,13,12,14,20,20,20,20,24,22,21,16,19,86,73,59,92,101,86,74,98,12,40,74,16,69,34,13,25,45,14,25,24,37,31,29,24,25,26,24,18,21,22,18,24,25,20,21,13,7,4,13,9,3,19,5,3,8,6,18,,5,17,54,28,28,38,34,24,,17,15,3,12,18,21,28,38,16,17,12,21,25,10,9,5,3,12,,3,5,22,33,40,37,32,9,57,55,21,,24,,11,,17,31,12,9,13,10,3,12,18,24,7,34,39,85,46,48,61,68,52,24,7,7,41,138,,19,24,12,82,85
20251024,8,PM2.5_24h,48,58,72,30,21,70,72,38,30,64,61,55,63,65,32,35,22,32,34,11,11,17,10,17,33,15,14,15,15,14,21,12,24,16,13,19,18,18,15,14,7,16,17,15,15,10,17,24,32,16,65,16,27,18,18,19,16,18,19,15,17,12,16,14,14,7,21,17,7,48,16,16,38,95,30,25,51,25,31,24,20,28,12,22,48,50,20,36,21,8,17,47,31,16,9,13,22,17,15,16,16,17,19,15,14,12,17,14,11,73,33,65,57,70,30,46,43,41,32,53,19,32,19,17,14,18,71,71,75,73,69,71,26,41,25,29,29,24,20,19,4,4,18,23,16,19,6,15,14,16,57,49,35,37,65,55,41,43,24,47,,,,,,,,,,,,,,,,,,,,,,,,,,,,,,34,63,16,59,41,65,48,42,47,34,41,10,49,31,32,9,32,21,44,38,25,33,52,38,41,26,34,23,32,17,24,15,29,33,17,28,22,27,26,33,28,19,12,18,34,34,20,51,23,15,11,17,19,12,15,15,21,20,19,23,20,18,22,16,72,65,64,86,79,61,60,62,15,42,53,17,50,22,17,26,30,11,24,24,28,26,26,24,25,22,18,14,19,17,15,18,21,14,22,11,6,6,15,10,4,16,6,2,8,13,14,,5,17,28,49,23,27,23,26,,23,13,9,13,16,23,19,28,17,16,12,18,18,13,6,5,4,20,,4,6,18,25,29,29,21,14,73,59,23,,26,,11,,15,20,13,13,10,15,4,13,32,29,7,42,34,83,41,55,81,80,65,38,18,5,49,117,,16,22,15,67,64
20251024,8,PM10,75,114,101,78,46,106,106,50,71,104,110,85,91,89,66,78,43,85,94,32,57,42,37,47,48,51,44,42,52,40,52,37,52,39,39,32,47,39,43,31,29,41,43,34,45,29,15,47,73,37,85,35,48,37,29,30,38,35,41,29,29,26,27,25,29,13,27,35,11,74,34,34,63,175,49,59,74,58,79,47,50,90,18,38,94,121,43,81,48,20,57,75,59,37,32,50,42,28,25,31,34,18,30,32,29,20,31,47,27,101,60,97,116,116,62,111,87,80,58,75,49,58,49,39,54,39,117,121,92,106,126,95,37,76,38,69,40,37,35,35,9,6,32,52,34,26,12,14,24,34,101,71,,30,112,134,105,76,54,154,,,,,,,,,,,,,,,,,,,,,,,,,,,,,,82,126,27,98,64,105,113,41,120,81,69,25,107,45,48,17,35,52,123,74,51,74,98,89,136,62,55,53,59,79,72,19,55,79,42,75,49,70,74,51,58,38,30,42,75,66,57,81,45,33,16,21,25,19,18,28,38,38,38,42,42,39,36,36,114,98,85,139,161,138,88,156,30,58,122,34,107,52,23,41,68,24,37,30,38,44,44,41,41,35,44,35,35,37,28,27,39,,35,24,10,13,20,12,12,26,27,6,12,14,,,,24,64,37,35,46,45,36,,27,21,21,25,37,22,33,40,28,30,14,31,30,22,15,10,11,22,,10,7,25,55,58,52,40,24,80,99,31,,25,,23,,24,35,,25,34,38,6,23,36,44,9,100,147,148,82,159,175,201,167,49,21,,97,242,,39,44,25,103,
20251024,8,PM10_24h,68,95,94,61,44,72,87,53,57,91,83,69,74,89,47,56,38,52,66,28,30,37,26,39,61,30,37,36,33,30,41,31,45,34,31,34,37,34,35,33,25,32,35,34,33,26,19,41,62,35,93,28,47,30,31,31,29,34,34,24,28,19,24,23,23,10,32,28,12,74,27,23,61,179,43,43,72,48,57,35,32,64,24,43,82,88,41,60,45,19,43,73,49,34,27,35,32,32,22,28,23,23,29,25,24,23,31,27,18,114,48,73,102,101,52,81,61,63,56,73,46,52,37,35,34,33,111,84,106,103,122,82,40,51,39,51,36,35,31,30,8,5,29,35,28,30,10,25,23,24,85,58,41,35,84,102,92,68,80,171,,,,,,,,,,,,,,,,,,,,,,,,,,,,,,61,93,26,109,61,91,90,50,89,63,68,21,79,42,53,31,45,45,81,51,51,57,98,62,81,47,52,37,56,34,47,24,56,64,41,48,35,54,55,56,50,33,27,33,59,62,40,82,42,32,26,28,26,18,22,24,38,37,38,42,42,36,46,36,101,96,96,135,134,105,81,108,35,60,95,34,81,36,28,41,49,19,40,36,33,41,39,39,39,34,35,27,30,31,20,33,31,17,30,21,11,19,21,12,16,24,24,4,13,20,19,,5,24,39,50,26,34,30,37,,32,24,23,26,28,20,27,29,22,26,20,29,27,23,15,13,17,43,,8,12,24,38,40,48,31,24,91,118,36,,29,,29,,15,28,15,27,26,31,13,31,53,49,9,128,106,173,97,179,214,229,186,92,55,27,121,217,,30,42,22,97,63
20251024,8,SO2,3,9,3,15,6,7,4,7,2,4,6,7,3,8,6,12,10,8,15,6,6,9,5,10,8,5,11,11,6,10,9,7,9,9,6,4,8,10,9,6,3,4,6,4,6,5,2,9,7,6,9,10,6,8,8,6,8,7,8,5,8,7,5,9,7,4,4,4,6,2,4,12,7,8,5,8,11,8,24,11,8,26,3,8,16,9,4,9,8,5,8,5,4,15,4,5,10,8,10,11,7,6,7,6,7,3,6,14,4,7,7,18,6,9,17,14,11,7,22,9,7,8,10,8,13,6,8,7,9,9,7,11,6,10,8,7,8,8,9,7,4,7,6,68,8,4,2,5,3,6,4,4,5,5,6,4,12,12,4,11,,,,,,,,,,,,,,,,,,,,,,,,,,,,,,7,5,6,7,9,7,8,10,4,14,7,5,12,9,8,21,11,18,9,15,6,9,7,26,19,14,4,6,9,14,12,4,9,7,14,8,5,7,8,8,12,9,4,8,8,7,4,8,7,6,5,6,4,9,5,5,12,18,31,7,15,10,9,7,9,8,9,7,7,11,6,6,7,6,12,7,4,11,4,5,5,6,8,9,10,6,5,8,7,8,8,5,6,4,4,13,5,7,8,4,3,6,4,6,5,6,14,5,9,3,5,,6,19,3,18,4,11,9,3,,3,6,3,10,5,4,10,11,21,8,6,11,5,7,3,4,8,9,,7,4,5,5,6,5,8,8,6,7,11,,2,,6,,4,14,3,10,10,13,2,16,5,5,4,5,9,7,6,5,9,6,3,7,3,2,6,10,,8,11,3,9,7
20251024,8,SO2_24h,4,10,3,8,7,9,5,6,3,4,5,8,5,9,6,8,9,8,10,6,5,7,4,8,9,4,8,9,5,10,9,8,8,8,6,4,7,9,8,6,4,3,5,4,6,5,2,8,8,6,11,7,6,7,8,6,7,8,7,5,8,6,6,7,7,4,5,3,6,2,5,11,10,10,5,9,15,7,11,9,6,21,3,8,15,12,5,9,8,5,6,7,4,12,4,6,8,7,9,12,6,6,6,5,6,2,5,7,3,11,6,15,7,6,21,15,9,7,17,11,6,8,9,6,7,4,10,7,11,10,8,12,7,9,9,6,8,7,8,7,4,7,7,19,8,6,2,5,4,4,4,4,5,5,6,5,16,12,7,9,,,,,,,,,,,,,,,,,,,,,,,,,,,,,,7,6,5,6,6,11,10,9,6,16,7,6,12,15,6,7,11,11,8,7,7,8,7,18,12,11,6,7,10,11,9,4,10,7,12,5,4,7,8,8,9,8,5,7,8,7,4,9,9,6,5,3,4,7,6,5,9,14,20,6,10,7,7,6,9,9,10,9,8,12,6,7,6,7,10,8,4,9,4,6,5,6,7,6,7,5,4,7,7,8,8,8,5,3,4,13,4,7,9,2,3,6,5,6,5,6,9,5,9,3,5,,6,10,4,17,3,11,9,4,,4,6,2,11,5,5,13,6,18,7,6,11,6,7,3,4,9,8,,8,4,6,5,5,6,14,7,6,9,9,,2,,6,,4,14,6,10,12,11,3,17,8,7,4,6,10,12,9,5,9,7,8,7,4,3,10,14,,7,9,2,9,7
20251024,8,NO2,34,55,33,39,43,37,34,22,25,34,58,51,33,44,44,50,33,52,61,29,33,38,23,30,25,26,41,38,35,26,32,27,28,30,26,20,30,31,35,14,10,34,33,20,29,17,14,23,45,27,40,27,20,19,14,19,24,26,25,18,13,16,14,12,25,18,9,26,19,26,25,35,35,47,19,34,46,38,55,32,45,57,8,21,57,45,46,38,19,11,49,36,24,27,16,47,12,19,15,12,13,10,10,17,14,4,22,36,20,34,30,30,26,40,39,51,42,37,47,39,25,34,30,32,41,23,39,35,35,33,26,29,20,24,24,12,18,10,11,12,9,10,18,29,15,17,10,11,7,14,26,20,25,28,22,34,48,34,14,24,,,,,,,,,,,,,,,,,,,,,,,,,,,,,,22,33,13,18,31,43,26,31,38,42,52,11,41,33,41,23,15,39,44,39,37,52,34,44,37,32,38,24,31,29,26,16,53,42,32,52,21,29,31,24,33,18,9,19,32,22,36,31,28,22,9,12,12,8,24,13,22,20,28,13,20,19,9,24,34,34,43,35,27,28,36,31,23,19,32,24,20,23,14,24,32,5,17,13,19,16,11,12,17,18,3,7,15,9,9,19,12,9,8,8,17,8,12,15,14,19,28,11,14,10,15,,12,10,12,8,12,11,13,12,,6,9,8,13,15,9,18,13,17,8,11,15,10,17,7,8,15,22,,15,2,10,40,13,27,30,14,40,33,18,,12,,7,,17,30,11,1,28,1,9,1,22,22,15,23,59,36,18,14,8,47,23,17,7,4,29,77,,26,20,11,45,29
20251024,8,NO2_24h,32,55,34,33,36,39,41,26,30,38,52,51,32,45,36,39,21,40,46,18,18,25,13,25,31,16,28,25,21,17,28,18,26,23,16,18,24,24,22,12,8,26,22,17,22,11,11,17,39,19,41,19,17,17,12,18,19,22,23,13,11,14,15,9,15,17,9,21,11,31,20,25,38,51,16,23,46,36,29,18,27,44,9,23,56,42,30,37,18,10,34,35,21,18,12,25,10,16,14,14,10,8,8,13,13,2,15,16,10,38,28,25,33,36,42,42,32,34,33,37,20,30,23,26,22,20,39,40,39,31,30,26,19,19,20,10,9,8,9,9,6,11,15,15,13,14,12,10,6,12,28,23,26,26,27,23,30,34,23,29,,,,,,,,,,,,,,,,,,,,,,,,,,,,,,19,27,12,21,26,36,17,30,41,34,46,16,34,37,29,30,13,32,39,35,35,38,33,28,26,34,43,24,26,13,23,14,37,27,27,27,16,25,27,27,29,12,7,14,29,25,21,23,33,18,9,12,13,6,13,7,16,13,18,10,15,10,7,16,39,38,47,34,25,20,31,22,14,19,26,17,16,17,13,23,19,8,15,12,17,18,8,9,12,12,4,8,13,7,7,19,10,7,7,8,12,10,13,14,12,12,22,15,18,10,14,,10,7,9,10,9,11,8,10,,6,7,6,11,10,6,15,7,12,8,9,14,13,9,5,5,7,19,,11,3,11,33,10,21,27,13,31,31,21,,12,,8,,9,17,11,5,14,3,12,7,26,23,12,36,48,50,26,36,22,52,36,28,18,12,34,60,,16,15,8,48,28
20251024,8,O3,4,4,4,11,19,13,3,15,4,2,6,3,8,4,5,15,55,9,12,58,34,39,41,48,56,34,31,31,29,31,33,31,53,50,53,57,53,53,45,65,81,41,43,40,46,53,66,55,11,46,13,60,45,76,59,61,57,67,63,66,66,57,47,45,22,25,67,13,66,22,7,19,3,34,47,40,3,13,10,45,19,8,78,67,10,13,10,7,66,83,17,15,42,55,66,23,63,38,42,46,53,61,77,49,74,50,36,31,6,13,5,34,20,4,5,7,15,13,12,13,32,11,31,48,39,63,18,12,11,24,32,69,35,64,56,83,45,93,53,62,56,28,23,16,22,38,28,6,49,34,43,43,37,26,51,11,20,6,41,68,,,,,,,,,,,,,,,,,,,,,,,,,,,,,,51,15,49,66,10,5,60,9,4,7,25,51,21,7,11,21,70,21,5,6,10,7,12,12,11,42,16,16,26,40,30,17,9,16,22,16,16,40,33,59,30,54,18,38,42,47,25,26,34,47,79,64,57,64,43,49,72,68,42,75,66,58,64,58,12,20,8,13,18,34,20,22,48,19,27,60,83,56,73,13,38,62,76,96,65,61,89,80,72,66,70,58,52,71,58,34,78,55,63,24,37,13,24,30,33,9,6,45,17,31,17,,30,50,29,33,96,20,28,69,,63,31,32,46,20,16,17,27,20,11,45,2,13,35,59,62,51,72,,56,82,56,3,84,40,24,45,4,15,20,,63,,21,,30,13,34,49,20,48,58,73,4,2,11,48,6,31,21,51,68,3,48,42,18,86,34,3,,10,53,31,5,36
20251024,8,O3_24h,,,,,,,,,,,,,,,,,,,,,,,,,,,,,,,,,,,,,,,,,,,,,,,,,,,,,,,,,,,,,,,,,,,,,,,,,,,,,,,,,,,,,,,,,,,,,,,,,,,,,,,,,,,,,,,,,,,,,,,,,,,,,,,,,,,,,,,,,,,,,,,,,,,,,,,,,,,,,,,,,,,,,,,,,,,,,,,,,,,,,,,,,,,,,,,,,,,,,,,,,,,,,,,,,,,,,,,,,,,,,,,,,,,,,,,,,,,,,,,,,,,,,,,,,,,,,,,,,,,,,,,,,,,,,,,,,,,,,,,,,,,,,,,,,,,,,,,,,,,,,,,,,,,,,,,,,,,,,,,,,,,,,,,,,,,,,,,,,,,,,,,,,,,,,,,,,,,,,,,,,,,,,,,,,,,,,,,
20251024,8,O3_8h,7,4,4,12,15,12,2,19,7,1,6,1,11,6,10,13,58,9,8,68,51,49,58,56,49,51,39,39,47,42,31,37,52,52,66,63,58,60,51,69,85,38,48,40,58,78,73,68,14,45,23,69,62,78,62,61,61,67,65,70,67,58,34,51,31,37,63,14,84,17,8,34,3,33,57,64,3,26,23,60,28,7,82,66,7,10,18,6,63,78,23,20,44,68,64,41,59,41,42,44,58,62,76,56,71,54,40,56,13,19,7,43,6,9,5,5,13,10,14,10,41,10,36,51,60,69,27,11,15,37,33,73,37,69,64,87,54,89,56,62,65,21,28,37,28,35,30,16,50,41,29,41,22,24,42,24,44,17,47,73,,,,,,,,,,,,,,,,,,,,,,,,,,,,,,66,25,54,56,13,12,84,19,7,15,23,37,21,6,14,19,75,16,3,10,7,8,7,15,24,30,14,17,25,45,29,15,6,23,19,38,16,41,34,49,32,66,23,49,40,43,42,31,23,48,83,60,58,66,62,61,83,79,55,88,78,64,68,58,14,25,6,19,20,63,20,45,59,34,40,68,88,66,76,8,58,34,84,97,73,63,99,88,89,70,60,54,51,68,54,35,75,61,60,20,38,21,24,35,40,24,10,34,8,33,35,,40,54,41,33,102,24,42,67,,59,42,34,57,28,24,15,38,30,17,48,7,14,55,71,85,77,92,,62,78,50,6,81,50,47,50,7,30,21,,56,,19,,49,27,46,35,41,52,70,76,5,2,20,44,10,24,24,36,67,13,36,48,29,90,34,3,,26,65,37,4,25
20251024,8,O3_8h_24h,7,4,4,12,15,12,2,19,7,1,6,1,11,6,6,13,58,9,8,68,51,49,58,56,49,51,39,39,47,42,31,37,52,52,66,63,58,60,51,69,85,38,48,40,58,78,73,68,14,45,23,69,62,78,62,61,61,67,65,70,67,58,34,51,31,37,63,14,84,17,8,34,3,33,57,64,3,26,23,60,28,7,82,66,7,10,18,6,63,78,23,20,44,68,64,37,59,41,42,44,58,62,76,56,71,54,40,56,13,19,7,43,6,9,5,5,13,10,14,10,41,10,36,51,60,69,27,11,15,37,33,73,37,69,64,87,54,89,56,62,65,21,28,37,28,35,30,16,50,41,29,41,22,24,42,24,44,17,47,73,,,,,,,,,,,,,,,,,,,,,,,,,,,,,,66,25,54,56,13,12,84,19,7,15,23,37,21,6,14,19,75,16,3,10,7,8,7,15,24,30,14,17,25,45,29,15,6,23,19,38,16,41,34,49,32,66,23,49,40,43,42,31,23,48,83,60,58,66,62,61,83,79,55,88,78,64,68,58,14,25,6,19,20,63,20,45,59,24,40,68,88,66,76,8,58,34,84,97,73,63,99,88,89,70,60,54,51,68,54,35,75,61,60,20,38,21,24,35,40,24,10,34,8,33,35,,40,54,41,33,102,24,42,67,,59,42,34,57,28,24,15,38,30,17,48,7,14,55,71,85,77,92,,62,78,50,6,81,50,47,50,7,30,21,,56,,19,,49,27,46,35,41,52,70,76,5,2,20,44,10,24,24,36,67,13,36,48,29,90,34,3,,26,65,37,4,25
20251024,8,CO,0.78,1.04,0.73,0.86,0.40,0.70,0.71,0.56,0.70,0.85,1.03,0.65,0.57,1.06,0.86,1.06,0.62,0.89,1.03,0.51,0.65,0.97,0.50,0.89,0.44,0.48,0.81,0.59,0.54,0.50,0.82,0.54,0.75,0.57,0.56,0.36,0.65,0.55,1.02,0.43,0.55,0.53,0.43,0.30,0.47,0.35,0.40,0.59,0.79,0.35,0.69,0.44,0.44,0.44,0.53,0.35,0.54,0.43,0.48,0.52,0.51,0.38,0.47,0.36,0.46,0.46,0.32,0.59,0.32,0.66,0.75,0.67,0.80,1.05,0.63,0.73,1.70,0.70,1.30,0.65,0.63,1.10,0.30,0.49,0.92,0.95,0.60,0.83,0.52,0.27,0.68,0.36,0.58,1.30,0.40,0.60,0.57,0.57,0.48,0.54,0.53,0.60,0.60,0.60,0.53,0.20,0.56,0.45,0.50,0.55,1.40,1.20,0.75,1.57,0.86,1.46,0.98,0.98,1.28,0.97,0.58,0.60,0.67,0.72,1.17,0.55,0.72,0.88,0.72,0.97,0.60,0.53,0.47,0.60,0.70,0.45,0.33,0.43,0.40,0.43,0.53,0.42,0.66,1.32,0.50,0.33,0.68,0.40,0.48,0.55,0.67,1.15,0.80,0.62,0.65,1.30,0.77,1.12,0.50,0.73,,,,,,,,,,,,,,,,,,,,,,,,,,,,,,0.47,0.80,0.40,0.66,0.78,1.17,0.64,0.90,1.10,1.07,0.63,0.50,0.95,0.93,0.90,0.30,0.70,1.60,1.23,0.80,0.70,1.00,0.85,1.25,0.80,0.50,0.35,0.57,0.75,1.03,0.50,0.50,0.83,0.83,0.70,0.70,0.45,0.45,0.42,0.43,1.02,0.48,0.35,0.28,0.38,0.35,0.38,0.60,1.13,0.35,0.55,0.43,0.47,0.47,0.45,0.70,1.02,0.47,0.53,0.60,0.60,0.44,0.55,0.40,1.14,0.92,0.77,0.63,0.62,0.73,0.80,0.53,0.38,0.73,0.60,0.33,0.56,0.50,0.40,0.20,0.83,0.47,0.72,0.60,0.70,0.40,0.37,0.20,0.50,0.35,0.47,0.40,0.60,0.47,0.37,0.57,0.53,0.60,0.50,0.60,0.70,0.37,0.43,0.58,0.53,0.65,0.45,0.60,0.70,0.43,0.60,,0.90,0.77,0.60,0.47,0.40,0.55,0.75,0.50,,0.55,0.65,0.60,0.60,0.55,0.95,0.85,0.30,0.50,0.55,0.75,0.70,0.55,0.55,0.35,0.35,0.45,0.50,,0.30,0.25,0.57,1.53,0.50,0.55,1.30,0.30,1.20,0.75,0.55,,0.45,,0.80,,0.45,0.80,0.40,0.30,0.80,0.40,0.30,0.30,0.60,0.65,0.63,0.80,0.70,0.85,0.40,0.60,0.20,0.80,0.25,0.55,0.90,0.10,0.40,1.45,,0.60,0.20,0.50,0.87,0.53
20251024,8,CO_24h,0.65,0.91,0.68,0.76,0.35,0.60,0.53,0.60,0.60,0.67,0.75,0.53,0.53,1.06,0.59,0.59,0.52,0.51,0.73,0.46,0.43,0.66,0.41,0.67,0.43,0.34,0.60,0.53,0.40,0.40,0.58,0.48,0.65,0.46,0.42,0.32,0.47,0.45,0.65,0.40,0.50,0.40,0.33,0.30,0.40,0.37,0.40,0.47,0.64,0.30,0.66,0.36,0.40,0.42,0.58,0.40,0.51,0.43,0.47,0.48,0.50,0.40,0.47,0.32,0.42,0.49,0.28,0.52,0.28,0.65,0.60,0.57,0.84,0.95,0.53,0.70,1.32,0.64,0.72,0.47,0.40,0.67,0.35,0.41,0.80,0.73,0.50,0.50,0.42,0.27,0.50,0.34,0.48,0.96,0.32,0.50,0.47,0.59,0.53,0.58,0.47,0.53,0.60,0.47,0.53,0.10,0.50,0.40,0.43,0.55,0.93,1.05,0.85,0.97,0.70,1.02,0.67,0.68,0.86,0.80,0.46,0.44,0.53,0.57,0.50,0.45,0.66,0.64,0.72,0.73,0.58,0.50,0.43,0.47,0.70,0.40,0.23,0.40,0.38,0.43,0.50,0.46,0.70,0.92,0.50,0.43,0.72,0.40,0.48,0.45,0.63,0.90,0.83,0.60,0.60,0.80,0.77,0.70,0.50,0.73,,,,,,,,,,,,,,,,,,,,,,,,,,,,,,0.40,0.60,0.30,0.64,0.65,1.10,0.56,0.93,0.93,0.82,0.73,0.60,0.75,0.82,0.80,0.30,0.70,1.28,0.73,0.60,0.60,0.45,0.70,0.80,0.60,0.45,0.45,0.57,0.65,0.60,0.47,0.50,0.65,0.57,0.55,0.45,0.40,0.35,0.30,0.47,0.72,0.32,0.35,0.22,0.30,0.35,0.33,0.50,0.73,0.30,0.53,0.43,0.53,0.37,0.45,0.60,0.55,0.42,0.35,0.54,0.50,0.38,0.55,0.33,0.98,0.85,0.73,0.60,0.62,0.63,0.63,0.47,0.38,0.65,0.48,0.40,0.40,0.40,0.37,0.30,0.63,0.47,0.72,0.60,0.60,0.47,0.33,0.15,0.53,0.25,0.43,0.37,0.53,0.47,0.37,0.50,0.43,0.55,0.45,0.50,0.60,0.47,0.47,0.60,0.60,0.50,0.35,0.70,0.65,0.47,0.60,,0.85,0.63,0.60,0.47,0.35,0.60,0.50,0.45,,0.55,0.55,0.60,0.60,0.40,0.80,0.75,0.27,0.45,0.55,0.75,0.60,0.50,0.45,0.30,0.30,0.35,0.50,,0.35,0.30,0.57,0.77,0.40,0.50,0.75,0.60,0.90,0.80,0.65,,0.40,,0.85,,0.35,0.90,0.50,0.40,0.60,0.40,0.40,0.50,0.67,0.60,0.57,0.95,0.55,0.90,0.50,0.75,0.30,0.80,0.80,0.85,0.70,0.20,0.50,1.10,,0.35,0.10,0.50,0.63,0.53
20251024,9,AQI,78,98,106,64,48,113,116,55,58,116,85,90,100,90,66,68,43,65,63,29,53,38,35,42,52,42,40,37,48,42,49,42,53,37,42,31,42,34,32,31,30,39,36,37,52,28,22,48,62,37,94,38,43,39,30,32,41,33,41,30,31,27,31,27,32,13,28,40,18,75,43,34,62,134,45,53,78,58,84,51,41,88,23,39,63,105,56,66,49,27,56,64,55,30,27,53,44,32,28,35,26,21,38,33,32,32,41,51,32,96,62,118,101,100,60,86,76,78,70,65,59,49,44,34,48,44,110,118,101,115,105,108,46,83,42,61,43,38,37,39,18,8,33,54,36,27,13,20,24,33,93,78,79,58,115,103,94,66,51,111,,,,,,,,,,,,,,,,,,,,,,,,,,,,,,70,126,29,79,64,114,86,49,86,71,54,22,91,55,53,20,47,59,100,75,56,71,76,76,96,50,46,43,56,30,62,25,59,58,50,57,27,60,62,49,48,41,41,50,62,57,51,76,38,34,25,34,37,23,29,27,40,39,40,42,44,41,36,37,114,96,88,123,136,114,74,133,33,58,108,34,95,56,25,40,63,27,41,45,53,42,43,42,43,40,44,32,39,38,30,36,39,31,35,28,12,11,21,13,14,30,34,13,13,12,24,,10,23,70,39,33,51,49,37,,27,21,28,27,44,34,39,49,30,32,14,30,34,38,23,18,16,52,,19,27,33,62,65,54,54,21,79,86,32,,39,,31,,23,54,21,22,37,31,16,22,44,36,12,78,127,109,65,104,115,134,110,52,35,22,76,183,,37,46,25,115,114
20251024,9,PM2.5,57,73,80,33,14,85,88,39,26,88,63,67,75,67,48,49,30,46,39,14,27,18,16,17,24,23,16,17,25,21,25,19,33,20,21,18,24,19,16,15,10,18,15,17,25,12,12,27,37,13,70,23,27,24,16,18,20,23,26,18,18,17,19,16,17,9,15,25,9,55,22,23,37,102,31,36,57,32,62,36,29,50,10,18,37,79,24,45,25,7,26,46,37,14,10,22,31,18,19,19,18,15,22,21,19,14,18,20,22,72,43,89,76,75,37,64,56,57,51,47,23,28,21,13,19,23,83,89,76,87,79,81,26,61,24,41,28,24,26,23,8,4,23,30,23,15,7,13,17,21,69,57,58,41,87,77,41,48,17,38,,,,,,,,,,,,,,,,,,,,,,,,,,,,,,51,96,18,58,46,86,64,34,64,46,26,6,68,39,37,9,23,27,72,55,35,39,56,54,57,26,26,22,31,19,35,13,37,26,14,34,12,43,41,31,22,29,29,31,42,34,26,56,22,19,7,18,15,10,15,17,19,21,20,23,22,23,15,15,86,72,65,93,104,86,54,101,12,41,81,14,71,40,11,23,45,17,25,22,37,29,28,26,25,28,24,18,21,24,21,25,27,22,21,14,3,5,15,9,3,19,8,3,9,5,17,,5,16,51,27,23,36,34,26,,19,15,7,13,13,24,27,34,15,18,10,20,24,11,9,7,5,34,,5,6,23,40,47,38,38,13,58,64,20,,27,,8,,16,32,15,10,17,8,7,9,16,23,8,40,52,82,41,52,60,71,46,24,3,15,35,138,,21,24,13,87,86
20251024,9,PM2.5_24h,49,58,72,30,21,70,73,37,30,66,62,56,63,66,33,35,23,32,34,11,12,17,10,17,33,15,14,15,16,14,21,13,25,17,13,19,18,18,16,14,7,16,17,15,15,10,17,24,33,16,66,16,27,18,18,19,16,19,19,16,17,13,16,14,14,7,22,18,7,48,16,17,38,97,30,26,53,26,32,25,21,29,12,22,47,51,20,35,22,8,17,47,32,16,9,14,23,17,15,16,16,17,18,15,15,12,17,14,12,73,34,67,58,71,31,46,43,41,33,52,19,32,19,17,14,19,72,73,75,75,69,72,27,42,25,30,30,24,21,19,4,4,19,23,16,19,6,15,14,15,58,49,36,37,66,56,41,43,24,47,,,,,,,,,,,,,,,,,,,,,,,,,,,,,,35,65,16,58,41,66,48,41,48,35,41,10,51,31,33,9,32,21,44,38,25,32,51,39,42,26,34,23,31,17,24,15,29,32,17,28,22,28,27,33,28,19,13,18,35,33,20,50,23,15,11,18,19,12,15,15,21,20,19,23,20,18,23,16,73,66,64,87,80,63,59,64,15,43,55,17,51,22,17,26,30,12,24,24,28,26,27,24,26,22,18,15,19,18,15,18,22,14,22,11,5,6,15,10,4,16,6,2,8,13,15,,5,17,30,50,23,28,23,27,,24,13,9,13,16,23,20,29,17,16,12,19,19,12,6,5,4,18,,4,5,18,26,30,29,22,13,73,59,23,,27,,11,,15,21,13,13,11,14,4,13,30,29,7,42,35,84,41,55,80,80,65,37,18,6,47,119,,16,22,15,69,65
20251024,9,PM10,83,119,104,77,48,97,113,58,65,109,93,98,89,92,80,80,43,80,76,29,56,38,35,42,53,42,40,37,48,42,49,42,55,37,42,31,42,34,32,31,30,39,36,37,54,28,16,48,74,37,89,38,43,39,30,32,41,33,41,30,31,27,31,27,32,13,28,40,17,79,43,34,74,174,45,56,75,66,88,51,36,126,22,39,75,134,61,82,49,16,62,69,59,30,27,56,43,32,28,35,25,20,38,33,32,32,41,52,32,110,73,105,122,120,70,113,86,91,72,70,67,49,44,34,48,44,117,113,92,107,128,97,46,81,42,72,43,38,34,39,16,6,32,57,36,27,13,20,23,33,113,67,64,39,104,156,137,79,52,171,,,,,,,,,,,,,,,,,,,,,,,,,,,,,,84,145,29,104,77,124,116,46,120,92,57,22,108,50,51,20,47,67,150,75,62,91,90,101,141,50,46,43,61,30,74,25,67,66,50,64,27,70,73,49,48,40,38,50,73,64,52,89,38,34,19,34,37,20,29,27,40,39,40,42,44,41,36,37,114,102,99,137,159,139,76,159,33,59,129,34,104,56,24,40,75,27,41,45,,42,43,42,43,39,44,32,39,38,29,36,39,28,35,28,12,11,20,12,14,30,34,6,13,12,,,8,21,67,36,31,43,46,34,,27,21,28,27,44,25,33,43,30,32,12,30,29,38,23,18,14,54,,19,16,29,74,68,56,53,21,96,115,32,,30,,31,,18,58,17,22,37,31,12,20,44,36,12,105,204,149,80,157,179,217,170,54,35,,102,246,,37,46,25,116,84
20251024,9,PM10_24h,70,97,95,62,44,73,89,52,57,92,84,70,75,90,48,56,38,52,67,28,30,37,27,40,61,31,38,36,34,30,41,31,46,34,31,34,37,34,35,33,25,33,35,34,34,26,19,41,63,35,93,29,47,31,31,32,30,35,34,24,29,20,24,24,24,11,32,29,12,75,29,24,61,181,43,44,74,49,58,36,33,67,24,43,81,90,42,61,45,19,43,73,50,34,28,36,33,33,22,29,23,23,29,26,25,24,32,29,19,113,50,75,104,103,52,81,61,63,57,72,46,52,37,35,35,34,111,85,104,104,122,83,41,52,39,52,36,35,31,31,9,5,29,36,28,31,10,24,23,24,86,59,41,34,85,105,93,68,80,171,,,,,,,,,,,,,,,,,,,,,,,,,,,,,,62,95,26,109,61,91,91,50,90,65,68,21,83,43,54,30,46,44,82,51,51,57,96,62,81,45,51,36,56,33,48,25,57,63,42,48,36,54,56,56,50,33,27,33,59,61,40,81,42,32,25,28,26,19,23,24,38,37,38,42,42,36,46,35,101,96,96,135,135,107,80,111,35,60,97,33,82,36,27,40,49,19,40,37,32,42,39,39,40,34,35,28,31,32,20,33,32,17,31,21,11,19,22,12,16,24,23,4,13,20,19,,5,25,41,51,26,35,30,37,,33,24,23,26,29,20,27,30,23,26,19,29,28,23,15,12,17,40,,8,11,24,40,41,48,31,23,92,118,36,,28,,29,,15,30,15,27,26,31,12,31,51,49,9,128,110,174,98,179,213,229,185,90,55,27,118,220,,30,42,21,98,63
20251024,9,SO2,3,9,3,16,7,6,5,7,2,5,7,8,4,9,6,16,10,10,13,6,6,9,6,9,8,5,11,12,6,12,9,9,10,9,6,4,8,10,9,6,3,3,5,5,7,5,2,9,8,6,10,11,6,8,8,6,9,8,8,6,8,7,6,9,7,4,4,5,6,2,4,12,9,8,5,9,16,8,36,11,9,21,3,8,18,12,5,10,8,6,10,5,5,11,4,7,10,9,9,11,7,7,7,6,6,3,6,11,4,8,9,24,6,10,20,23,16,10,22,11,8,9,9,7,9,5,9,7,9,11,8,11,7,10,10,7,8,9,8,7,4,7,6,90,8,5,2,5,4,6,4,4,4,5,7,5,21,16,4,13,,,,,,,,,,,,,,,,,,,,,,,,,,,,,,7,5,5,6,10,7,8,12,7,18,20,5,15,8,9,9,10,19,13,9,9,10,16,27,32,11,5,10,9,13,12,5,6,7,12,6,7,8,10,8,11,10,5,9,8,8,4,8,8,7,5,5,4,7,6,6,12,18,35,7,13,11,10,8,12,10,11,7,9,12,7,7,8,7,11,8,4,8,4,8,5,7,8,9,9,6,5,7,10,8,8,6,7,4,4,16,4,7,9,4,3,6,4,5,6,6,14,5,9,3,5,,7,13,4,14,4,12,8,3,,3,6,3,11,5,4,9,12,21,8,6,11,6,7,3,4,9,12,,8,4,6,6,6,4,41,9,6,7,10,,2,,6,,4,12,3,10,10,13,3,15,6,6,4,5,11,7,6,5,9,7,4,6,4,3,6,9,,7,10,3,9,7
20251024,9,SO2_24h,4,10,3,9,7,8,5,6,3,4,5,8,5,9,6,8,9,8,10,6,5,7,4,8,9,4,8,10,5,10,9,8,8,8,5,4,7,9,8,6,4,3,5,4,6,5,2,8,8,6,11,7,6,7,8,6,7,8,7,5,8,6,6,7,7,4,4,3,6,2,5,11,10,10,5,9,16,7,12,9,6,21,3,8,15,12,5,9,8,5,6,7,4,12,4,6,8,7,9,12,6,6,6,5,6,2,5,8,3,10,7,15,7,7,21,15,9,7,17,11,6,8,9,6,7,4,9,7,11,10,8,12,7,9,9,6,8,7,8,7,4,7,7,22,8,6,2,5,4,4,4,4,5,5,6,5,16,12,7,10,,,,,,,,,,,,,,,,,,,,,,,,,,,,,,7,6,5,6,6,11,10,9,6,16,8,6,12,13,7,6,11,11,8,7,7,8,7,17,12,11,6,7,9,11,9,4,10,7,12,5,5,7,8,8,9,8,5,7,8,7,4,9,9,6,5,3,4,7,6,5,9,14,21,6,10,7,7,6,9,9,10,8,8,12,5,7,6,7,10,8,4,9,4,6,5,6,7,6,7,5,4,7,7,8,8,8,5,3,4,14,4,7,9,2,3,6,5,6,5,6,9,5,9,3,5,,6,11,4,17,3,11,8,4,,4,6,2,11,5,5,12,6,19,7,6,11,6,7,3,4,9,8,,8,4,6,6,5,5,14,7,6,10,9,,2,,6,,4,14,5,10,12,11,3,17,8,7,4,6,10,12,9,5,10,7,8,7,4,3,9,14,,7,9,2,9,7
20251024,9,NO2,40,57,36,38,38,33,37,24,30,40,53,51,30,41,46,49,28,50,51,17,30,31,19,28,27,22,32,31,32,24,29,20,28,27,28,19,27,26,25,13,11,33,18,22,27,14,13,22,44,23,36,26,17,19,15,21,21,26,24,17,13,16,18,13,25,18,10,24,28,28,29,41,37,50,17,30,47,38,54,32,37,64,9,22,48,46,50,45,18,9,46,35,23,18,12,48,11,19,15,13,11,10,11,17,16,4,18,28,20,28,31,28,25,39,41,56,32,40,51,39,27,31,21,22,28,21,38,32,33,27,27,32,23,23,24,12,16,11,11,13,8,10,19,29,20,18,12,12,8,13,25,24,26,30,24,42,53,33,26,34,,,,,,,,,,,,,,,,,,,,,,,,,,,,,,21,32,13,21,34,42,23,31,49,43,42,12,39,35,35,19,37,43,53,47,37,55,35,46,38,21,22,24,24,26,22,15,42,27,27,43,15,26,28,21,25,19,9,20,23,20,23,26,19,19,8,12,11,6,21,10,19,20,25,15,22,17,8,24,30,28,42,32,24,28,29,30,23,26,30,21,21,22,14,18,30,6,18,15,19,17,11,12,17,16,5,8,16,9,10,21,10,14,7,9,23,12,13,16,16,17,32,12,17,12,16,,17,9,15,10,11,12,12,14,,7,8,15,15,16,9,16,14,16,11,12,14,10,24,11,20,17,42,,19,3,11,41,16,30,36,17,40,37,20,,11,,8,,18,29,8,4,35,6,20,4,20,21,16,44,59,47,18,21,13,49,37,28,12,20,37,72,,27,22,12,46,31
20251024,9,NO2_24h,33,55,34,34,36,39,41,26,30,38,52,51,32,45,36,40,21,40,47,18,18,26,14,25,31,16,28,24,22,17,28,18,26,23,16,18,24,24,22,12,8,26,22,17,22,11,11,17,39,19,40,19,17,17,12,19,19,22,23,13,11,14,16,10,15,17,10,21,11,30,21,26,39,51,16,23,47,36,30,18,27,45,9,23,56,42,31,37,18,10,34,34,21,18,12,26,10,16,14,14,10,8,8,14,13,2,16,16,11,37,29,25,33,36,42,42,32,34,34,37,20,30,23,26,22,20,38,40,38,31,30,26,20,20,20,10,9,9,9,9,6,11,15,15,13,14,12,10,7,12,28,23,26,27,27,24,30,34,23,28,,,,,,,,,,,,,,,,,,,,,,,,,,,,,,19,27,12,21,26,36,17,30,41,35,46,15,35,37,29,30,14,32,39,36,35,38,33,29,26,33,42,24,26,14,24,14,38,27,28,28,16,24,27,27,29,12,7,14,29,25,22,23,33,19,9,12,12,6,13,7,16,13,19,10,15,10,7,16,38,37,47,33,25,20,31,22,14,19,26,17,17,17,13,23,19,8,16,12,17,17,8,9,12,12,4,8,13,8,7,19,10,7,7,8,13,10,12,14,12,12,22,15,17,10,14,,10,7,9,10,9,11,8,10,,6,7,7,11,10,6,15,7,12,8,9,14,13,9,5,5,7,18,,11,3,11,33,10,21,27,13,31,31,20,,12,,9,,10,18,11,5,15,3,11,5,25,23,12,35,49,50,26,36,22,52,36,27,18,12,34,61,,16,15,8,48,28
20251024,9,O3,5,4,7,16,31,19,3,15,6,5,15,10,14,6,7,26,64,17,23,75,45,54,55,52,57,48,46,46,37,43,45,47,56,60,53,64,60,62,61,72,81,49,68,46,53,56,69,59,23,57,21,63,52,77,59,61,63,68,68,69,66,60,43,43,23,22,64,15,58,23,7,18,7,30,55,50,6,13,16,46,31,13,75,68,22,21,19,17,70,87,32,21,52,69,76,35,66,40,44,46,56,61,76,53,72,50,43,44,8,21,10,46,28,7,8,14,38,20,23,24,32,24,43,65,61,70,19,24,16,38,31,55,41,68,56,83,63,93,57,62,58,27,22,16,16,35,26,5,49,34,42,47,42,27,52,14,18,9,31,56,,,,,,,,,,,,,,,,,,,,,,,,,,,,,,54,19,50,63,10,8,67,10,5,9,46,54,23,10,22,31,42,26,9,15,14,15,21,14,22,54,32,25,40,46,42,24,24,37,29,29,25,49,45,68,54,61,37,44,61,55,51,37,61,63,79,70,66,72,43,57,74,72,61,73,65,68,70,65,24,36,10,18,26,37,34,28,63,16,29,69,83,58,79,39,44,64,74,91,65,60,89,80,77,88,69,58,54,71,62,32,83,47,66,21,32,8,32,28,29,10,6,43,13,26,16,,23,50,26,37,98,19,31,71,,66,34,26,45,28,17,24,28,27,9,43,6,15,32,51,49,52,53,,50,85,58,6,86,44,26,42,6,9,17,,62,,20,,33,14,48,47,19,46,52,70,9,5,13,29,13,19,21,40,61,2,37,31,19,71,28,3,,10,56,30,6,34
20251024,9,O3_24h,,,,,,,,,,,,,,,,,,,,,,,,,,,,,,,,,,,,,,,,,,,,,,,,,,,,,,,,,,,,,,,,,,,,,,,,,,,,,,,,,,,,,,,,,,,,,,,,,,,,,,,,,,,,,,,,,,,,,,,,,,,,,,,,,,,,,,,,,,,,,,,,,,,,,,,,,,,,,,,,,,,,,,,,,,,,,,,,,,,,,,,,,,,,,,,,,,,,,,,,,,,,,,,,,,,,,,,,,,,,,,,,,,,,,,,,,,,,,,,,,,,,,,,,,,,,,,,,,,,,,,,,,,,,,,,,,,,,,,,,,,,,,,,,,,,,,,,,,,,,,,,,,,,,,,,,,,,,,,,,,,,,,,,,,,,,,,,,,,,,,,,,,,,,,,,,,,,,,,,,,,,,,,,,,,,,,,,
20251024,9,O3_8h,7,5,4,12,18,13,2,19,7,2,6,2,11,6,11,17,58,10,10,69,51,49,58,56,51,51,39,39,47,42,33,37,53,53,66,63,59,60,51,69,85,40,50,41,58,78,73,68,16,47,23,69,62,78,62,61,62,67,66,70,67,59,36,51,31,37,65,15,84,18,9,34,3,33,57,64,3,26,23,60,29,8,82,67,7,11,19,7,64,80,24,20,46,68,65,37,61,41,43,45,58,62,76,56,71,54,40,56,13,19,7,44,9,9,6,6,16,11,15,12,41,12,36,52,60,69,27,13,15,38,33,73,37,69,64,87,55,90,56,63,65,22,29,37,28,36,30,16,50,41,32,43,27,25,47,24,44,17,47,74,,,,,,,,,,,,,,,,,,,,,,,,,,,,,,66,25,54,58,13,12,84,19,7,15,27,40,22,7,16,22,75,17,3,10,8,9,8,16,24,34,17,18,27,45,31,16,8,24,21,38,17,42,34,53,35,66,24,49,43,45,43,31,28,50,83,60,59,67,62,61,83,79,55,88,78,65,68,58,14,25,6,19,20,63,21,45,60,35,40,68,88,66,76,12,58,41,85,97,73,65,99,88,89,71,62,55,51,69,55,37,77,61,61,20,38,21,25,35,40,24,10,36,9,33,35,,40,54,41,33,102,24,42,68,,60,42,34,57,30,24,16,38,30,17,49,7,14,55,71,85,77,92,,62,80,52,6,81,50,48,50,7,30,21,,57,,20,,49,27,47,36,41,52,70,76,5,3,20,44,10,26,24,39,67,13,37,48,29,90,34,3,,26,65,37,4,27
20251024,9,O3_8h_24h,6,3,4,11,18,13,2,18,6,2,6,2,11,5,6,14,58,10,10,68,49,48,56,56,51,48,39,36,43,41,33,37,53,52,62,61,59,59,51,69,84,39,50,41,56,75,72,65,16,46,21,68,58,78,62,61,61,67,66,69,67,59,36,49,29,35,65,14,80,18,8,32,3,33,56,59,3,25,20,56,29,8,80,67,7,11,16,6,64,80,23,20,46,68,65,35,61,41,42,45,58,62,76,55,71,53,40,54,11,18,7,42,9,8,6,6,16,11,14,12,39,12,36,52,59,68,25,13,13,36,33,70,37,68,63,86,55,90,56,62,64,22,29,32,26,36,28,14,49,40,32,43,27,24,47,23,41,16,45,71,,,,,,,,,,,,,,,,,,,,,,,,,,,,,,63,23,53,58,12,9,80,16,6,11,27,40,22,7,16,22,71,17,3,9,8,9,8,15,22,34,17,18,27,44,31,16,8,24,21,36,17,42,34,53,35,64,24,48,43,45,42,30,28,49,83,60,59,67,58,59,82,77,54,86,74,65,67,58,14,25,6,18,20,56,20,38,59,22,38,68,87,65,74,12,55,41,83,96,71,65,97,86,85,71,62,56,51,69,55,37,77,59,61,20,38,19,25,34,38,21,10,36,9,33,34,,36,53,37,33,101,24,38,68,,60,41,34,55,28,22,16,35,28,15,47,6,14,49,67,79,71,87,,60,80,52,4,81,48,48,49,7,27,20,,57,,20,,45,24,47,36,40,50,66,76,4,3,19,44,10,26,23,39,67,9,37,46,29,87,34,3,,24,63,35,4,27
20251024,9,CO,0.79,1.04,0.78,1.04,0.38,0.72,0.73,0.64,0.70,0.80,0.95,0.75,0.60,1.09,0.96,1.19,0.66,0.70,0.75,0.49,0.65,0.94,0.46,0.80,0.45,0.40,0.74,0.56,0.56,0.47,0.72,0.53,0.93,0.55,0.59,0.34,0.63,0.55,0.85,0.43,0.55,0.53,0.43,0.33,0.52,0.36,0.35,0.60,0.76,0.31,0.68,0.56,0.42,0.45,0.57,0.38,0.56,0.45,0.48,0.52,0.53,0.42,0.51,0.36,0.49,0.50,0.30,0.66,0.43,0.69,0.90,0.83,1.04,1.09,0.57,0.73,1.50,0.66,2.02,0.70,0.57,1.05,0.35,0.46,0.88,1.02,0.66,0.82,0.52,0.28,0.63,0.36,0.65,1.00,0.34,0.63,0.57,0.62,0.48,0.52,0.50,0.60,0.60,0.60,0.53,0.20,0.58,0.40,0.57,0.55,1.44,1.05,0.70,1.47,0.86,1.42,0.93,1.22,1.22,0.83,0.58,0.50,0.53,0.53,0.67,0.58,0.70,0.72,0.77,0.90,0.60,0.53,0.47,0.60,0.73,0.45,0.33,0.43,0.38,0.49,0.53,0.44,0.66,1.30,0.60,0.40,0.72,0.40,0.54,0.53,0.67,1.20,0.83,0.68,0.70,1.30,0.87,1.16,0.64,0.80,,,,,,,,,,,,,,,,,,,,,,,,,,,,,,0.50,0.80,0.40,0.68,0.93,1.27,0.66,0.93,1.00,1.40,0.60,0.60,0.95,1.00,0.80,0.35,1.00,2.06,1.23,0.73,0.75,0.80,0.90,1.40,0.75,0.40,0.35,0.60,0.65,0.77,0.43,0.67,0.63,0.67,0.60,0.55,0.35,0.47,0.46,0.43,0.85,0.57,0.35,0.33,0.36,0.40,0.30,0.50,0.75,0.38,0.53,0.40,0.47,0.40,0.55,0.67,0.65,0.57,0.53,0.60,0.55,0.40,0.55,0.40,1.08,0.90,0.80,0.65,0.66,0.73,0.73,0.57,0.45,0.77,0.60,0.33,0.58,0.50,0.40,0.40,0.80,0.47,0.77,0.70,0.70,0.40,0.37,0.20,0.57,0.35,0.50,0.45,0.68,0.47,0.37,0.60,0.50,0.65,0.45,0.60,0.73,0.43,0.40,0.60,0.53,0.60,0.47,0.65,0.70,0.45,0.70,,0.95,0.63,0.60,0.47,0.45,0.55,0.70,0.50,,0.55,0.65,0.60,0.65,0.55,0.95,0.85,0.30,0.50,0.60,0.75,0.80,0.55,0.70,0.35,0.40,0.50,0.80,,0.40,0.30,0.60,1.43,0.60,0.55,1.45,0.65,1.50,0.95,0.55,,0.50,,0.80,,0.45,0.80,0.50,0.40,0.70,0.40,0.40,0.30,0.60,0.70,0.67,0.95,0.90,1.00,0.40,0.60,0.25,0.90,0.35,0.60,0.60,0.10,0.55,1.50,,0.60,0.20,0.50,0.90,0.57
20251024,9,CO_24h,0.66,0.93,0.69,0.79,0.35,0.60,0.53,0.60,0.60,0.67,0.78,0.53,0.53,1.06,0.63,0.61,0.52,0.51,0.75,0.46,0.43,0.69,0.41,0.67,0.43,0.36,0.60,0.53,0.40,0.40,0.58,0.48,0.65,0.47,0.42,0.32,0.49,0.45,0.65,0.40,0.50,0.43,0.33,0.30,0.40,0.37,0.40,0.47,0.64,0.30,0.66,0.36,0.40,0.42,0.58,0.40,0.51,0.43,0.47,0.48,0.50,0.40,0.47,0.34,0.42,0.49,0.28,0.52,0.25,0.65,0.60,0.57,0.82,0.96,0.53,0.70,1.36,0.64,0.78,0.47,0.40,0.67,0.35,0.41,0.80,0.73,0.50,0.50,0.43,0.27,0.48,0.34,0.48,0.96,0.32,0.50,0.47,0.59,0.53,0.56,0.47,0.53,0.60,0.47,0.53,0.10,0.50,0.40,0.43,0.55,0.94,1.03,0.85,1.00,0.70,1.04,0.67,0.68,0.86,0.80,0.46,0.44,0.53,0.57,0.50,0.45,0.64,0.66,0.72,0.80,0.58,0.50,0.43,0.47,0.70,0.40,0.23,0.40,0.38,0.43,0.50,0.46,0.68,0.92,0.50,0.43,0.72,0.40,0.48,0.45,0.65,0.90,0.83,0.60,0.60,0.80,0.77,0.72,0.50,0.73,,,,,,,,,,,,,,,,,,,,,,,,,,,,,,0.40,0.60,0.33,0.64,0.68,1.10,0.56,0.90,0.93,0.88,0.73,0.60,0.75,0.82,0.80,0.25,0.75,1.28,0.73,0.60,0.63,0.45,0.70,0.80,0.60,0.45,0.45,0.57,0.65,0.60,0.47,0.50,0.65,0.60,0.55,0.45,0.40,0.35,0.32,0.47,0.72,0.35,0.35,0.22,0.30,0.35,0.33,0.50,0.73,0.30,0.53,0.43,0.53,0.37,0.45,0.60,0.55,0.42,0.40,0.54,0.50,0.38,0.55,0.33,1.00,0.85,0.73,0.60,0.62,0.63,0.63,0.47,0.38,0.65,0.48,0.40,0.40,0.40,0.37,0.20,0.63,0.47,0.72,0.60,0.60,0.47,0.33,0.15,0.53,0.25,0.43,0.37,0.55,0.47,0.37,0.50,0.43,0.55,0.45,0.50,0.60,0.43,0.47,0.58,0.60,0.50,0.35,0.70,0.65,0.47,0.60,,0.85,0.63,0.60,0.47,0.35,0.60,0.55,0.45,,0.55,0.55,0.60,0.60,0.40,0.80,0.75,0.27,0.45,0.55,0.75,0.60,0.50,0.45,0.30,0.30,0.35,0.50,,0.35,0.30,0.57,0.77,0.40,0.50,0.75,0.50,0.90,0.80,0.60,,0.40,,0.85,,0.35,0.90,0.50,0.40,0.60,0.40,0.40,0.40,0.60,0.60,0.57,0.90,0.55,0.90,0.50,0.75,0.30,0.80,0.80,0.80,0.70,0.20,0.50,1.15,,0.35,0.10,0.50,0.67,0.53
20251024,10,AQI,86,101,115,63,38,115,129,56,65,129,55,91,103,94,70,60,45,58,58,28,46,35,31,41,53,33,38,28,32,32,45,38,52,35,43,31,40,30,27,36,29,38,35,41,48,25,22,45,56,33,103,39,42,41,33,34,44,41,49,32,34,30,35,29,31,14,30,40,23,79,55,44,65,134,43,48,78,50,88,49,43,66,25,40,49,95,47,60,51,28,53,59,48,29,25,51,40,41,34,37,29,29,45,38,33,29,43,51,36,99,64,118,109,113,65,83,65,70,67,61,57,48,45,30,35,42,113,118,101,113,106,115,53,84,41,61,46,37,40,42,22,8,34,56,38,24,13,23,23,33,95,84,80,66,110,68,83,64,60,114,,,,,,,,,,,,,,,,,,,,,,,,,,,,,,66,114,28,68,83,113,89,49,77,68,53,22,90,54,49,15,58,57,92,65,65,57,74,83,79,42,39,40,56,26,42,32,58,52,51,55,25,58,58,48,41,44,44,46,61,56,45,71,30,32,25,37,33,25,22,28,40,41,38,41,45,42,36,37,111,85,96,120,134,113,57,131,33,63,116,34,88,53,27,34,59,29,45,42,41,44,40,46,48,41,40,37,46,43,33,37,36,31,36,23,12,14,21,14,14,30,35,12,14,11,19,,11,24,63,39,33,54,46,40,,34,20,30,27,39,34,37,43,33,27,15,37,33,47,26,28,23,69,,21,26,34,59,68,56,75,23,76,88,34,,43,,28,,25,41,31,26,32,29,19,21,34,39,14,86,110,113,63,110,124,153,151,59,59,22,80,181,,44,41,24,124,118
20251024,10,PM2.5,64,76,87,31,11,87,98,36,40,98,36,68,77,70,51,42,31,26,31,11,20,15,10,11,33,17,8,12,17,17,23,17,32,18,21,18,22,16,12,19,10,18,15,19,21,11,11,27,30,10,77,23,25,25,17,20,21,27,30,20,20,18,19,17,17,6,18,24,8,58,33,31,44,102,24,31,57,31,65,34,28,32,10,21,25,71,19,35,26,6,19,42,31,13,7,21,28,19,21,23,18,16,27,22,21,17,20,23,25,74,42,89,82,85,42,61,47,51,40,44,23,28,18,11,14,24,85,89,76,85,80,87,34,62,24,39,32,24,26,25,11,4,24,34,22,16,7,13,15,23,71,62,59,48,83,49,39,46,20,43,,,,,,,,,,,,,,,,,,,,,,,,,,,,,,48,86,19,49,61,85,66,34,47,49,28,6,67,38,34,5,40,22,61,45,40,32,54,61,41,26,24,27,27,9,26,13,39,27,15,35,10,37,36,30,17,27,18,24,43,31,26,52,16,17,7,18,15,10,14,17,21,20,14,23,19,20,15,12,84,63,72,91,102,85,40,100,11,45,88,11,65,36,12,22,41,16,24,25,29,31,25,28,31,26,22,18,24,24,21,25,23,22,23,13,5,4,15,10,3,16,10,3,10,8,13,,5,17,45,27,23,38,31,28,,24,9,8,12,13,24,26,30,17,18,10,23,23,19,10,12,8,50,,6,7,24,42,49,40,55,12,54,65,20,,30,,8,,16,29,22,15,20,6,11,7,17,25,8,43,63,85,41,56,64,78,59,28,3,3,47,137,,30,26,13,94,89
20251024,10,PM2.5_24h,49,59,73,30,21,72,74,37,31,67,61,56,64,66,34,34,23,32,34,11,12,17,10,17,33,15,14,15,16,14,21,13,25,17,13,19,19,18,16,14,7,16,17,16,15,11,17,25,33,15,66,16,27,19,18,20,17,20,20,16,17,13,17,14,14,7,22,18,7,49,17,17,38,99,30,26,54,26,33,25,21,30,12,22,46,52,20,36,22,8,17,47,32,17,9,14,24,18,16,17,16,17,19,16,16,12,17,15,13,73,34,69,60,72,31,46,43,42,33,51,19,31,19,17,14,19,72,73,74,77,70,73,27,42,25,30,30,25,21,20,4,4,19,23,17,19,6,15,14,15,58,49,36,37,66,56,41,44,24,47,,,,,,,,,,,,,,,,,,,,,,,,,,,,,,36,66,16,59,42,67,49,41,48,37,40,10,53,32,33,9,32,21,44,38,25,32,50,39,42,25,33,23,31,17,25,15,30,32,17,29,23,28,27,33,28,19,13,18,35,33,21,49,23,15,11,18,20,12,16,15,21,20,19,23,20,18,23,16,75,66,65,87,81,64,59,66,14,43,56,16,52,23,16,26,31,12,25,24,27,26,27,24,26,22,18,15,20,18,15,19,22,15,23,11,5,6,15,10,4,16,7,2,8,13,15,,5,17,31,50,23,28,23,26,,24,13,9,13,16,23,20,30,17,16,12,19,19,12,6,5,4,15,,4,5,18,26,30,29,23,13,73,59,23,,26,,12,,15,22,14,13,11,13,4,12,28,28,7,41,36,85,41,56,80,80,65,36,18,6,45,122,,17,22,15,70,67
20251024,10,PM10,91,125,113,75,38,93,123,61,79,122,59,102,87,101,88,70,45,65,66,28,46,35,31,41,56,33,38,28,32,32,45,38,54,35,43,31,40,30,27,36,29,38,35,41,48,25,14,45,62,33,88,39,42,41,33,34,44,41,49,32,34,30,35,29,31,14,30,40,21,85,60,41,79,177,43,48,74,50,97,48,43,82,21,40,49,127,47,69,52,15,55,63,48,29,22,52,40,41,34,37,29,29,45,38,33,29,43,52,32,112,78,106,116,126,79,105,66,89,83,65,63,48,45,30,35,42,115,110,94,115,125,100,55,71,41,71,46,37,40,42,22,6,33,62,38,24,13,23,23,33,118,79,66,36,109,85,115,68,69,178,,,,,,,,,,,,,,,,,,,,,,,,,,,,,,75,133,28,85,89,115,118,46,103,85,55,22,111,53,43,14,66,64,133,79,79,63,84,108,108,42,39,40,62,26,42,32,66,53,52,59,25,65,65,48,41,44,44,46,72,61,45,85,30,32,21,37,33,25,22,28,40,41,38,41,45,42,36,37,105,87,108,132,155,136,64,150,33,70,149,34,108,56,24,34,68,29,45,42,38,43,40,46,48,41,40,37,46,43,33,37,36,26,36,23,11,14,21,11,14,30,35,6,14,10,,,11,22,65,35,32,46,46,37,,34,20,30,27,39,33,34,40,33,27,15,37,25,47,26,28,23,86,,21,13,32,62,71,60,81,23,101,124,34,,,,28,,25,39,,26,32,29,19,20,34,39,14,121,169,168,75,169,198,256,252,67,68,22,110,235,,44,41,24,121,98
20251024,10,PM10_24h,71,98,96,63,45,74,91,52,58,94,83,72,76,90,50,56,39,52,68,28,31,37,27,40,61,31,38,36,34,30,41,32,47,34,31,34,37,34,35,33,26,33,35,35,34,26,19,42,64,35,92,29,47,31,31,32,31,35,35,25,29,20,25,24,24,11,33,30,11,76,30,24,62,182,44,44,75,49,59,36,34,68,24,43,81,91,43,61,47,19,42,73,50,33,28,37,34,33,23,30,24,24,30,26,26,24,32,30,20,113,51,76,105,105,53,82,61,64,58,72,47,52,38,35,34,34,111,86,102,105,123,84,41,53,39,53,37,36,32,31,9,5,30,36,29,30,10,24,23,24,87,60,42,34,85,105,94,69,79,171,,,,,,,,,,,,,,,,,,,,,,,,,,,,,,63,97,26,108,63,92,92,50,89,67,68,21,85,44,55,28,46,45,83,51,50,57,94,62,81,45,51,36,56,34,49,25,58,62,43,49,36,55,56,56,50,33,27,34,60,61,41,80,42,33,25,29,27,19,23,24,39,37,39,42,42,37,46,35,102,96,96,136,137,109,80,114,35,60,100,33,83,37,27,40,50,19,40,37,32,42,40,39,40,35,36,29,32,32,21,33,33,18,31,22,11,19,21,12,16,24,24,4,13,19,19,,5,25,43,51,25,35,31,37,,33,23,24,26,29,21,28,31,23,26,19,30,28,24,14,12,16,35,,8,11,25,41,42,48,33,22,94,117,35,,28,,29,,15,30,15,27,26,31,10,30,48,47,9,127,110,175,99,179,212,230,186,88,55,26,116,223,,30,42,21,99,64
20251024,10,SO2,3,10,3,15,7,8,4,7,3,6,7,10,7,10,6,16,10,9,12,6,6,8,4,9,9,5,9,10,6,11,9,9,11,9,6,4,9,10,8,5,3,3,5,4,7,5,2,8,8,6,11,11,6,7,8,7,8,7,8,6,8,7,8,8,7,4,4,5,7,2,6,15,17,8,5,9,25,9,42,12,13,23,3,8,20,13,7,12,8,6,9,6,7,15,4,7,11,8,8,12,7,7,6,6,6,3,6,9,5,10,13,23,8,10,22,26,15,10,21,10,8,8,9,7,8,6,10,7,10,14,9,12,7,10,10,9,9,8,8,7,4,7,6,138,9,4,2,5,4,5,4,4,5,5,7,8,25,29,7,10,,,,,,,,,,,,,,,,,,,,,,,,,,,,,,7,6,5,7,12,8,9,14,10,22,17,6,17,9,9,5,11,28,18,7,17,8,12,35,22,12,4,8,9,12,9,6,6,7,8,6,5,8,10,9,9,10,6,9,9,8,5,11,7,8,5,5,4,7,6,5,13,15,16,7,13,10,13,6,14,10,13,8,10,12,6,7,8,7,11,7,4,11,4,7,6,7,10,11,9,7,5,7,8,8,9,6,7,4,5,24,4,8,9,6,3,6,5,6,5,6,12,5,9,4,5,,7,13,4,10,4,11,6,3,,4,6,2,11,5,4,9,11,6,8,6,12,6,7,3,5,9,10,,9,3,6,5,6,5,239,8,7,9,9,,2,,6,,4,15,5,10,10,14,3,14,7,6,4,7,12,8,4,5,8,7,7,7,4,3,6,10,,11,10,4,10,8
20251024,10,SO2_24h,4,10,3,8,7,8,5,6,3,4,5,8,5,8,6,9,9,7,10,6,5,7,4,8,9,4,8,10,5,10,9,8,8,8,5,4,7,9,8,6,4,3,5,4,6,5,2,8,8,6,11,7,6,7,8,6,7,8,7,5,8,6,6,7,7,4,5,4,5,2,5,11,11,10,5,9,16,7,13,9,6,21,3,8,15,12,5,9,8,6,6,7,4,12,4,6,8,7,9,12,6,6,6,5,6,2,5,8,3,10,7,15,7,7,21,15,9,7,17,11,6,8,9,6,7,4,9,7,11,11,8,12,7,9,9,6,8,7,8,7,4,7,7,27,8,5,2,5,4,4,4,4,5,5,6,5,16,13,7,10,,,,,,,,,,,,,,,,,,,,,,,,,,,,,,7,6,5,6,6,11,10,9,6,17,8,6,12,12,7,6,11,12,8,7,7,8,7,16,12,10,6,7,9,11,9,4,10,7,12,5,5,7,8,8,9,8,5,7,8,7,4,9,9,6,5,3,4,7,6,5,9,14,21,6,10,7,7,6,9,9,10,8,9,12,5,7,6,7,10,8,4,9,4,6,5,6,7,6,7,5,4,6,7,8,8,5,6,3,4,14,4,7,9,2,3,6,5,6,5,6,8,5,9,3,5,,6,11,4,17,3,11,7,4,,4,6,2,11,5,5,12,7,20,7,6,12,6,7,3,4,9,7,,8,4,6,6,5,5,24,7,6,10,9,,2,,6,,4,14,5,10,12,11,2,17,8,7,4,6,10,12,9,6,10,7,8,8,4,3,9,14,,7,9,2,9,7
20251024,10,NO2,43,60,39,39,33,32,40,24,35,34,38,49,28,40,43,43,29,37,35,14,25,24,13,27,27,17,24,19,22,16,24,18,26,22,29,17,24,22,17,12,10,28,11,21,24,13,11,19,35,18,34,26,16,18,15,23,20,23,24,16,12,15,17,13,24,19,11,22,20,28,36,41,39,55,15,24,49,33,52,26,30,46,8,25,29,43,37,40,19,9,38,32,15,17,10,38,10,18,14,14,10,10,12,12,15,4,20,19,17,26,30,26,25,39,42,59,22,36,45,36,26,26,16,15,18,20,35,29,33,33,26,34,22,18,21,11,13,10,10,10,7,10,19,32,22,22,13,15,10,11,26,22,24,25,29,23,43,28,44,52,,,,,,,,,,,,,,,,,,,,,,,,,,,,,,20,30,10,20,40,41,19,28,48,42,25,9,30,37,26,12,35,41,53,42,43,29,39,49,35,18,15,24,14,7,13,15,26,17,21,28,10,22,24,20,15,17,8,15,19,19,19,22,16,14,8,11,11,6,14,6,14,14,15,14,22,11,7,13,28,24,39,31,22,27,24,27,17,25,29,16,18,23,13,13,20,6,16,15,18,15,9,10,13,11,5,9,15,9,10,20,9,10,7,9,24,11,14,17,19,13,30,13,19,13,16,,21,9,14,10,9,13,10,11,,8,6,10,14,13,12,12,13,16,8,13,16,11,18,17,18,14,31,,30,5,10,25,15,31,38,18,36,39,18,,12,,7,,13,18,8,6,15,6,18,4,21,19,12,55,58,64,21,32,24,53,47,35,16,31,51,72,,30,20,12,46,30
20251024,10,NO2_24h,34,55,35,34,37,39,42,26,30,38,51,51,33,45,36,39,21,40,47,18,18,26,14,25,32,17,28,24,21,17,28,18,27,23,16,18,24,24,22,12,8,26,22,18,23,11,11,17,39,19,39,19,17,17,12,19,19,22,23,13,11,14,16,10,16,17,10,22,10,31,21,26,39,52,16,23,48,37,31,19,28,46,9,23,55,42,32,37,18,10,33,35,21,18,12,27,10,16,14,14,10,8,8,14,13,2,16,16,11,37,29,26,33,36,43,43,32,34,35,37,20,31,23,25,22,20,38,39,38,31,30,26,19,20,20,10,9,9,9,10,6,11,15,16,13,15,12,11,7,11,28,23,26,27,27,24,30,34,23,28,,,,,,,,,,,,,,,,,,,,,,,,,,,,,,19,27,12,21,27,37,17,30,42,36,46,15,35,38,30,29,14,32,40,36,35,38,33,28,25,33,42,24,26,15,24,15,37,27,28,28,17,25,27,27,29,13,7,14,29,24,22,23,32,19,8,12,12,6,13,7,16,13,19,10,15,10,7,16,37,36,47,32,24,20,31,22,14,20,26,17,17,17,13,23,19,8,16,12,17,17,8,9,12,12,4,8,13,8,7,19,10,7,8,8,13,10,12,14,12,12,23,14,17,10,14,,10,7,10,10,9,11,8,10,,6,7,7,11,11,6,15,7,12,8,9,14,13,10,5,5,7,16,,10,3,11,33,11,22,28,13,32,30,20,,12,,8,,10,18,10,5,15,3,10,4,25,23,12,35,48,50,26,36,22,52,36,26,18,13,34,61,,17,16,9,48,28
20251024,10,O3,10,6,11,16,45,33,6,21,12,15,43,13,29,11,19,44,59,41,43,84,59,71,75,57,59,64,64,69,63,64,59,65,61,72,54,74,71,79,74,77,85,61,84,54,62,60,70,71,44,68,27,67,63,79,64,64,71,77,72,72,70,69,47,46,27,20,62,24,72,27,10,27,15,23,67,69,12,17,25,55,48,40,79,62,63,35,45,48,69,88,48,30,70,74,81,52,72,47,47,49,59,63,79,67,71,52,46,60,23,38,16,61,32,7,16,27,63,38,41,40,38,38,53,79,76,81,25,36,24,38,41,49,69,80,73,87,88,95,62,69,64,27,20,19,15,28,27,8,48,38,42,53,48,40,47,58,35,16,20,36,,,,,,,,,,,,,,,,,,,,,,,,,,,,,,61,31,60,67,14,13,70,21,14,18,60,59,43,10,40,47,46,44,25,33,19,45,42,37,46,60,43,42,58,74,56,32,44,53,38,49,35,59,58,73,75,76,65,61,77,65,66,47,79,70,80,75,69,78,66,72,87,84,84,77,74,87,79,85,34,48,20,29,42,44,48,43,78,21,34,78,93,65,85,68,66,76,80,97,77,65,96,89,91,100,75,59,57,74,69,36,86,50,70,24,32,9,37,31,27,13,9,39,13,24,22,,24,53,30,53,103,18,33,82,,62,38,34,47,42,22,42,34,30,17,46,9,19,59,49,55,66,68,,42,82,62,28,88,50,48,43,24,18,18,,51,,23,,47,33,58,55,51,52,59,67,17,8,21,23,14,8,18,27,53,2,25,27,27,62,19,5,,15,64,33,13,34
20251024,10,O3_24h,,,,,,,,,,,,,,,,,,,,,,,,,,,,,,,,,,,,,,,,,,,,,,,,,,,,,,,,,,,,,,,,,,,,,,,,,,,,,,,,,,,,,,,,,,,,,,,,,,,,,,,,,,,,,,,,,,,,,,,,,,,,,,,,,,,,,,,,,,,,,,,,,,,,,,,,,,,,,,,,,,,,,,,,,,,,,,,,,,,,,,,,,,,,,,,,,,,,,,,,,,,,,,,,,,,,,,,,,,,,,,,,,,,,,,,,,,,,,,,,,,,,,,,,,,,,,,,,,,,,,,,,,,,,,,,,,,,,,,,,,,,,,,,,,,,,,,,,,,,,,,,,,,,,,,,,,,,,,,,,,,,,,,,,,,,,,,,,,,,,,,,,,,,,,,,,,,,,,,,,,,,,,,,,,,,,,,,
20251024,10,O3_8h,6,4,7,13,22,16,2,19,8,3,10,3,13,6,13,20,58,13,14,70,51,50,58,57,53,51,41,40,47,42,36,39,54,55,66,63,61,61,53,69,85,42,53,43,58,78,73,68,19,50,23,70,62,79,62,62,63,69,68,70,67,60,40,51,31,37,66,16,84,20,9,34,4,34,57,64,5,21,23,60,31,12,82,68,13,14,21,12,65,82,26,22,48,68,67,37,62,42,43,46,58,62,77,56,72,54,41,56,14,20,9,45,13,9,7,9,21,14,18,16,41,15,37,55,60,69,27,15,15,38,34,73,41,70,64,88,59,91,56,64,65,23,29,37,28,36,30,16,50,41,34,45,33,26,52,27,44,17,47,74,,,,,,,,,,,,,,,,,,,,,,,,,,,,,,66,25,54,60,13,12,84,19,7,15,33,44,26,7,19,26,75,20,6,12,10,13,13,17,24,40,21,20,32,48,34,18,13,27,24,38,20,44,38,57,39,66,29,50,47,49,44,32,35,52,83,62,61,68,62,61,83,79,56,88,78,69,68,61,16,26,6,19,22,63,23,45,60,25,40,69,88,66,76,19,58,50,85,97,73,65,99,88,89,73,64,56,52,69,57,39,79,61,62,20,38,21,26,35,40,24,10,38,10,33,35,,40,54,41,36,102,24,42,69,,63,42,34,57,31,24,19,38,30,17,49,7,14,55,71,85,77,92,,62,82,56,7,82,50,52,50,7,30,21,,57,,20,,49,27,48,38,41,52,70,76,6,3,20,44,11,26,24,41,67,13,38,48,29,90,34,3,,26,65,37,6,28
20251024,10,O3_8h_24h,5,4,5,11,22,15,2,19,6,3,10,3,13,5,8,17,57,13,14,69,49,50,56,56,53,48,41,38,43,42,36,39,54,54,60,62,60,60,53,69,84,41,53,43,56,71,71,64,19,49,20,67,57,78,62,61,63,69,68,69,67,59,40,48,28,32,66,15,78,20,9,31,4,32,56,57,5,20,19,54,30,12,80,67,13,14,19,12,65,82,26,22,48,68,67,36,62,42,43,46,58,62,77,56,72,53,40,53,12,20,8,43,13,7,7,9,21,14,18,16,39,15,37,55,59,68,24,15,13,35,34,67,41,70,63,87,59,91,56,64,64,23,27,29,25,35,27,11,49,39,34,45,33,26,52,27,38,15,41,65,,,,,,,,,,,,,,,,,,,,,,,,,,,,,,60,22,54,60,12,9,78,16,6,12,33,44,26,7,19,26,68,20,6,12,9,13,13,17,24,40,21,20,32,47,34,17,13,27,24,36,20,44,38,57,39,64,29,49,47,49,44,31,35,52,82,62,61,68,57,60,81,77,55,83,73,69,68,61,16,26,6,19,22,51,23,34,60,22,36,68,87,64,74,19,55,50,81,96,70,65,96,86,84,73,64,56,52,69,57,39,79,57,62,20,38,17,26,33,36,19,10,38,10,32,31,,33,52,34,36,102,22,36,69,,58,40,34,52,29,21,19,34,28,15,47,5,14,48,63,74,68,87,,57,82,56,6,82,46,52,49,7,25,20,,57,,20,,44,22,48,38,41,49,64,74,6,3,18,42,11,26,22,41,66,4,38,43,28,83,32,3,,22,62,35,6,28
20251024,10,CO,0.79,1.00,0.73,1.06,0.33,0.75,0.71,0.64,0.67,0.67,0.62,0.75,0.65,1.14,0.89,1.08,0.66,0.42,0.56,0.48,0.56,0.77,0.40,0.74,0.48,0.34,0.59,0.49,0.48,0.44,0.64,0.50,0.95,0.50,0.55,0.33,0.60,0.50,0.65,0.40,0.55,0.50,0.40,0.33,0.49,0.35,0.36,0.54,0.69,0.31,0.71,0.66,0.41,0.45,0.57,0.38,0.56,0.40,0.47,0.53,0.53,0.38,0.51,0.34,0.50,0.50,0.32,0.63,0.38,0.70,1.05,0.90,1.10,1.16,0.53,0.70,1.66,0.66,2.30,0.63,0.53,0.80,0.33,0.46,0.78,0.92,0.55,0.65,0.52,0.27,0.55,0.34,0.67,1.18,0.30,0.50,0.55,0.60,0.50,0.54,0.50,0.57,0.60,0.47,0.55,0.20,0.62,0.40,0.57,0.60,1.28,1.12,0.75,1.37,0.82,1.28,0.78,1.00,0.92,0.73,0.54,0.40,0.48,0.38,0.47,0.64,0.69,0.68,0.78,0.93,0.64,0.55,0.43,0.57,0.70,0.42,0.30,0.43,0.38,0.44,0.53,0.46,0.64,1.38,0.57,0.40,0.70,0.45,0.54,0.45,0.70,1.10,0.83,0.67,0.70,0.90,0.70,1.06,1.36,1.00,,,,,,,,,,,,,,,,,,,,,,,,,,,,,,0.47,0.80,0.40,0.64,0.85,1.20,0.70,0.93,1.30,1.60,0.53,0.60,0.90,0.97,0.50,0.25,0.95,1.36,1.15,0.65,1.05,0.40,0.65,1.15,0.70,0.40,0.30,0.57,0.55,0.50,0.37,0.68,0.47,0.57,0.60,0.45,0.30,0.48,0.38,0.43,0.48,0.55,0.40,0.30,0.38,0.43,0.30,0.50,0.57,0.33,0.53,0.40,0.47,0.37,0.45,0.63,0.60,0.60,0.30,0.60,0.57,0.38,0.50,0.30,1.10,0.83,0.87,0.63,0.66,0.70,0.63,0.57,0.40,0.75,0.66,0.33,0.50,0.45,0.40,0.30,0.70,0.47,0.80,0.70,0.70,0.37,0.30,0.20,0.53,0.25,0.47,0.45,0.70,0.47,0.40,0.60,0.47,0.60,0.50,0.50,0.70,0.45,0.40,0.55,0.53,0.53,0.45,0.65,0.80,0.47,0.70,,1.00,0.70,0.63,0.47,0.40,0.60,0.55,0.45,,0.40,0.65,0.60,0.70,0.50,0.95,0.85,0.30,0.55,0.60,0.75,0.80,0.55,0.60,0.35,0.40,0.45,0.60,,0.45,0.35,0.60,0.93,0.50,0.60,1.55,1.10,1.00,0.95,0.55,,0.70,,0.80,,0.45,0.70,0.50,0.50,0.40,0.50,0.40,0.40,0.63,0.65,0.63,1.15,0.80,1.65,0.45,0.75,0.25,1.05,1.20,0.65,0.60,0.10,0.80,1.55,,0.65,0.40,0.45,0.85,0.60
20251024,10,CO_24h,0.67,0.94,0.69,0.79,0.35,0.60,0.53,0.62,0.60,0.67,0.75,0.55,0.53,1.06,0.63,0.61,0.52,0.51,0.75,0.46,0.43,0.68,0.41,0.67,0.43,0.36,0.59,0.53,0.42,0.40,0.58,0.50,0.65,0.47,0.42,0.32,0.50,0.47,0.65,0.40,0.50,0.43,0.33,0.30,0.40,0.37,0.40,0.49,0.64,0.30,0.66,0.36,0.40,0.43,0.58,0.40,0.51,0.43,0.47,0.48,0.51,0.40,0.47,0.34,0.42,0.49,0.28,0.52,0.25,0.65,0.65,0.57,0.84,0.96,0.53,0.70,1.39,0.62,0.88,0.50,0.40,0.70,0.35,0.43,0.80,0.73,0.50,0.50,0.43,0.27,0.48,0.34,0.48,0.96,0.32,0.50,0.47,0.59,0.53,0.56,0.47,0.57,0.60,0.47,0.53,0.10,0.50,0.40,0.43,0.55,0.96,1.03,0.85,1.00,0.72,1.00,0.67,0.68,0.84,0.80,0.46,0.44,0.53,0.57,0.50,0.45,0.62,0.66,0.72,0.80,0.58,0.50,0.43,0.47,0.70,0.38,0.23,0.40,0.38,0.43,0.50,0.46,0.68,0.90,0.50,0.43,0.70,0.40,0.48,0.45,0.67,0.95,0.83,0.60,0.60,0.80,0.77,0.76,0.52,0.73,,,,,,,,,,,,,,,,,,,,,,,,,,,,,,0.40,0.60,0.33,0.64,0.68,1.10,0.56,0.90,0.93,0.93,0.73,0.60,0.80,0.82,0.80,0.25,0.75,1.26,0.73,0.60,0.63,0.45,0.70,0.75,0.60,0.45,0.45,0.57,0.65,0.60,0.47,0.52,0.65,0.57,0.55,0.45,0.40,0.35,0.32,0.47,0.67,0.35,0.35,0.22,0.30,0.35,0.33,0.50,0.67,0.33,0.53,0.43,0.53,0.37,0.45,0.60,0.57,0.42,0.40,0.54,0.50,0.38,0.55,0.33,1.00,0.85,0.73,0.60,0.62,0.63,0.63,0.47,0.38,0.65,0.48,0.40,0.40,0.40,0.37,0.20,0.63,0.47,0.72,0.60,0.60,0.47,0.30,0.15,0.53,0.25,0.43,0.37,0.55,0.47,0.37,0.50,0.43,0.55,0.45,0.50,0.60,0.43,0.45,0.58,0.60,0.50,0.35,0.70,0.65,0.45,0.60,,0.90,0.63,0.60,0.47,0.35,0.60,0.55,0.45,,0.55,0.55,0.60,0.60,0.40,0.80,0.75,0.30,0.45,0.55,0.75,0.60,0.50,0.45,0.30,0.30,0.30,0.40,,0.35,0.30,0.57,0.77,0.40,0.50,0.80,0.50,0.90,0.75,0.60,,0.40,,0.85,,0.35,0.90,0.50,0.40,0.60,0.40,0.30,0.40,0.60,0.60,0.57,0.90,0.50,0.90,0.50,0.75,0.30,0.80,0.80,0.75,0.60,0.20,0.50,1.15,,0.35,0.10,0.50,0.68,0.53
20251024,11,AQI,98,99,109,64,30,106,126,60,64,125,50,81,95,110,69,56,47,39,51,29,36,31,29,44,53,36,36,27,27,35,38,33,48,33,39,32,35,28,26,34,28,36,38,42,39,22,26,41,54,27,93,39,44,43,35,37,38,48,51,33,36,30,32,30,32,15,30,40,28,81,54,37,58,134,43,39,75,50,74,46,36,59,27,45,45,83,31,40,47,28,45,56,48,28,26,40,39,46,36,40,26,26,45,38,32,29,47,52,34,76,71,114,119,111,66,79,56,70,56,53,54,40,47,31,31,39,110,115,104,118,105,118,47,81,39,59,47,38,39,41,22,9,35,58,36,29,18,25,24,30,98,86,76,75,113,64,85,56,70,109,,,,,,,,,,,,,,,,,,,,,,,,,,,,,,53,88,23,66,69,115,90,46,67,65,37,18,86,55,30,18,61,53,80,53,66,44,69,76,63,36,24,46,46,24,24,28,54,52,43,37,18,52,54,47,28,39,37,38,58,54,43,66,28,37,26,37,36,25,24,26,38,40,38,39,42,43,35,35,90,78,96,118,133,120,53,96,34,69,124,32,83,54,29,34,53,31,44,45,31,43,44,43,44,34,41,59,46,40,34,42,36,33,44,30,13,14,26,13,10,29,32,11,14,15,20,,11,23,69,44,32,56,47,40,,36,21,34,21,33,37,30,39,26,26,18,46,33,30,32,24,25,43,,31,25,36,51,74,64,81,23,76,98,34,,41,,25,,22,40,33,31,31,30,20,22,33,48,13,107,88,117,61,108,131,171,172,62,69,29,86,186,,50,39,24,114,123
20251024,11,PM2.5,73,74,82,31,12,80,96,43,38,95,27,60,71,83,50,37,32,18,25,9,13,13,6,13,21,17,10,10,14,15,20,13,27,16,18,18,19,15,11,19,10,17,16,20,15,11,11,24,30,8,69,22,22,26,19,22,21,28,30,21,21,19,19,18,18,7,21,25,8,60,33,26,37,102,22,25,55,32,54,32,25,31,10,19,23,61,12,17,26,7,16,40,31,12,7,11,27,21,24,24,18,18,29,18,20,17,19,21,24,56,52,86,83,84,42,58,38,51,32,37,21,28,20,9,9,19,83,87,78,89,79,89,30,60,22,38,29,23,25,25,11,3,24,38,24,18,8,15,17,21,73,64,56,55,85,46,47,40,19,41,,,,,,,,,,,,,,,,,,,,,,,,,,,,,,34,65,15,48,50,87,67,32,40,42,22,3,64,39,21,6,44,23,52,29,35,21,45,56,33,25,16,27,22,9,15,14,34,22,9,21,6,28,29,29,12,21,26,17,40,29,21,48,13,11,8,17,14,10,14,14,17,19,15,23,18,18,13,15,67,57,72,89,101,91,26,72,11,50,94,14,61,28,14,21,33,18,24,23,22,30,27,24,23,21,19,19,25,24,21,26,23,23,28,13,5,5,18,9,3,17,9,3,10,9,14,,7,16,50,31,19,40,33,28,,24,9,8,12,13,20,21,27,10,14,11,29,23,17,12,10,5,22,,10,3,25,35,54,46,60,10,56,73,18,,29,,9,,14,24,23,15,19,9,8,8,17,25,8,52,50,88,38,51,69,85,77,33,16,3,51,140,,35,17,14,86,93
20251024,11,PM2.5_24h,51,60,74,30,21,72,76,37,31,69,60,57,65,67,35,34,24,32,35,11,12,17,11,17,34,15,14,15,16,14,21,13,26,17,13,19,19,18,16,14,8,16,18,16,15,11,17,25,34,15,66,16,27,19,18,20,17,20,20,16,17,13,17,15,15,7,22,19,7,50,18,17,38,100,30,26,55,26,34,25,22,31,12,23,46,52,20,35,22,8,16,47,33,16,9,13,24,18,16,17,17,17,19,16,16,12,17,15,14,72,35,71,60,74,32,47,44,43,34,50,19,31,20,17,14,19,73,75,74,78,71,73,27,43,24,30,29,25,21,20,5,4,19,24,18,19,6,15,14,16,59,50,37,37,67,55,41,44,24,46,,,,,,,,,,,,,,,,,,,,,,,,,,,,,,36,66,16,59,42,67,50,39,49,38,40,10,55,33,34,9,32,22,44,38,25,32,49,39,41,24,32,24,31,17,25,15,31,32,17,29,23,28,28,34,28,20,13,19,36,33,21,49,22,15,11,18,20,12,16,15,21,20,19,23,20,18,23,16,75,67,65,87,83,66,59,67,14,43,58,16,53,23,16,26,31,13,25,24,27,27,27,24,26,21,19,15,20,19,16,19,23,16,23,11,5,6,15,10,4,17,7,2,8,13,15,,5,17,32,51,23,29,24,26,,24,13,9,13,16,23,20,30,17,16,12,19,19,12,6,5,3,14,,4,5,19,26,31,30,25,12,73,59,23,,25,,12,,15,22,14,13,12,13,4,12,26,27,6,41,36,86,41,56,80,80,66,35,18,6,44,123,,17,22,15,72,68
20251024,11,PM10,101,122,108,77,30,87,126,69,78,123,50,82,82,114,79,61,47,39,51,29,36,31,29,44,55,36,36,27,27,35,38,33,48,33,39,32,35,28,26,34,28,36,38,42,39,20,14,41,57,26,84,39,44,43,35,37,38,48,52,33,36,30,32,30,32,15,30,40,18,90,57,32,65,186,43,39,75,50,93,46,36,68,22,45,45,101,31,40,47,14,45,60,48,28,20,40,39,46,36,40,25,26,45,38,32,29,47,54,32,85,82,95,188,115,81,103,61,84,62,53,58,36,47,31,31,39,121,117,88,122,123,110,47,65,39,67,47,38,39,41,22,6,35,65,36,29,18,25,22,30,137,79,60,47,117,68,119,58,89,167,,,,,,,,,,,,,,,,,,,,,,,,,,,,,,55,117,23,76,79,116,122,42,83,80,37,14,101,54,23,13,62,56,109,55,82,44,88,98,76,36,24,46,46,18,24,28,57,54,43,37,18,53,58,47,27,39,32,38,66,57,43,74,27,37,25,37,36,25,22,24,38,40,38,39,42,43,35,35,93,83,107,124,146,133,55,126,34,69,160,32,107,58,26,34,55,31,44,45,27,43,44,43,44,34,41,68,46,40,34,42,36,33,44,30,13,14,21,11,10,29,32,6,13,15,,,9,22,62,37,26,49,44,37,,36,21,34,21,33,37,30,38,26,26,18,46,26,30,32,24,18,43,,31,7,34,52,79,62,96,23,82,131,34,,29,,25,,22,40,,31,31,30,17,21,33,48,13,163,125,183,71,166,211,291,294,74,87,29,122,226,,49,39,24,107,79
20251024,11,PM10_24h,73,99,97,63,45,75,92,53,59,96,82,73,77,91,52,56,40,52,69,28,31,37,27,41,62,32,38,36,34,31,42,32,48,34,32,34,38,34,35,33,26,33,36,35,34,26,19,42,64,35,91,29,47,32,31,33,32,36,36,25,29,21,25,25,25,11,33,31,12,76,32,25,62,184,44,44,77,50,61,37,34,69,23,44,80,91,43,61,48,19,42,73,51,33,28,37,35,33,24,30,24,24,31,27,27,24,33,31,20,112,53,77,108,106,54,83,61,65,58,71,49,51,38,35,34,34,112,85,101,107,124,84,41,54,39,53,37,36,33,32,10,5,30,37,30,30,10,24,23,24,89,61,42,35,86,105,94,69,79,170,,,,,,,,,,,,,,,,,,,,,,,,,,,,,,63,99,26,108,63,93,93,49,88,68,68,21,88,46,55,27,46,45,84,51,51,56,94,62,80,45,50,37,55,34,49,26,59,61,44,50,36,55,57,56,50,33,27,34,61,62,42,80,42,34,25,30,27,19,22,25,38,38,39,42,42,37,45,35,102,96,96,136,138,110,80,116,35,61,103,33,84,38,27,39,50,20,40,38,33,42,40,39,41,35,36,29,33,33,22,34,34,19,32,22,11,18,21,12,16,25,24,4,14,19,18,,5,25,44,52,25,37,31,37,,33,23,24,25,29,21,28,32,23,26,19,31,28,24,15,12,16,34,,9,11,25,41,44,48,36,22,95,117,35,,28,,29,,16,31,16,27,27,30,10,29,45,46,9,128,109,176,99,178,211,231,188,86,56,26,114,224,,31,42,20,101,63
20251024,11,SO2,4,10,3,12,8,11,5,7,3,5,6,12,12,13,7,13,10,8,10,6,5,7,4,8,9,5,9,9,5,11,9,8,10,9,6,4,8,9,8,5,4,2,6,4,6,5,2,8,8,5,12,12,7,7,8,7,7,7,8,6,8,8,5,8,7,4,4,5,6,2,8,13,13,9,5,9,21,23,31,11,12,26,3,8,15,11,7,10,8,5,7,8,6,10,4,7,10,8,7,11,8,7,6,6,7,3,5,7,4,9,19,23,8,10,20,30,15,12,20,9,7,7,9,6,7,5,10,9,11,15,10,13,8,9,11,8,9,9,8,7,4,7,6,115,11,5,1,5,4,11,5,4,4,5,6,6,54,30,7,11,,,,,,,,,,,,,,,,,,,,,,,,,,,,,,7,6,4,7,8,10,9,12,10,27,14,6,18,13,8,4,13,18,18,6,20,8,8,26,17,11,4,10,8,12,7,5,5,7,8,4,5,8,9,9,7,9,5,8,9,8,4,9,7,7,5,4,4,6,6,5,11,12,13,7,10,10,7,6,13,9,14,8,9,12,5,7,7,8,11,9,4,9,4,6,6,7,9,9,8,7,6,7,7,9,9,6,6,5,4,21,4,8,9,7,3,6,5,5,6,5,9,5,9,3,5,,7,10,5,14,4,16,8,3,,4,6,2,12,6,5,7,10,8,8,6,13,6,7,3,4,9,7,,9,3,6,5,6,7,79,8,9,15,9,,3,,6,,4,14,8,10,11,17,3,16,7,6,5,6,16,10,5,5,10,7,8,7,4,3,9,10,,15,9,4,11,8
20251024,11,SO2_24h,4,10,3,9,7,8,5,6,2,4,5,8,5,8,6,9,9,7,10,6,5,7,4,8,9,4,8,10,5,10,9,8,8,8,6,4,7,9,8,6,4,3,5,4,6,5,2,8,8,6,11,7,6,7,8,6,7,7,7,5,8,6,6,7,7,4,5,4,5,2,5,12,11,10,5,9,16,8,14,9,6,22,3,8,15,12,5,9,8,6,6,7,4,12,4,6,8,7,9,12,6,6,6,5,6,2,5,8,3,10,7,15,7,7,21,15,9,8,17,10,6,8,9,6,7,4,9,7,11,11,8,12,7,9,9,6,8,7,8,7,4,7,7,31,8,5,2,5,4,5,4,4,5,5,6,5,15,13,7,10,,,,,,,,,,,,,,,,,,,,,,,,,,,,,,7,6,5,6,6,10,10,10,6,17,8,6,12,12,7,6,11,12,8,7,8,8,7,15,12,10,6,7,9,11,9,5,6,7,12,5,5,7,8,8,9,8,5,7,8,7,4,9,9,6,5,3,4,7,6,5,9,14,21,6,10,7,7,6,9,9,10,8,9,12,5,7,6,7,10,8,4,9,4,6,5,6,7,6,7,5,4,7,7,8,8,5,6,3,4,15,4,7,9,2,3,6,5,6,5,6,8,5,9,3,5,,6,11,4,17,3,11,7,4,,4,6,2,11,5,5,12,7,22,7,6,12,6,7,3,4,9,7,,8,4,6,6,5,5,27,7,6,9,9,,2,,6,,4,14,5,10,12,12,2,17,8,7,4,6,10,12,9,6,10,7,8,8,4,3,9,14,,8,9,2,9,7
20251024,11,NO2,42,59,35,39,23,25,38,27,39,30,22,40,24,36,32,36,34,23,22,11,17,20,9,21,27,12,17,14,13,13,17,11,23,18,24,16,20,17,15,11,9,21,12,18,17,12,9,15,29,13,32,25,15,18,13,21,19,24,24,14,12,13,10,14,22,18,12,20,10,27,29,25,30,58,16,20,48,27,38,24,25,35,6,28,22,34,15,23,18,9,24,23,15,14,9,24,11,17,14,12,9,9,11,9,16,3,16,13,14,22,30,23,23,39,44,52,20,37,32,26,22,20,14,10,13,18,34,26,33,31,24,32,16,15,18,10,7,9,10,8,6,10,17,36,19,16,12,12,8,11,25,22,20,23,23,15,42,24,34,33,,,,,,,,,,,,,,,,,,,,,,,,,,,,,,18,26,8,17,34,38,20,23,40,39,18,7,27,36,15,10,15,29,42,25,36,18,19,34,29,15,12,24,11,7,5,15,14,14,17,19,8,20,22,18,10,14,5,8,16,18,19,19,14,13,8,12,10,6,13,4,13,13,10,12,16,7,7,10,22,22,37,29,22,24,20,25,11,26,28,17,16,20,13,9,15,6,15,14,17,13,8,8,14,10,2,8,13,9,9,20,9,10,8,6,19,11,16,17,16,11,27,15,14,12,11,,12,8,13,11,8,16,8,10,,7,6,10,11,8,13,8,11,16,11,12,17,10,9,18,19,10,11,,24,4,9,22,15,28,39,15,28,33,18,,11,,5,,6,12,8,8,10,8,14,10,18,19,8,66,45,65,21,36,21,58,56,31,26,12,57,68,,20,16,10,41,29
20251024,11,NO2_24h,35,56,35,35,38,39,42,26,31,37,50,52,33,45,37,40,22,40,47,17,19,26,14,25,32,17,28,24,21,17,28,18,27,23,16,18,25,24,22,12,8,27,22,18,23,11,11,17,39,19,38,19,17,17,13,19,20,22,23,14,11,14,16,10,16,17,10,22,10,31,21,26,40,52,16,24,48,37,32,19,28,47,9,24,55,41,32,36,18,10,33,34,22,18,12,27,10,16,14,14,10,8,8,14,13,2,16,16,11,36,30,26,33,37,43,44,32,35,36,37,20,31,24,25,22,20,38,38,37,31,30,27,19,20,20,10,9,9,9,10,6,11,15,17,13,15,12,10,7,11,28,23,26,27,27,24,30,34,23,28,,,,,,,,,,,,,,,,,,,,,,,,,,,,,,19,27,12,21,28,37,17,30,42,37,46,14,36,39,30,28,14,33,40,36,35,39,33,28,26,33,42,25,26,15,24,15,38,27,28,28,17,25,28,27,28,13,7,14,29,24,22,23,32,19,8,12,12,6,13,7,16,13,19,10,16,10,7,16,37,35,46,31,24,20,31,22,14,20,26,17,17,18,13,23,19,8,16,12,17,17,8,9,12,12,4,8,13,8,8,20,10,7,8,8,13,10,12,14,12,12,23,14,17,10,14,,10,7,9,10,9,11,8,10,,6,7,7,11,10,6,15,8,13,8,9,14,13,10,6,5,7,15,,10,3,11,32,11,22,28,13,32,30,21,,12,,8,,10,17,10,5,15,3,9,4,25,23,12,36,47,50,25,36,21,52,36,25,18,13,34,61,,17,16,9,48,29
20251024,11,O3,18,11,23,17,63,53,19,26,13,35,65,37,46,24,40,56,58,61,61,91,76,83,88,68,63,80,79,84,83,76,74,83,68,82,69,81,83,84,83,87,90,74,85,61,77,69,83,87,56,86,37,76,81,81,74,73,77,80,80,80,74,82,65,50,34,20,60,35,89,31,22,53,29,28,80,85,20,27,49,61,61,57,85,60,82,55,73,80,71,90,82,48,74,85,84,75,83,61,54,63,67,67,84,80,78,56,58,73,44,67,23,77,45,7,24,47,77,47,62,67,45,55,61,91,86,95,34,47,31,47,53,52,102,95,87,94,112,101,66,78,70,28,27,19,21,34,29,29,51,46,46,40,49,55,54,74,54,27,35,54,,,,,,,,,,,,,,,,,,,,,,,,,,,,,,79,57,71,75,32,22,73,33,32,30,75,59,55,22,55,58,69,60,43,61,38,59,74,56,67,71,55,55,68,78,69,44,58,59,48,63,45,70,68,76,90,87,88,85,92,70,71,60,88,85,82,78,76,81,78,82,95,95,98,88,95,97,94,92,51,60,35,40,54,53,62,71,91,29,42,85,99,79,93,83,82,80,88,106,94,70,99,99,101,107,87,65,65,77,77,36,88,55,79,39,36,16,39,30,29,17,13,36,23,29,32,,34,57,34,58,102,16,39,76,,65,52,37,56,60,34,56,42,33,30,42,26,24,82,50,59,80,88,,57,81,65,39,83,67,50,49,40,25,18,,60,,29,,58,54,64,56,65,66,63,69,34,13,25,16,33,15,23,25,57,7,31,35,24,78,19,9,,40,83,37,27,38
20251024,11,O3_24h,,,,,,,,,,,,,,,,,,,,,,,,,,,,,,,,,,,,,,,,,,,,,,,,,,,,,,,,,,,,,,,,,,,,,,,,,,,,,,,,,,,,,,,,,,,,,,,,,,,,,,,,,,,,,,,,,,,,,,,,,,,,,,,,,,,,,,,,,,,,,,,,,,,,,,,,,,,,,,,,,,,,,,,,,,,,,,,,,,,,,,,,,,,,,,,,,,,,,,,,,,,,,,,,,,,,,,,,,,,,,,,,,,,,,,,,,,,,,,,,,,,,,,,,,,,,,,,,,,,,,,,,,,,,,,,,,,,,,,,,,,,,,,,,,,,,,,,,,,,,,,,,,,,,,,,,,,,,,,,,,,,,,,,,,,,,,,,,,,,,,,,,,,,,,,,,,,,,,,,,,,,,,,,,,,,,,,,
20251024,11,O3_8h,7,4,9,14,28,21,5,20,8,7,18,6,17,8,16,20,59,19,20,72,52,53,59,58,56,52,45,44,48,46,41,44,56,58,66,64,62,63,58,71,85,44,58,47,59,78,73,68,24,54,23,70,62,79,64,63,65,71,70,71,68,62,45,51,32,37,67,19,84,21,10,36,8,31,59,64,6,22,24,60,33,16,82,68,23,19,26,21,66,83,34,25,52,70,70,41,65,44,44,48,59,63,78,59,73,54,43,56,16,26,10,47,17,9,9,14,29,17,23,23,41,20,39,59,61,72,27,19,15,38,37,73,49,73,65,88,67,93,57,66,65,25,29,37,28,37,30,16,50,41,37,46,38,30,54,33,44,18,47,74,,,,,,,,,,,,,,,,,,,,,,,,,,,,,,66,26,56,63,15,12,84,19,9,15,40,47,32,9,25,29,75,26,11,18,13,20,22,22,29,46,26,25,37,52,39,20,18,32,28,39,23,50,42,61,46,67,36,53,54,53,46,34,42,56,83,64,63,70,62,62,84,79,60,88,78,73,71,66,21,31,10,22,25,63,29,45,63,25,40,69,89,66,77,28,58,58,85,98,73,66,99,88,89,77,68,57,54,71,60,39,81,61,65,23,38,21,27,35,40,24,11,38,12,33,35,,40,54,41,39,102,24,42,71,,64,42,34,57,33,24,25,38,30,17,49,8,15,55,71,85,77,92,,62,82,58,9,83,50,57,50,11,30,21,,58,,22,,49,27,50,42,42,52,70,76,10,4,20,44,14,27,24,41,67,13,39,48,29,90,34,4,,27,65,37,9,31
20251024,11,O3_8h_24h,7,4,7,12,28,21,5,19,7,7,18,6,17,7,12,21,57,19,20,71,50,53,58,58,56,52,45,44,47,46,41,44,56,58,60,64,62,63,58,71,84,44,58,47,57,69,72,66,24,54,21,68,58,79,63,63,65,71,70,70,68,62,45,47,28,30,67,18,78,22,10,33,8,29,59,58,6,20,22,54,33,16,80,66,23,19,25,21,66,83,34,25,52,69,70,41,65,44,44,48,58,63,78,59,73,53,43,55,16,26,10,46,17,6,9,14,29,17,23,23,39,20,39,59,61,71,25,19,15,35,37,65,49,73,65,87,67,93,57,66,64,25,26,25,23,36,27,12,49,39,37,46,38,30,54,33,37,15,39,62,,,,,,,,,,,,,,,,,,,,,,,,,,,,,,61,26,56,63,15,10,76,17,9,14,40,47,32,9,25,29,67,26,11,18,13,20,22,22,29,46,26,25,37,51,39,20,18,32,28,38,23,50,42,61,46,67,36,53,54,53,46,34,42,56,82,64,63,70,59,62,82,79,60,83,74,73,71,66,21,31,10,22,25,47,29,34,63,22,35,69,88,65,77,28,57,58,81,98,72,66,96,87,85,77,68,58,54,71,60,39,81,56,65,23,38,16,27,32,34,17,11,38,12,30,30,,32,52,33,39,101,21,35,71,,59,39,34,51,32,22,25,34,28,16,46,7,15,51,60,70,68,85,,57,82,58,9,83,48,57,48,11,24,20,,58,,22,,44,26,50,42,42,51,63,74,10,4,19,39,14,27,21,41,66,4,37,41,27,82,29,4,,23,63,35,9,31
20251024,11,CO,0.76,0.93,0.64,1.00,0.33,0.75,0.66,0.70,0.70,0.60,0.42,0.67,0.72,1.23,0.76,0.84,0.68,0.30,0.47,0.44,0.47,0.61,0.36,0.60,0.47,0.32,0.56,0.47,0.45,0.42,0.54,0.47,0.75,0.45,0.50,0.36,0.50,0.47,0.60,0.37,0.55,0.50,0.40,0.33,0.41,0.37,0.30,0.50,0.62,0.29,0.70,0.72,0.39,0.46,0.57,0.38,0.53,0.40,0.47,0.50,0.53,0.40,0.47,0.34,0.48,0.51,0.33,0.61,0.28,0.72,0.95,0.67,0.68,1.08,0.53,0.65,1.41,0.72,1.32,0.57,0.43,0.78,0.30,0.44,0.65,0.77,0.38,0.28,0.46,0.25,0.48,0.38,0.65,0.66,0.28,0.38,0.50,0.60,0.50,0.50,0.50,0.57,0.60,0.43,0.58,0.20,0.53,0.40,0.57,0.45,1.00,1.07,0.77,1.27,0.78,1.22,0.72,0.87,0.68,0.83,0.52,0.32,0.45,0.37,0.37,0.57,0.69,0.82,0.82,0.97,0.64,0.60,0.43,0.47,0.67,0.42,0.30,0.43,0.40,0.39,0.53,0.46,0.58,1.26,0.60,0.37,0.65,0.35,0.54,0.43,0.70,1.05,0.80,0.70,0.70,0.70,1.43,0.94,0.66,0.83,,,,,,,,,,,,,,,,,,,,,,,,,,,,,,0.43,0.70,0.33,0.56,0.70,1.27,0.70,0.90,1.27,1.68,0.40,0.60,0.80,1.13,0.40,0.25,0.80,0.74,0.90,0.50,0.95,0.20,0.45,0.80,0.60,0.35,0.30,0.50,0.50,0.43,0.23,0.67,0.40,0.53,0.55,0.35,0.30,0.44,0.34,0.53,0.35,0.50,0.35,0.25,0.36,0.40,0.30,0.40,0.50,0.23,0.53,0.47,0.47,0.37,0.45,0.83,0.42,0.40,0.30,0.58,0.55,0.36,0.47,0.33,0.98,0.75,0.80,0.63,0.64,0.67,0.53,0.47,0.45,0.77,0.62,0.40,0.46,0.45,0.40,0.20,0.63,0.47,0.72,0.65,0.70,0.37,0.30,0.20,0.55,0.25,0.43,0.40,0.65,0.47,0.40,0.57,0.47,0.65,0.60,0.50,0.67,0.43,0.40,0.60,0.57,0.57,0.40,0.65,0.75,0.45,0.70,,0.95,0.60,0.60,0.47,0.35,0.65,0.55,0.50,,0.50,0.60,0.60,0.65,0.40,0.70,0.75,0.35,0.55,0.60,0.75,0.75,0.55,0.40,0.40,0.40,0.40,0.30,,0.55,0.35,0.50,0.77,0.60,0.60,1.45,1.15,0.80,0.75,0.55,,0.50,,0.80,,0.35,0.60,0.50,0.50,0.60,0.50,0.40,0.60,0.60,0.60,0.57,1.50,0.70,1.80,0.65,0.75,0.45,1.05,1.75,0.65,0.70,0.10,0.85,1.50,,0.55,0.30,0.45,0.70,0.63
20251024,11,CO_24h,0.70,0.94,0.69,0.77,0.35,0.60,0.54,0.62,0.60,0.67,0.75,0.55,0.53,1.06,0.65,0.63,0.52,0.51,0.76,0.46,0.44,0.69,0.41,0.66,0.43,0.36,0.59,0.54,0.42,0.42,0.58,0.50,0.65,0.47,0.42,0.32,0.50,0.47,0.65,0.40,0.50,0.43,0.33,0.30,0.40,0.37,0.40,0.49,0.65,0.30,0.66,0.36,0.40,0.43,0.57,0.40,0.51,0.43,0.47,0.48,0.51,0.40,0.47,0.34,0.41,0.49,0.28,0.52,0.25,0.65,0.70,0.57,0.84,0.97,0.53,0.70,1.40,0.64,0.88,0.50,0.40,0.70,0.35,0.44,0.80,0.75,0.50,0.50,0.43,0.27,0.48,0.34,0.50,0.96,0.32,0.48,0.47,0.59,0.53,0.56,0.45,0.57,0.60,0.47,0.53,0.10,0.50,0.40,0.43,0.55,0.95,1.03,0.85,1.00,0.74,1.02,0.67,0.70,0.86,0.80,0.46,0.44,0.53,0.57,0.50,0.45,0.62,0.64,0.72,0.80,0.58,0.50,0.43,0.47,0.70,0.40,0.27,0.40,0.38,0.41,0.50,0.46,0.66,0.94,0.50,0.43,0.70,0.40,0.48,0.43,0.67,0.95,0.83,0.60,0.60,0.80,0.73,0.78,0.54,0.73,,,,,,,,,,,,,,,,,,,,,,,,,,,,,,0.40,0.60,0.37,0.64,0.68,1.10,0.56,0.87,0.93,0.97,0.77,0.60,0.80,0.85,0.80,0.25,0.75,1.26,0.73,0.60,0.63,0.45,0.70,0.70,0.60,0.45,0.45,0.57,0.65,0.60,0.47,0.52,0.65,0.60,0.60,0.45,0.35,0.35,0.32,0.47,0.65,0.35,0.35,0.22,0.30,0.35,0.33,0.50,0.67,0.33,0.53,0.43,0.53,0.37,0.45,0.60,0.57,0.42,0.35,0.54,0.50,0.38,0.55,0.33,1.00,0.85,0.73,0.60,0.60,0.63,0.63,0.47,0.38,0.65,0.48,0.40,0.40,0.40,0.37,0.20,0.63,0.47,0.72,0.60,0.60,0.47,0.30,0.15,0.53,0.25,0.43,0.37,0.57,0.47,0.40,0.50,0.43,0.55,0.45,0.50,0.60,0.43,0.42,0.58,0.60,0.50,0.35,0.65,0.65,0.45,0.60,,0.90,0.63,0.55,0.47,0.35,0.60,0.55,0.45,,0.55,0.55,0.60,0.60,0.40,0.80,0.75,0.30,0.45,0.55,0.75,0.60,0.50,0.45,0.30,0.30,0.35,0.40,,0.35,0.30,0.57,0.77,0.40,0.50,0.85,0.50,0.90,0.75,0.60,,0.40,,0.80,,0.35,0.80,0.50,0.40,0.60,0.40,0.30,0.40,0.60,0.55,0.57,0.95,0.50,1.00,0.50,0.75,0.30,0.80,0.85,0.70,0.60,0.10,0.45,1.20,,0.35,0.10,0.45,0.68,0.53
20251024,12,AQI,98,81,104,58,36,100,108,71,67,108,43,60,85,121,70,54,43,32,47,30,34,29,30,35,48,37,34,31,29,29,38,34,46,31,31,31,36,29,31,33,30,35,41,45,33,27,28,39,54,27,86,36,47,45,39,41,41,51,53,37,38,33,33,31,32,14,33,41,31,81,46,34,48,139,40,32,73,44,64,43,35,51,28,45,46,68,29,36,42,28,41,53,44,28,27,37,37,40,36,39,28,28,41,33,34,35,50,54,31,66,85,101,111,106,68,74,53,65,47,41,57,37,48,29,30,34,109,104,108,121,105,120,44,71,38,53,45,37,41,47,24,9,33,58,36,27,13,31,23,27,107,85,63,75,111,67,115,61,71,105,,,,,,,,,,,,,,,,,,,,,,,,,,,,,,51,69,23,66,59,105,90,55,62,66,27,18,84,58,22,23,60,41,70,40,57,31,62,58,51,33,26,38,35,24,22,27,45,49,37,31,16,50,47,47,35,37,29,34,52,54,39,59,31,28,28,43,31,28,32,50,38,39,39,38,41,40,35,32,73,76,98,113,115,103,50,74,33,76,123,31,78,41,33,31,51,34,43,42,34,43,40,38,37,34,36,44,44,40,34,43,32,36,39,30,13,19,30,11,16,27,30,11,12,15,24,,15,22,65,51,35,59,58,41,,44,19,34,24,37,27,27,41,30,27,15,48,34,28,22,27,29,31,,24,26,40,46,79,69,73,19,88,93,35,,50,,22,,20,31,34,26,26,24,21,23,28,42,11,122,77,125,63,113,127,190,134,61,42,27,92,190,,51,41,26,96,124
20251024,12,PM2.5,73,60,78,27,14,75,81,52,35,81,25,43,63,92,51,38,28,19,26,10,13,10,5,13,29,17,10,13,15,11,19,14,25,15,13,19,19,15,13,20,9,15,18,20,10,10,12,22,30,8,64,23,22,27,21,23,21,28,28,23,23,20,19,20,18,6,22,25,6,60,31,24,31,106,22,20,53,30,41,29,19,20,10,19,22,49,12,17,22,8,12,37,31,10,4,11,24,21,25,20,18,18,29,16,21,16,19,19,21,48,63,76,84,80,46,54,37,47,25,29,25,23,18,9,7,14,82,78,81,92,79,91,28,52,21,30,30,21,26,25,10,4,23,40,22,17,7,19,16,16,71,63,45,55,84,48,73,44,19,38,,,,,,,,,,,,,,,,,,,,,,,,,,,,,,19,49,15,48,34,79,67,39,31,44,16,3,62,41,14,6,43,19,47,20,26,19,31,33,25,23,11,22,14,8,11,13,27,21,9,18,9,20,21,29,14,17,18,16,32,27,17,40,11,11,9,17,15,11,15,17,18,15,17,21,20,15,13,12,53,56,73,85,87,77,22,54,10,56,93,11,57,29,14,20,31,20,21,26,19,27,24,24,22,19,19,20,24,22,21,24,22,24,27,13,5,6,21,8,4,19,12,3,8,10,17,,3,15,47,36,7,42,41,29,,31,7,13,10,11,15,19,29,16,12,7,29,24,14,8,3,5,6,,13,5,28,24,58,50,53,9,65,69,17,,35,,8,,13,20,24,18,18,7,8,9,16,24,8,53,45,95,43,52,73,98,94,32,7,11,49,143,,36,21,17,72,94
20251024,12,PM2.5_24h,52,60,74,30,21,72,77,37,32,70,58,57,65,67,36,35,24,33,35,11,13,17,11,17,34,16,14,16,16,15,21,13,26,17,13,19,19,18,16,14,8,17,18,16,15,11,17,24,34,15,66,16,27,20,18,20,17,20,21,16,18,14,17,15,15,7,23,19,6,50,19,18,38,101,30,26,55,26,35,26,22,31,12,23,45,52,20,35,23,8,16,46,34,16,10,13,24,18,17,18,17,18,20,17,17,13,17,16,15,71,36,71,61,75,33,47,44,44,35,49,20,31,20,17,14,20,73,75,73,79,72,74,27,43,24,30,29,25,22,20,5,4,20,24,18,19,6,15,14,16,59,50,37,38,68,55,41,45,23,45,,,,,,,,,,,,,,,,,,,,,,,,,,,,,,36,66,16,59,42,68,50,39,49,39,40,10,57,34,33,9,32,22,45,38,26,32,49,39,41,24,31,24,31,17,25,16,31,32,17,29,23,28,28,35,28,20,14,19,36,33,21,49,22,15,11,18,20,12,16,15,21,20,19,23,20,19,22,16,75,66,66,88,83,67,59,68,14,44,60,16,53,23,16,25,31,13,24,25,27,27,27,24,26,21,19,16,20,19,16,20,23,16,23,11,5,6,15,9,4,17,7,2,8,13,15,,5,17,33,51,23,31,25,26,,24,12,9,13,16,23,21,30,17,16,12,20,20,13,7,5,4,14,,4,5,19,26,33,31,27,12,74,60,22,,24,,11,,15,22,15,13,12,12,4,12,24,27,6,42,36,87,41,56,80,80,67,33,18,6,43,126,,18,22,15,73,69
20251024,12,PM10,100,102,102,66,36,77,96,83,84,108,43,60,78,127,75,51,43,32,47,26,34,27,22,35,48,37,34,31,29,29,38,34,46,31,31,31,36,29,31,33,26,35,41,45,33,23,15,39,58,27,71,36,47,45,39,41,41,52,55,37,38,33,33,31,32,14,33,41,13,95,46,29,48,190,40,31,72,44,77,43,35,52,20,45,46,85,29,36,42,16,41,53,43,27,18,37,37,40,35,39,28,28,41,33,34,35,50,57,31,75,88,85,124,120,85,93,52,76,47,39,63,37,48,23,22,34,118,106,96,117,127,117,44,,38,55,45,37,41,47,22,7,33,66,36,27,13,31,21,27,163,87,54,47,99,83,179,56,91,159,,,,,,,,,,,,,,,,,,,,,,,,,,,,,,51,87,23,77,67,118,122,50,74,82,24,13,89,56,16,11,57,41,90,40,63,31,74,65,51,33,26,38,35,17,19,27,45,49,37,31,16,50,47,47,35,37,26,34,54,57,39,68,21,27,25,43,31,28,32,50,38,39,39,38,41,40,35,28,78,76,101,119,131,123,50,86,33,71,160,31,98,38,25,31,51,34,43,42,,43,40,38,37,34,36,44,44,40,34,43,32,36,39,30,11,19,24,10,16,26,30,8,12,15,,,6,22,59,41,21,52,44,38,,39,19,34,24,37,27,24,38,30,27,15,48,27,22,22,12,12,19,,20,13,34,46,84,64,65,19,100,129,35,,34,,22,,,31,25,25,20,24,17,20,28,42,10,194,104,194,75,176,203,329,218,72,42,27,133,217,,47,41,26,90,95
20251024,12,PM10_24h,75,100,98,64,46,75,93,53,60,97,81,73,78,92,53,57,40,52,69,28,32,37,27,41,63,32,38,36,34,31,42,32,49,34,32,34,38,35,35,33,26,34,36,36,35,26,19,42,64,35,90,29,47,32,31,33,32,36,37,26,30,22,26,26,25,11,33,32,12,77,33,25,61,185,44,44,78,50,62,37,35,70,23,44,79,90,43,61,48,19,42,72,52,33,29,37,35,33,24,31,25,24,31,28,28,24,33,33,21,111,55,78,109,109,56,84,62,67,58,70,50,51,39,35,34,34,112,85,100,109,125,85,42,54,39,53,38,36,33,33,11,5,31,38,30,30,10,24,24,24,93,61,42,35,87,104,97,70,77,168,,,,,,,,,,,,,,,,,,,,,,,,,,,,,,64,99,26,107,64,93,95,48,86,69,67,21,90,47,54,26,45,47,86,51,52,56,93,62,80,45,50,37,55,33,49,27,60,61,45,51,37,55,57,57,50,34,27,35,62,62,43,80,41,34,25,30,28,19,23,26,38,38,39,42,42,37,45,35,101,95,95,137,139,112,80,117,35,61,107,34,85,38,27,39,50,20,40,38,33,43,41,39,40,35,36,30,33,33,23,35,34,20,32,23,11,18,21,12,15,25,25,4,14,19,18,,5,25,45,53,25,38,32,37,,33,23,24,25,30,21,28,32,23,27,18,32,28,23,15,12,16,33,,9,11,25,41,46,49,38,21,96,118,35,,26,,28,,15,30,16,27,27,30,10,28,43,46,9,130,108,178,100,178,210,234,188,83,56,26,113,226,,32,43,20,101,64
20251024,12,SO2,4,11,3,14,9,11,7,6,2,6,5,9,10,16,8,11,10,7,10,6,5,6,3,7,9,5,9,8,5,9,9,8,9,8,6,4,7,9,8,6,4,3,5,4,6,5,2,7,9,6,12,10,7,7,8,7,7,7,7,6,8,7,5,7,7,4,4,4,5,2,12,12,9,11,4,8,20,46,17,9,7,20,3,8,15,10,6,10,9,6,7,9,6,8,4,6,9,7,8,10,7,7,6,6,7,3,5,7,3,8,21,13,10,12,19,28,12,17,23,8,7,5,9,6,7,5,11,11,12,13,10,12,8,9,10,6,9,9,8,7,4,7,6,86,9,5,2,5,4,11,4,4,4,5,6,6,127,27,14,10,,,,,,,,,,,,,,,,,,,,,,,,,,,,,,7,6,3,6,5,13,10,10,5,33,13,5,19,14,7,3,12,12,14,5,11,7,4,18,12,9,5,11,7,15,8,6,5,7,6,4,10,8,8,9,7,8,5,8,8,8,4,9,7,7,5,3,3,7,6,5,9,12,13,6,10,8,6,5,11,9,13,9,10,12,4,7,8,8,11,9,5,8,4,6,6,6,8,9,8,7,6,7,7,9,8,6,6,5,4,20,4,8,10,6,3,7,5,6,5,6,8,5,9,3,5,,7,9,4,13,2,15,6,4,,3,7,3,12,6,6,7,8,8,8,5,12,7,7,3,4,9,6,,8,3,6,5,5,6,24,8,12,12,11,,2,,6,,4,12,8,,11,19,2,17,7,7,4,6,21,14,9,5,9,9,9,7,5,3,14,11,,11,8,4,11,7
20251024,12,SO2_24h,4,10,3,9,7,8,5,6,2,4,5,8,5,9,6,9,9,7,10,6,5,7,4,8,9,4,8,10,5,10,9,8,8,8,6,4,7,9,8,6,4,3,5,4,6,5,2,8,8,6,11,7,6,7,8,6,7,7,7,5,8,6,6,7,7,4,4,4,5,2,6,12,11,10,5,9,16,9,14,9,6,22,3,8,15,11,5,9,8,6,6,7,4,12,4,6,8,7,9,12,6,6,6,6,6,2,5,8,3,10,8,15,7,7,21,16,9,8,18,9,7,8,9,6,7,4,9,7,10,11,8,12,7,9,9,6,8,7,8,7,4,7,7,34,8,5,2,5,4,5,4,4,5,5,6,5,19,14,7,9,,,,,,,,,,,,,,,,,,,,,,,,,,,,,,7,6,5,6,6,10,10,10,6,18,8,6,13,12,7,6,11,13,8,7,8,8,7,16,12,10,6,7,9,11,9,5,6,7,12,5,5,6,8,8,9,8,5,7,8,7,4,9,9,6,5,4,4,7,6,5,9,14,21,6,10,7,7,6,9,9,10,8,9,11,5,7,7,8,10,8,4,9,4,6,5,6,7,7,7,5,5,7,7,8,8,5,6,3,4,15,4,7,9,2,3,6,5,6,5,6,8,5,9,3,5,,6,11,4,18,3,11,6,4,,4,6,2,11,5,5,12,7,20,7,6,12,6,7,3,4,9,7,,8,4,6,5,5,5,27,8,6,9,9,,2,,6,,4,14,5,10,12,12,2,17,8,7,4,6,11,13,9,6,10,7,7,8,4,3,9,14,,8,9,2,9,7
20251024,12,NO2,39,46,33,37,19,23,29,30,40,27,15,29,20,37,30,30,28,23,17,10,13,16,7,19,22,9,14,13,12,11,16,12,22,14,19,15,18,19,17,9,8,14,11,16,13,9,8,13,28,13,29,23,15,16,13,20,17,26,23,14,11,13,8,12,23,18,14,19,7,26,27,24,24,46,15,17,47,22,26,19,23,24,6,27,22,25,9,17,15,9,18,18,15,13,8,16,10,13,13,9,9,8,9,9,14,3,14,10,10,18,30,21,21,40,46,47,17,41,24,20,19,16,12,9,10,15,32,22,33,30,24,31,16,13,18,8,6,9,9,8,6,10,16,34,16,20,12,14,7,10,24,24,20,25,21,14,56,24,27,23,,,,,,,,,,,,,,,,,,,,,,,,,,,,,,17,22,8,16,22,33,17,21,38,44,13,8,25,33,8,7,12,15,34,15,25,13,12,25,17,12,11,20,7,11,5,11,9,11,17,15,9,19,18,19,7,12,5,6,13,19,16,18,12,11,7,10,9,5,9,4,12,11,11,11,13,7,7,9,19,21,34,28,19,21,19,18,8,29,28,15,16,17,11,8,13,7,12,14,16,14,8,8,11,9,2,8,11,9,8,19,9,9,10,5,16,11,18,16,15,11,24,14,11,10,11,,8,6,10,11,7,17,8,10,,7,8,12,10,9,6,7,9,17,10,9,12,11,8,12,7,4,9,,15,2,8,19,15,26,27,12,29,33,14,,11,,5,,5,9,8,,3,9,16,12,18,21,7,55,29,50,24,32,24,66,35,25,25,12,41,64,,14,14,10,32,26
20251024,12,NO2_24h,36,56,35,35,38,39,42,26,32,37,48,51,33,45,37,40,22,40,47,17,19,26,14,25,32,17,28,24,21,17,28,18,27,23,17,18,25,24,22,12,8,27,22,18,23,10,11,17,39,19,38,20,17,17,13,19,20,23,23,14,11,14,16,10,17,17,11,22,10,30,22,26,40,52,16,24,49,37,32,19,29,47,9,24,54,41,31,35,19,10,33,34,22,18,12,26,10,16,14,14,10,8,8,13,13,2,16,16,12,36,30,25,33,37,44,44,32,37,36,36,21,31,24,25,22,20,38,38,37,31,29,27,19,20,20,10,9,9,9,10,6,11,15,18,13,15,12,11,7,11,28,23,25,27,28,23,31,34,23,27,,,,,,,,,,,,,,,,,,,,,,,,,,,,,,19,27,11,21,28,37,17,29,42,38,46,14,37,39,29,28,14,33,41,36,36,38,33,28,26,32,41,25,26,15,24,15,38,28,28,29,17,25,28,27,28,13,7,14,29,25,22,23,31,19,8,12,12,6,13,7,16,13,19,10,16,10,7,16,36,35,46,32,24,20,31,22,14,20,27,17,17,18,13,23,19,7,16,12,17,17,8,9,12,12,4,8,13,8,8,20,10,7,8,8,13,10,13,14,12,11,24,14,16,10,14,,10,7,9,10,9,12,8,10,,6,7,7,11,10,6,14,8,13,8,9,14,13,10,6,5,7,15,,11,2,11,32,11,23,29,13,33,30,21,,12,,8,,10,17,9,4,14,4,9,4,24,23,12,38,47,51,25,36,21,53,36,23,18,13,35,61,,17,16,9,48,29
20251024,12,O3,32,29,35,26,72,70,43,37,15,52,79,57,65,34,47,67,67,66,71,97,85,92,97,75,73,90,90,91,91,87,81,90,72,91,82,88,92,91,85,93,96,84,89,68,88,87,88,98,68,81,53,88,92,88,83,87,84,81,91,89,81,89,72,59,39,21,59,47,99,37,33,60,39,54,97,103,25,45,71,72,68,73,90,63,90,72,87,96,79,91,80,68,77,90,87,86,95,76,65,81,77,69,91,88,84,63,63,87,61,83,30,89,62,11,35,60,92,64,74,79,53,72,66,94,96,107,43,65,40,51,61,56,112,107,98,106,117,106,73,84,76,30,29,28,28,33,29,44,54,55,47,56,51,55,62,80,48,44,49,72,,,,,,,,,,,,,,,,,,,,,,,,,,,,,,90,80,73,80,63,39,78,48,43,33,85,59,62,39,70,75,77,75,60,76,58,68,85,73,87,80,66,69,77,76,71,66,68,67,51,71,50,82,84,80,100,100,94,97,106,72,81,72,98,91,90,83,83,85,92,89,111,106,105,98,107,108,108,102,73,72,52,55,75,64,70,103,101,41,52,94,108,92,105,96,83,83,100,113,110,74,103,105,111,110,94,73,77,84,82,39,93,59,87,47,43,31,37,31,29,19,15,35,34,35,34,,47,63,45,61,111,19,45,82,,67,59,42,60,67,57,61,46,36,45,43,59,24,89,65,86,94,98,,78,84,72,53,87,79,66,53,48,40,23,,63,,34,,63,71,72,,79,77,67,74,36,21,30,30,51,53,31,34,60,14,62,46,38,80,49,23,,63,93,43,50,44
20251024,12,O3_24h,,,,,,,,,,,,,,,,,,,,,,,,,,,,,,,,,,,,,,,,,,,,,,,,,,,,,,,,,,,,,,,,,,,,,,,,,,,,,,,,,,,,,,,,,,,,,,,,,,,,,,,,,,,,,,,,,,,,,,,,,,,,,,,,,,,,,,,,,,,,,,,,,,,,,,,,,,,,,,,,,,,,,,,,,,,,,,,,,,,,,,,,,,,,,,,,,,,,,,,,,,,,,,,,,,,,,,,,,,,,,,,,,,,,,,,,,,,,,,,,,,,,,,,,,,,,,,,,,,,,,,,,,,,,,,,,,,,,,,,,,,,,,,,,,,,,,,,,,,,,,,,,,,,,,,,,,,,,,,,,,,,,,,,,,,,,,,,,,,,,,,,,,,,,,,,,,,,,,,,,,,,,,,,,,,,,,,,
20251024,12,O3_8h,11,8,11,15,35,26,10,22,9,14,27,14,24,10,21,27,60,26,29,75,54,58,63,60,59,56,51,51,52,51,48,52,58,63,66,67,66,66,62,74,85,51,64,50,61,78,73,70,31,59,25,71,63,80,66,66,67,73,72,72,70,66,51,51,33,37,67,23,84,24,13,38,12,34,64,64,9,25,27,60,38,25,82,68,35,27,34,33,68,85,41,31,56,71,73,46,70,48,47,53,61,63,80,63,75,54,46,59,21,34,12,52,22,9,13,20,39,25,30,32,42,28,42,64,65,76,28,26,19,38,40,73,58,77,69,89,75,95,59,68,65,27,29,37,28,37,30,16,51,42,40,47,44,35,55,40,44,18,47,74,,,,,,,,,,,,,,,,,,,,,,,,,,,,,,66,32,58,67,21,13,84,20,14,17,47,50,38,13,32,35,75,33,16,25,20,27,32,29,36,52,32,31,43,56,44,27,25,37,31,41,27,55,49,65,53,71,45,59,61,57,51,40,52,62,83,66,66,73,63,65,85,82,67,88,78,77,76,72,28,37,16,26,33,63,35,46,67,25,40,72,91,68,82,40,60,65,85,99,77,67,99,90,89,82,73,58,57,73,64,39,83,61,69,26,38,21,29,35,40,24,11,38,15,33,35,,40,54,41,42,102,24,42,73,,65,42,36,57,37,26,32,38,30,19,49,14,16,55,71,85,77,92,,62,82,60,13,86,52,62,50,17,30,21,,59,,23,,49,31,52,44,45,54,70,76,14,6,20,44,19,30,24,41,67,13,41,48,29,90,34,7,,31,66,37,15,34
20251024,12,O3_8h_24h,10,8,11,13,35,26,10,22,7,14,27,14,24,10,17,26,58,26,29,75,54,58,63,60,59,56,51,51,52,51,48,52,58,63,62,67,66,66,62,74,85,51,64,50,61,70,73,70,31,59,25,70,62,80,66,66,67,73,72,72,70,66,51,48,29,27,66,23,80,25,13,36,12,32,64,63,9,23,27,55,38,25,81,65,35,27,34,33,68,85,41,31,56,71,73,46,70,49,47,53,61,63,80,63,75,54,46,59,21,34,12,52,22,7,13,20,39,25,30,32,41,28,42,64,65,76,27,26,19,36,40,63,58,77,69,89,75,95,59,68,65,27,26,24,23,36,27,16,50,41,40,47,44,35,55,40,35,18,39,62,,,,,,,,,,,,,,,,,,,,,,,,,,,,,,62,32,58,67,21,13,74,20,14,16,47,50,38,13,32,35,67,33,16,25,20,27,32,29,36,52,32,31,43,55,44,27,25,37,31,41,27,55,49,65,53,71,45,59,61,57,51,40,52,62,83,66,66,73,62,65,85,82,67,84,78,77,76,72,28,37,16,26,33,45,35,42,67,24,36,72,91,68,82,40,59,65,83,99,77,67,96,90,87,82,73,60,57,73,64,38,83,55,69,26,38,17,29,31,33,16,11,38,15,30,28,,33,53,34,42,102,20,35,73,,60,40,36,52,37,26,32,35,28,19,45,14,16,55,60,69,69,84,,58,82,60,13,86,52,62,49,17,24,20,,63,,23,,45,31,52,44,45,54,64,74,14,6,20,37,19,30,22,41,66,5,39,41,27,80,32,7,,28,66,35,15,34
20251024,12,CO,0.71,0.78,0.57,1.03,0.38,0.67,0.56,0.70,0.70,0.53,0.45,0.57,0.57,1.47,0.70,0.68,0.62,0.30,0.46,0.43,0.44,0.50,0.33,0.53,0.40,0.32,0.59,0.48,0.44,0.43,0.52,0.50,0.68,0.41,0.42,0.36,0.50,0.43,0.60,0.35,0.50,0.47,0.40,0.37,0.36,0.37,0.30,0.44,0.61,0.27,0.67,0.59,0.38,0.48,0.57,0.38,0.55,0.40,0.47,0.50,0.53,0.38,0.47,0.32,0.47,0.50,0.40,0.54,0.23,0.73,1.15,0.77,0.58,0.89,0.50,0.62,1.27,0.58,0.86,0.57,0.40,0.53,0.33,0.43,0.65,0.70,0.30,0.32,0.42,0.27,0.36,0.32,0.67,0.54,0.30,0.33,0.53,0.58,0.50,0.48,0.50,0.60,0.65,0.43,0.57,0.20,0.48,0.40,0.47,0.40,0.91,0.92,1.02,1.33,0.84,1.30,0.70,1.30,0.56,0.92,0.50,0.30,0.42,0.35,0.37,0.55,0.70,0.96,0.80,0.93,0.72,0.60,0.38,0.43,0.70,0.35,0.30,0.43,0.45,0.40,0.53,0.40,0.55,1.24,0.50,0.37,0.63,0.35,0.52,0.40,0.73,1.00,0.77,0.74,0.70,0.70,3.10,0.86,0.46,0.70,,,,,,,,,,,,,,,,,,,,,,,,,,,,,,0.40,0.60,0.37,0.56,0.55,1.40,0.70,0.93,0.63,1.60,0.33,0.60,0.80,1.10,0.40,0.25,0.80,0.44,0.80,0.47,0.47,0.25,0.35,0.65,0.60,0.35,0.30,0.47,0.45,0.43,0.30,0.54,0.40,0.53,0.40,0.30,0.30,0.42,0.28,0.50,0.28,0.43,0.35,0.25,0.26,0.40,0.30,0.40,0.43,0.25,0.53,0.43,0.53,0.33,0.40,0.65,0.43,0.45,0.33,0.56,0.43,0.36,0.50,0.37,0.76,0.68,0.77,0.57,0.60,0.65,0.45,0.35,0.43,0.77,0.60,0.37,0.44,0.45,0.40,0.10,0.67,0.47,0.76,0.70,0.60,0.37,0.30,0.20,0.53,0.25,0.47,0.40,0.57,0.47,0.37,0.57,0.47,0.65,0.55,0.50,0.63,0.37,0.40,0.58,0.40,0.60,0.40,0.65,0.65,0.45,0.70,,0.90,0.57,0.53,0.47,0.35,0.65,0.50,0.40,,0.50,0.60,0.60,0.65,0.40,0.50,0.75,0.35,0.50,0.60,0.60,0.65,0.55,0.40,0.35,0.30,0.50,0.30,,0.40,0.40,0.50,0.67,0.60,0.60,0.95,1.15,0.80,0.70,0.60,,0.60,,0.75,,0.35,0.70,0.60,,0.60,0.60,0.50,0.70,0.57,0.55,0.57,1.35,0.45,1.20,0.55,0.70,0.30,1.20,1.10,0.60,0.40,0.10,0.75,1.25,,0.45,0.30,0.45,0.62,0.70
20251024,12,CO_24h,0.70,0.94,0.69,0.77,0.35,0.60,0.54,0.62,0.60,0.67,0.72,0.55,0.53,1.06,0.65,0.65,0.52,0.51,0.76,0.46,0.45,0.69,0.41,0.66,0.43,0.36,0.59,0.54,0.42,0.43,0.58,0.50,0.65,0.47,0.42,0.32,0.50,0.47,0.65,0.40,0.50,0.43,0.33,0.30,0.40,0.37,0.40,0.49,0.66,0.30,0.66,0.36,0.40,0.43,0.57,0.40,0.50,0.43,0.47,0.48,0.51,0.40,0.49,0.34,0.42,0.49,0.36,0.52,0.25,0.65,0.70,0.60,0.82,0.99,0.53,0.70,1.39,0.62,0.90,0.50,0.40,0.70,0.35,0.44,0.80,0.75,0.50,0.50,0.43,0.27,0.48,0.34,0.52,0.96,0.32,0.45,0.47,0.59,0.53,0.56,0.45,0.57,0.60,0.47,0.53,0.10,0.50,0.40,0.43,0.50,0.95,1.03,0.85,1.03,0.74,1.02,0.68,0.73,0.86,0.82,0.46,0.44,0.53,0.57,0.50,0.47,0.63,0.64,0.72,0.80,0.58,0.50,0.43,0.47,0.70,0.40,0.27,0.40,0.38,0.41,0.50,0.46,0.66,0.96,0.50,0.43,0.65,0.40,0.48,0.43,0.67,0.95,0.83,0.60,0.60,0.80,0.80,0.78,0.56,0.73,,,,,,,,,,,,,,,,,,,,,,,,,,,,,,0.40,0.60,0.37,0.64,0.67,1.10,0.56,0.87,0.93,1.00,0.77,0.60,0.85,0.85,0.80,0.25,0.75,1.26,0.75,0.60,0.63,0.45,0.70,0.70,0.60,0.45,0.45,0.57,0.63,0.60,0.47,0.52,0.65,0.63,0.60,0.45,0.40,0.35,0.32,0.47,0.65,0.35,0.35,0.25,0.30,0.35,0.33,0.50,0.65,0.33,0.53,0.43,0.53,0.37,0.45,0.63,0.57,0.42,0.35,0.54,0.50,0.40,0.55,0.33,0.98,0.85,0.73,0.60,0.62,0.63,0.63,0.47,0.38,0.65,0.48,0.40,0.42,0.40,0.37,0.20,0.63,0.47,0.72,0.60,0.60,0.47,0.30,0.15,0.53,0.25,0.43,0.37,0.57,0.47,0.40,0.50,0.43,0.55,0.45,0.50,0.60,0.43,0.42,0.58,0.57,0.50,0.35,0.65,0.65,0.45,0.60,,0.90,0.63,0.53,0.47,0.35,0.60,0.55,0.45,,0.55,0.55,0.60,0.60,0.40,0.80,0.75,0.30,0.45,0.55,0.75,0.60,0.50,0.45,0.30,0.30,0.35,0.40,,0.35,0.30,0.57,0.77,0.40,0.50,0.85,0.55,0.90,0.75,0.60,,0.40,,0.80,,0.35,0.80,0.50,0.40,0.60,0.40,0.30,0.40,0.60,0.55,0.57,0.95,0.50,1.00,0.50,0.75,0.30,0.80,0.85,0.65,0.60,0.10,0.45,1.20,,0.40,0.10,0.45,0.68,0.53
20251024,13,AQI,99,74,109,60,45,90,105,70,64,103,43,60,91,135,70,50,39,29,48,32,32,31,31,38,47,38,38,35,32,35,38,34,44,31,30,33,31,33,30,34,31,40,42,44,30,30,28,41,54,28,81,36,48,45,39,46,38,48,50,35,38,32,35,35,31,16,31,34,33,78,38,36,39,130,38,36,69,42,58,38,33,40,29,45,43,62,29,40,43,29,40,59,45,31,28,34,37,42,38,34,28,29,43,30,33,38,42,48,29,64,91,89,109,111,61,69,48,68,36,34,54,37,45,32,32,36,113,99,108,120,103,120,42,63,34,49,41,43,40,45,24,10,31,49,45,30,13,33,22,24,93,81,51,81,111,71,72,60,61,94,,,,,,,,,,,,,,,,,,,,,,,,,,,,,,42,59,24,64,52,93,89,59,58,65,27,18,78,51,25,26,60,36,61,34,42,25,57,45,44,29,24,30,30,24,26,25,36,42,32,36,23,42,37,50,33,34,30,33,44,52,37,54,32,32,33,27,34,27,36,48,40,36,36,37,37,36,35,34,69,71,96,113,104,96,48,69,34,91,120,34,80,35,36,33,52,33,46,51,38,42,37,37,37,35,36,44,51,40,32,39,37,35,41,29,14,21,33,11,14,26,27,11,13,14,19,,16,23,68,61,36,60,56,40,,44,22,28,24,40,20,25,39,30,27,14,36,31,27,27,31,33,30,,30,27,36,36,79,75,73,18,88,85,32,,47,,25,,23,27,37,25,27,28,20,26,32,37,13,113,76,110,67,108,115,181,116,81,53,30,94,191,,46,46,29,98,123
20251024,13,PM2.5,74,54,82,34,16,67,79,51,42,77,25,43,68,103,51,35,25,18,30,9,11,11,5,14,19,18,12,16,16,14,20,13,23,15,11,20,16,17,11,22,9,18,18,19,10,9,12,21,32,10,60,22,22,27,22,27,21,29,24,23,23,19,20,19,18,7,20,19,5,57,23,25,27,99,19,19,50,25,41,25,17,20,10,20,22,44,11,20,20,15,14,42,31,12,3,9,25,21,26,19,18,18,30,17,21,16,23,19,20,46,68,66,82,84,44,50,31,49,22,24,25,21,16,11,7,11,85,74,81,91,77,91,27,45,22,25,29,21,25,25,9,4,22,33,29,17,7,21,14,15,69,60,36,60,84,49,42,43,17,29,,,,,,,,,,,,,,,,,,,,,,,,,,,,,,19,42,13,46,27,69,66,42,29,47,14,3,57,36,12,6,43,19,41,20,23,16,13,27,17,20,10,21,10,10,11,13,19,19,8,25,13,17,15,30,17,14,16,16,29,27,13,38,11,11,7,16,17,12,16,16,21,16,14,20,22,14,11,12,50,52,72,85,78,72,24,50,9,68,91,12,59,24,13,17,33,22,21,26,12,27,23,21,22,19,15,21,23,21,19,22,24,24,25,12,9,10,23,8,3,18,13,5,8,10,13,,3,15,49,44,6,43,40,28,,31,7,16,11,9,11,17,22,21,10,10,20,22,10,3,3,3,8,,6,3,25,19,58,55,53,9,65,49,22,,33,,7,,13,15,26,16,15,7,10,8,16,25,9,41,41,83,38,49,76,101,88,32,3,3,64,144,,32,21,18,73,93
20251024,13,PM2.5_24h,53,60,75,30,21,73,77,38,33,71,57,56,66,68,37,36,24,33,36,11,13,17,11,17,34,16,14,16,17,14,22,14,27,17,13,19,19,18,16,15,8,17,18,17,15,11,17,24,34,15,66,16,27,20,18,20,18,20,21,16,18,14,18,16,16,7,22,19,6,51,19,18,37,103,30,26,55,26,36,26,22,32,12,23,45,52,20,35,24,9,16,47,35,17,10,12,25,18,17,18,17,18,21,17,17,13,17,17,15,71,37,72,62,76,34,48,45,46,35,49,21,30,20,17,14,20,74,76,74,80,73,76,28,44,24,30,29,25,22,21,5,4,20,25,19,19,7,15,14,16,60,50,37,39,69,55,41,46,23,44,,,,,,,,,,,,,,,,,,,,,,,,,,,,,,37,66,16,60,42,69,52,39,49,40,40,10,58,35,32,8,32,23,46,38,26,32,49,39,40,25,31,24,30,16,25,16,32,32,16,30,23,28,28,35,28,20,14,19,36,33,22,49,22,15,11,18,20,13,16,15,22,20,19,23,20,19,22,16,74,66,67,88,84,68,58,68,14,45,62,16,54,24,16,25,31,14,24,25,27,28,27,24,26,21,19,16,20,19,16,20,24,17,23,12,5,6,16,9,4,17,7,2,8,13,15,,5,17,34,52,22,32,26,26,,24,12,9,13,16,23,21,30,17,16,12,20,20,13,6,5,4,14,,4,5,19,25,34,32,28,12,74,60,22,,24,,11,,15,22,15,13,12,12,4,12,23,27,6,43,37,88,41,57,79,81,68,32,18,6,42,128,,19,23,16,74,71
20251024,13,PM10,100,92,105,70,45,60,94,80,78,103,43,55,73,129,72,46,39,29,48,27,32,29,22,38,47,38,38,35,32,35,38,34,44,31,30,33,31,33,28,34,26,40,42,44,27,18,16,41,58,28,69,36,48,45,39,46,38,48,50,35,38,32,35,35,31,16,31,34,10,92,38,29,39,182,38,30,65,42,62,38,33,40,19,45,43,74,29,40,43,23,40,62,45,31,16,34,37,42,38,34,28,29,42,30,33,38,42,48,24,71,94,82,124,125,71,84,48,86,36,33,57,37,45,22,23,31,121,106,97,100,119,107,42,48,34,49,41,43,40,45,22,7,31,49,45,30,13,33,22,24,114,83,34,55,104,92,93,62,71,137,,,,,,,,,,,,,,,,,,,,,,,,,,,,,,42,64,20,75,53,108,122,60,65,80,18,14,80,51,,7,52,36,71,34,42,25,63,45,44,27,24,21,30,24,26,25,36,42,32,34,23,42,37,50,32,32,28,29,44,54,37,58,21,28,33,26,34,22,36,48,40,36,35,37,37,36,34,31,72,72,104,125,115,114,48,87,30,85,163,30,94,28,24,30,53,33,46,51,,42,37,37,31,33,36,44,52,40,32,39,37,35,41,29,10,21,23,10,14,25,27,8,13,12,,,6,23,62,48,21,53,51,40,,34,22,28,24,40,15,25,39,24,27,14,36,28,17,8,6,8,22,,9,8,36,36,85,72,47,18,97,119,32,,43,,25,,,27,,25,,16,13,21,32,37,13,175,101,170,83,165,179,311,166,112,56,30,138,217,,41,46,29,94,96
20251024,13,PM10_24h,76,100,99,65,46,75,94,54,62,99,80,73,78,92,55,57,40,52,70,28,32,37,27,41,64,33,39,37,35,32,42,33,50,34,32,34,38,35,35,33,26,35,37,36,35,25,19,42,65,35,89,29,47,33,32,34,33,37,37,26,30,23,26,26,26,11,32,33,12,78,34,26,60,186,44,44,77,50,63,37,35,70,23,45,79,90,43,60,49,19,42,72,53,33,29,36,36,33,25,31,25,24,32,28,29,25,33,34,22,109,57,78,110,111,58,85,62,69,59,69,51,51,41,35,34,35,112,86,99,109,126,87,42,54,39,53,38,37,33,34,11,5,31,39,32,29,10,24,24,24,93,62,41,36,89,105,96,71,77,167,,,,,,,,,,,,,,,,,,,,,,,,,,,,,,64,99,26,107,64,94,96,48,86,70,67,21,92,48,52,24,45,48,86,51,52,56,94,62,80,46,50,37,54,34,49,27,61,62,45,51,37,56,57,58,50,34,27,35,62,63,43,79,41,34,25,30,28,19,23,27,38,38,39,42,42,37,45,35,99,95,95,138,140,113,80,118,35,62,111,34,86,38,27,39,50,21,40,39,33,43,41,39,40,35,37,30,34,34,24,36,35,21,33,23,11,18,21,12,15,25,25,4,14,19,18,,5,25,47,53,25,39,34,37,,33,23,25,24,31,21,27,33,23,27,18,32,28,23,15,12,15,32,,9,10,25,40,48,50,39,21,97,119,34,,26,,28,,15,30,17,27,27,30,10,27,41,45,9,132,110,178,100,177,208,235,187,82,56,25,112,228,,33,43,20,102,64
20251024,13,SO2,5,11,4,20,11,9,7,7,11,6,6,8,8,15,10,10,10,7,9,6,5,6,3,7,9,5,8,8,5,9,9,8,9,8,6,4,7,9,8,6,3,3,5,4,6,6,2,8,9,6,11,10,7,8,8,7,7,7,7,6,8,7,6,7,7,4,4,4,5,2,12,12,14,12,3,8,18,22,15,9,7,16,3,9,15,9,6,10,9,6,9,10,5,8,4,6,8,8,8,9,7,7,6,6,7,3,5,7,3,8,19,11,10,16,14,37,11,25,15,7,6,5,9,6,7,5,11,10,12,12,10,12,8,9,10,6,8,9,7,7,5,7,6,39,9,5,2,5,4,9,4,4,4,5,6,6,58,20,11,10,,,,,,,,,,,,,,,,,,,,,,,,,,,,,,6,6,4,6,4,13,9,11,5,33,8,5,15,13,9,3,12,12,10,5,9,7,5,13,10,8,4,8,7,13,9,5,5,6,5,4,7,7,7,9,6,8,5,7,8,8,4,8,7,6,5,3,4,7,5,5,9,12,13,6,10,8,5,5,10,8,13,8,9,12,4,7,8,9,11,9,5,9,4,6,6,6,8,9,7,7,6,6,6,8,8,6,5,5,4,13,4,8,10,6,3,9,5,6,5,6,6,5,9,4,5,,6,10,3,8,4,21,4,4,,4,6,3,11,6,6,7,7,7,8,6,13,6,7,3,4,5,9,,7,3,6,5,5,5,16,8,15,12,12,,3,,6,,5,10,5,,12,11,2,17,6,8,4,8,22,19,11,5,8,9,6,7,8,11,21,12,,9,8,4,11,7
20251024,13,SO2_24h,4,10,3,9,7,8,5,6,3,5,5,8,5,9,6,9,9,7,10,6,5,7,4,8,9,4,8,10,5,10,9,8,8,8,6,4,7,9,8,6,4,3,5,4,6,5,2,8,8,6,11,7,6,7,8,6,7,7,7,5,8,7,6,7,7,4,4,4,5,2,6,12,11,10,5,8,16,10,14,9,6,22,3,8,15,11,5,9,8,6,6,7,4,12,4,6,8,7,9,12,6,6,6,6,6,2,5,8,3,9,8,15,7,8,20,17,10,8,18,9,7,8,9,6,7,4,9,7,10,11,8,12,7,9,9,6,8,7,8,7,4,7,7,35,8,5,2,5,4,5,4,4,5,5,6,5,21,15,7,9,,,,,,,,,,,,,,,,,,,,,,,,,,,,,,7,6,5,6,6,9,9,10,6,18,8,6,13,11,7,6,11,13,8,7,8,8,7,16,12,10,6,7,9,11,10,5,6,7,12,5,5,6,8,8,9,8,5,7,8,7,4,9,9,6,5,4,4,7,6,5,10,14,21,6,10,8,7,6,9,9,10,8,8,11,5,7,7,8,10,8,4,9,4,6,5,6,7,7,7,5,4,7,7,8,8,5,6,3,4,16,4,7,9,2,3,6,5,6,5,6,8,5,9,3,5,,6,11,3,18,3,12,6,4,,4,6,2,11,5,5,12,7,19,7,6,12,6,7,3,4,9,7,,8,4,6,5,5,6,27,8,7,9,9,,2,,6,,4,14,5,10,11,12,2,17,8,7,4,6,11,13,8,5,10,7,6,7,4,3,9,14,,8,9,2,9,7
20251024,13,NO2,35,40,29,31,22,20,22,27,37,25,14,26,25,39,33,30,18,23,18,9,11,15,7,17,20,8,13,12,13,11,16,11,19,15,12,13,16,19,13,10,8,17,10,15,11,9,7,13,23,15,27,22,13,15,12,19,16,23,21,12,10,13,8,9,21,18,13,13,5,25,20,22,24,33,12,16,39,18,26,17,21,20,6,26,20,21,8,15,14,9,16,17,15,13,7,14,9,12,12,8,9,8,9,8,13,1,11,9,8,14,32,19,22,37,30,48,16,53,20,16,16,14,11,9,9,13,34,21,30,30,23,30,16,13,17,9,5,9,8,9,5,9,15,24,16,24,11,16,7,9,24,17,18,21,20,13,33,21,24,16,,,,,,,,,,,,,,,,,,,,,,,,,,,,,,13,20,7,16,16,28,15,23,24,48,16,7,16,26,6,5,12,14,26,13,16,16,14,22,14,10,9,14,6,10,6,6,7,9,13,18,9,14,14,17,6,9,4,5,12,17,12,15,13,10,6,9,8,4,6,3,11,9,9,9,13,6,5,8,18,21,30,27,17,20,19,16,4,25,28,12,16,13,9,8,13,5,11,14,14,12,8,8,10,8,2,7,9,8,6,15,9,9,9,4,14,9,18,16,13,11,23,14,10,11,7,,7,5,7,12,8,16,7,10,,10,8,11,10,8,4,6,8,15,8,9,8,10,9,5,3,3,14,,4,2,8,14,13,25,22,11,26,26,12,,12,,3,,6,4,6,4,4,4,22,6,15,24,7,26,24,31,26,26,12,50,20,19,10,16,26,57,,11,14,10,25,24
20251024,13,NO2_24h,36,56,35,36,39,39,41,26,33,37,48,50,33,45,38,41,22,41,47,17,19,26,14,25,33,17,28,24,22,17,28,18,27,23,17,18,25,24,22,12,8,28,22,18,23,10,11,17,39,20,37,20,17,17,13,19,20,23,23,14,11,15,16,10,17,17,11,23,10,30,23,26,40,52,16,24,50,37,33,20,29,47,9,24,54,40,31,35,19,10,33,34,22,18,12,26,10,16,14,14,10,8,8,13,13,2,16,16,12,36,30,25,33,38,44,45,32,38,36,36,21,31,24,25,21,20,38,38,38,32,29,27,19,20,20,10,9,9,9,10,6,11,15,18,14,15,12,11,7,11,28,23,25,27,28,23,31,34,23,27,,,,,,,,,,,,,,,,,,,,,,,,,,,,,,19,27,11,21,27,37,17,29,41,38,47,14,37,40,28,27,14,34,41,36,36,38,33,29,26,32,41,25,26,15,23,16,38,27,28,29,17,25,28,28,27,13,7,14,29,25,22,23,31,19,8,12,12,6,12,7,16,13,19,10,16,10,7,17,34,35,45,32,24,21,31,23,14,21,27,17,17,18,13,23,19,7,16,13,17,17,8,9,12,12,4,8,13,8,8,20,10,7,8,8,13,10,13,14,12,11,24,14,16,10,15,,10,7,9,10,9,12,8,10,,7,7,8,11,10,6,14,8,13,9,9,14,13,10,6,5,7,16,,11,2,11,31,11,24,29,13,33,31,21,,12,,8,,10,16,9,4,14,4,10,4,24,23,12,38,47,51,26,35,20,52,36,22,17,14,35,62,,17,16,9,48,29
20251024,13,O3,45,44,46,37,68,83,66,42,24,63,85,65,71,49,43,72,81,70,79,102,95,100,99,83,83,98,99,100,96,91,87,95,82,98,94,93,98,100,97,97,99,82,93,72,95,97,90,105,84,84,67,102,104,97,94,109,91,94,105,93,86,89,76,73,45,24,62,64,104,42,56,69,50,81,109,115,40,68,74,78,68,81,93,68,96,84,92,109,88,93,90,82,85,93,91,91,101,90,74,89,86,73,94,93,91,70,70,91,73,104,35,92,75,17,59,64,96,67,80,83,61,81,71,102,102,114,48,80,55,56,70,61,114,114,110,112,118,109,86,90,78,31,30,45,33,33,28,40,52,66,49,59,60,62,64,88,76,65,57,84,,,,,,,,,,,,,,,,,,,,,,,,,,,,,,103,100,78,84,79,70,88,60,58,38,85,59,79,57,79,82,86,80,73,85,78,71,93,86,89,86,76,87,81,78,74,80,71,74,63,71,61,98,96,88,106,110,97,105,113,81,95,84,103,101,97,85,77,87,98,91,120,116,115,106,119,115,112,110,88,79,69,69,99,77,72,116,108,64,57,108,114,111,115,104,85,87,105,124,121,81,107,110,117,111,99,81,86,92,88,48,101,58,96,50,46,42,38,30,31,23,18,34,38,41,46,,52,74,51,68,115,25,55,85,,64,67,54,61,74,65,65,51,41,62,45,75,25,86,86,98,104,95,,97,86,73,65,95,86,70,55,61,69,28,,59,,42,,72,81,79,55,85,88,65,84,48,29,29,65,57,98,54,49,83,42,80,58,73,81,76,47,,77,102,45,70,51
20251024,13,O3_24h,,,,,,,,,,,,,,,,,,,,,,,,,,,,,,,,,,,,,,,,,,,,,,,,,,,,,,,,,,,,,,,,,,,,,,,,,,,,,,,,,,,,,,,,,,,,,,,,,,,,,,,,,,,,,,,,,,,,,,,,,,,,,,,,,,,,,,,,,,,,,,,,,,,,,,,,,,,,,,,,,,,,,,,,,,,,,,,,,,,,,,,,,,,,,,,,,,,,,,,,,,,,,,,,,,,,,,,,,,,,,,,,,,,,,,,,,,,,,,,,,,,,,,,,,,,,,,,,,,,,,,,,,,,,,,,,,,,,,,,,,,,,,,,,,,,,,,,,,,,,,,,,,,,,,,,,,,,,,,,,,,,,,,,,,,,,,,,,,,,,,,,,,,,,,,,,,,,,,,,,,,,,,,,,,,,,,,,
20251024,13,O3_8h,15,13,16,17,41,34,18,25,11,22,38,22,31,16,26,36,62,34,38,79,59,64,68,63,63,61,59,59,59,57,55,60,62,70,67,71,71,72,67,78,88,58,70,54,66,79,76,75,39,64,31,74,68,82,70,72,71,76,77,75,72,70,55,52,35,37,67,29,85,27,19,41,18,39,70,68,14,31,34,60,43,35,83,68,47,37,43,46,71,87,49,38,60,74,76,53,75,53,51,58,64,65,82,67,78,56,49,63,29,44,16,59,31,9,19,28,49,33,38,41,43,37,47,70,70,83,30,35,24,38,45,73,68,83,75,93,83,98,63,72,66,28,29,37,28,37,30,19,52,44,42,50,48,40,55,47,44,23,47,74,,,,,,,,,,,,,,,,,,,,,,,,,,,,,,68,42,61,71,29,21,84,26,20,19,55,52,44,20,39,42,75,42,26,36,29,36,43,39,44,58,39,40,50,59,50,35,34,44,36,44,33,61,56,69,63,76,54,65,70,61,58,47,62,68,84,70,65,75,66,69,90,87,74,88,83,83,82,79,38,44,24,32,44,63,42,53,73,29,41,78,94,73,87,53,64,71,86,103,83,68,99,92,92,88,78,61,62,76,68,39,86,61,74,31,39,21,31,35,40,24,12,39,20,34,35,,40,56,41,46,104,24,42,75,,66,44,38,57,43,31,38,39,30,25,49,23,18,59,71,85,77,92,,63,82,62,22,87,57,65,50,24,30,21,,59,,26,,49,38,55,48,49,59,70,76,20,10,21,44,24,38,26,42,68,13,46,48,31,90,37,12,,35,71,37,23,37
20251024,13,O3_8h_24h,15,13,17,17,41,34,18,25,10,22,38,22,31,16,22,36,61,34,38,79,59,64,68,63,63,61,59,59,59,57,55,60,62,70,66,71,71,72,67,78,88,58,70,54,66,72,76,75,39,64,31,74,68,82,70,72,71,76,77,75,72,70,55,51,31,25,64,29,82,28,19,39,18,38,70,69,14,28,34,57,43,35,82,65,47,37,43,46,71,87,49,38,60,74,76,53,75,54,51,58,64,65,82,67,78,56,49,63,29,44,16,59,31,7,19,28,49,33,38,41,43,37,47,70,70,83,30,35,24,38,45,61,68,83,75,93,83,98,63,72,66,28,26,25,23,35,27,19,51,44,42,50,48,40,55,47,39,23,40,64,,,,,,,,,,,,,,,,,,,,,,,,,,,,,,68,42,61,71,29,21,75,26,20,19,55,52,44,20,39,42,68,42,26,36,29,36,43,39,44,58,39,40,50,59,50,35,34,44,36,44,33,61,56,69,63,76,54,65,70,61,58,47,62,68,84,70,66,75,66,69,90,87,74,86,83,83,82,79,38,44,24,32,44,48,42,53,73,29,38,78,94,73,87,53,63,71,85,103,83,68,97,92,91,88,78,63,62,76,68,39,86,55,74,31,39,20,31,31,32,16,12,39,20,32,29,,34,56,36,46,104,21,37,75,,62,44,38,52,43,31,38,36,30,25,45,23,18,59,62,70,73,82,,62,82,62,22,87,57,59,49,24,29,21,,63,,26,,47,38,55,48,49,59,63,74,20,10,21,39,24,38,26,42,67,10,45,41,31,79,37,12,,34,71,36,23,37
20251024,13,CO,0.66,0.72,0.56,1.11,0.45,0.58,0.56,0.75,0.83,0.53,0.48,0.53,0.53,1.53,0.64,0.56,0.54,0.31,0.44,0.45,0.43,0.47,0.33,0.53,0.43,0.34,0.53,0.48,0.42,0.45,0.48,0.52,0.65,0.38,0.39,0.34,0.44,0.40,0.50,0.35,0.50,0.45,0.40,0.37,0.36,0.37,0.30,0.49,0.63,0.29,0.60,0.76,0.40,0.48,0.57,0.38,0.56,0.40,0.47,0.50,0.54,0.38,0.49,0.35,0.46,0.50,0.41,0.47,0.23,0.74,0.90,0.73,0.58,0.73,0.48,0.60,1.10,0.52,0.82,0.50,0.30,0.47,0.33,0.41,0.64,0.63,0.32,0.35,0.43,0.28,0.37,0.34,0.67,0.54,0.26,0.33,0.47,0.58,0.50,0.50,0.47,0.60,0.65,0.43,0.50,0.20,0.50,0.40,0.43,0.35,0.91,0.97,1.05,1.40,0.68,2.02,0.70,2.92,0.52,0.78,0.52,0.28,0.40,0.37,0.37,0.52,0.69,0.76,0.82,0.80,0.74,0.60,0.38,0.43,0.70,0.35,0.30,0.40,0.43,0.41,0.53,0.40,0.58,1.06,0.53,0.40,0.63,0.35,0.50,0.38,0.75,1.10,0.70,0.80,0.70,0.70,1.70,0.72,0.40,0.63,,,,,,,,,,,,,,,,,,,,,,,,,,,,,,0.33,0.60,0.33,0.56,0.45,1.10,0.70,1.00,0.50,1.57,0.33,0.60,0.70,0.77,0.40,0.25,0.80,0.42,0.60,0.47,0.45,0.25,0.30,0.60,0.60,0.30,0.25,0.47,0.45,0.47,0.20,0.45,0.38,0.47,0.40,0.30,0.30,0.33,0.22,0.47,0.25,0.38,0.35,0.25,0.26,0.38,0.20,0.37,0.43,0.20,0.53,0.43,0.50,0.37,0.40,0.63,0.43,0.35,0.33,0.56,0.45,0.36,0.53,0.37,0.62,0.65,0.77,0.57,0.58,0.63,0.43,0.40,0.35,0.75,0.60,0.37,0.44,0.40,0.40,0.10,0.67,0.47,0.68,0.70,0.60,0.37,0.30,0.20,0.57,0.25,0.47,0.45,0.55,0.47,0.37,0.50,0.47,0.60,0.55,0.50,0.63,0.33,0.43,0.55,0.43,0.60,0.38,0.65,0.65,0.45,0.60,,0.90,0.57,0.50,0.50,0.35,0.60,0.45,0.50,,0.50,0.60,0.60,0.60,0.40,0.45,0.70,0.33,0.50,0.55,0.55,0.55,0.55,0.40,0.35,0.30,0.50,0.30,,0.25,0.40,0.47,0.60,0.50,0.60,0.80,0.65,0.70,0.60,0.60,,0.50,,0.75,,0.40,0.70,0.50,0.40,0.50,0.40,0.50,0.50,0.50,0.60,0.57,0.95,0.30,0.80,0.50,0.60,0.25,0.80,0.45,0.90,0.30,0.10,0.55,1.15,,0.40,0.30,0.45,0.60,0.67
20251024,13,CO_24h,0.70,0.94,0.69,0.78,0.38,0.60,0.54,0.62,0.60,0.67,0.70,0.55,0.53,1.07,0.65,0.66,0.52,0.50,0.76,0.46,0.45,0.69,0.41,0.67,0.45,0.36,0.61,0.54,0.42,0.43,0.58,0.50,0.65,0.47,0.42,0.32,0.50,0.47,0.65,0.40,0.50,0.43,0.33,0.30,0.40,0.37,0.40,0.49,0.66,0.30,0.66,0.34,0.40,0.43,0.57,0.40,0.51,0.43,0.47,0.48,0.51,0.38,0.49,0.34,0.43,0.49,0.37,0.53,0.25,0.65,0.70,0.60,0.80,1.00,0.53,0.70,1.35,0.62,0.90,0.50,0.40,0.70,0.35,0.44,0.80,0.73,0.50,0.52,0.43,0.28,0.48,0.34,0.52,0.96,0.32,0.43,0.47,0.59,0.53,0.56,0.45,0.57,0.60,0.47,0.53,0.10,0.50,0.40,0.43,0.50,0.95,1.05,0.85,1.05,0.72,1.10,0.70,0.87,0.86,0.83,0.46,0.44,0.53,0.57,0.50,0.47,0.66,0.64,0.72,0.80,0.58,0.50,0.43,0.47,0.68,0.40,0.27,0.40,0.38,0.41,0.50,0.46,0.64,0.98,0.50,0.43,0.65,0.35,0.48,0.43,0.67,0.95,0.83,0.60,0.60,0.80,0.87,0.78,0.56,0.73,,,,,,,,,,,,,,,,,,,,,,,,,,,,,,0.40,0.60,0.37,0.64,0.67,1.10,0.56,0.87,0.93,1.00,0.73,0.60,0.85,0.88,0.80,0.25,0.75,1.26,0.78,0.60,0.65,0.45,0.70,0.75,0.60,0.45,0.45,0.57,0.63,0.60,0.47,0.50,0.65,0.63,0.60,0.45,0.40,0.35,0.32,0.47,0.63,0.35,0.35,0.25,0.30,0.35,0.33,0.50,0.65,0.33,0.53,0.43,0.50,0.37,0.45,0.63,0.57,0.42,0.38,0.56,0.50,0.40,0.55,0.33,0.96,0.85,0.73,0.60,0.62,0.63,0.63,0.47,0.38,0.65,0.48,0.40,0.40,0.40,0.40,0.20,0.63,0.47,0.72,0.60,0.60,0.47,0.30,0.15,0.55,0.25,0.43,0.37,0.57,0.47,0.40,0.53,0.43,0.60,0.45,0.50,0.60,0.43,0.42,0.58,0.53,0.50,0.38,0.65,0.65,0.45,0.60,,0.90,0.63,0.53,0.47,0.35,0.60,0.55,0.45,,0.55,0.60,0.60,0.60,0.40,0.80,0.75,0.30,0.45,0.55,0.75,0.60,0.50,0.45,0.30,0.30,0.35,0.40,,0.35,0.30,0.57,0.77,0.50,0.50,0.85,0.55,0.90,0.75,0.60,,0.45,,0.80,,0.35,0.80,0.50,0.40,0.60,0.40,0.30,0.40,0.60,0.55,0.57,0.95,0.50,0.95,0.45,0.75,0.30,0.80,0.85,0.60,0.60,0.10,0.50,1.20,,0.40,0.10,0.45,0.70,0.53
20251024,14,AQI,99,69,96,60,47,96,100,70,76,88,44,65,108,125,70,50,46,36,51,33,32,33,31,38,41,38,42,36,37,38,40,33,39,33,32,35,32,35,33,34,31,31,39,46,32,33,28,36,55,30,83,36,43,42,38,48,36,51,48,34,38,28,34,44,32,11,34,25,33,80,33,36,40,123,37,38,61,37,57,33,33,42,28,46,43,63,32,42,39,29,43,59,47,33,28,36,36,35,37,31,28,28,43,32,33,35,36,33,28,65,93,81,101,110,55,68,39,61,37,33,62,38,44,34,32,38,114,90,106,103,106,124,42,56,38,46,40,39,44,40,25,11,30,46,36,29,12,26,20,21,100,83,33,80,111,63,58,74,56,92,,,,,,,,,,,,,,,,,,,,,,,,,,,,,,39,59,27,64,42,91,85,60,48,64,27,18,71,51,25,26,56,31,57,29,44,24,54,47,39,28,25,29,27,33,64,25,29,50,26,37,24,48,36,43,34,37,32,35,39,50,33,50,33,33,31,28,28,27,31,29,38,37,38,38,39,38,36,37,70,64,95,119,101,104,46,67,35,104,120,36,75,38,38,34,48,31,41,50,39,40,35,35,38,35,35,44,41,35,29,41,37,36,40,24,14,21,34,10,11,25,26,11,14,14,17,,18,24,61,68,36,63,34,39,,41,24,29,27,40,19,17,38,24,26,16,26,24,27,27,33,34,31,,31,27,45,32,79,78,91,17,95,81,29,,41,,26,,25,27,34,22,28,29,24,28,28,50,13,100,68,104,73,109,108,140,103,72,54,30,115,186,,41,41,32,94,121
20251024,14,PM2.5,74,50,72,41,22,72,75,51,56,65,28,47,81,95,51,35,32,19,34,11,10,12,5,13,19,16,16,17,18,17,20,14,20,15,10,20,15,18,11,22,10,15,16,21,11,9,11,21,37,12,61,24,21,26,22,30,22,33,29,24,25,17,21,19,18,6,21,17,6,59,23,23,25,93,17,19,44,21,40,20,17,18,11,21,24,44,18,23,20,11,16,42,31,12,4,9,24,20,26,19,18,17,30,19,21,16,20,18,19,47,69,60,76,83,39,49,26,41,22,23,33,24,12,13,12,9,86,67,80,77,80,94,27,40,23,25,28,18,27,25,11,6,21,29,25,18,7,18,12,14,75,61,23,59,84,44,35,54,18,36,,,,,,,,,,,,,,,,,,,,,,,,,,,,,,12,37,11,42,17,68,60,43,24,46,12,8,52,30,9,6,40,16,38,19,31,14,11,29,17,17,10,20,12,15,36,10,14,19,9,24,11,16,16,29,13,11,9,14,24,24,14,33,11,11,8,14,16,12,16,11,17,17,14,19,19,15,11,13,51,46,71,90,76,78,23,48,12,78,91,13,55,18,11,16,30,21,21,26,14,26,21,20,16,18,17,22,25,21,19,23,23,21,26,12,4,8,24,7,4,14,12,5,9,7,12,,3,15,44,49,9,45,24,27,,29,8,14,9,9,11,8,21,10,12,11,14,17,10,3,5,3,10,,3,3,25,15,58,57,68,6,71,50,17,,29,,9,,11,12,24,11,15,3,10,7,13,25,9,41,33,78,37,46,71,80,63,24,9,11,87,140,,29,15,21,70,92
20251024,14,PM2.5_24h,54,60,75,31,22,73,78,38,34,71,57,56,67,68,38,36,25,33,37,11,13,17,11,17,34,17,15,16,17,15,22,14,27,17,13,19,19,18,16,15,8,17,18,17,15,11,17,24,35,15,65,17,27,20,18,20,18,21,21,16,18,15,18,16,16,7,22,20,6,51,20,19,37,103,29,26,54,26,37,26,23,32,12,23,45,52,20,35,24,9,16,47,35,17,10,12,25,18,17,18,17,18,21,17,18,13,17,17,16,70,39,73,63,78,35,49,45,47,36,48,21,30,21,18,14,20,75,76,74,81,74,77,27,44,23,30,30,25,23,21,5,4,20,25,19,19,7,15,14,16,60,50,37,39,71,55,40,46,23,44,,,,,,,,,,,,,,,,,,,,,,,,,,,,,,37,66,16,60,41,69,53,38,50,41,40,10,60,35,32,8,32,23,46,38,27,32,48,39,40,25,31,24,30,17,26,16,32,33,16,31,24,28,28,35,27,20,14,19,36,33,22,49,22,16,12,18,20,13,16,15,22,20,19,23,21,19,22,16,74,66,67,89,85,69,58,69,14,47,65,16,55,24,16,25,32,14,24,26,28,28,27,24,26,21,19,17,21,19,17,21,25,17,24,12,5,6,16,9,4,17,8,2,8,12,16,,5,17,36,52,21,33,27,26,,24,11,9,12,16,22,20,31,17,16,12,20,20,13,6,5,4,14,,4,5,19,25,36,34,30,12,74,60,22,,24,,11,,15,22,16,13,12,12,4,12,22,26,6,43,37,88,41,57,78,81,67,30,17,6,44,130,,20,23,16,74,72
20251024,14,PM10,99,86,94,69,47,70,91,77,101,93,44,62,85,126,72,46,46,36,51,28,31,31,23,38,41,38,42,36,37,38,40,33,39,31,29,35,31,34,28,34,25,31,39,46,27,22,16,36,60,30,66,34,43,42,38,48,36,51,48,34,38,27,34,44,32,11,34,25,9,95,32,36,40,168,37,29,59,37,63,33,33,42,19,46,43,75,32,42,39,21,43,66,47,33,11,36,36,35,35,31,26,28,41,29,33,35,36,33,28,75,101,72,111,128,60,82,39,72,37,32,74,38,44,26,26,28,116,95,108,96,117,108,42,45,36,46,40,39,44,40,20,9,30,46,35,29,12,25,20,19,105,96,33,66,105,75,66,77,62,133,,,,,,,,,,,,,,,,,,,,,,,,,,,,,,39,68,17,78,42,94,120,50,48,74,20,14,61,51,9,8,49,31,64,29,38,22,57,47,39,24,24,23,27,33,78,21,29,50,26,37,24,48,36,43,29,29,32,27,39,50,31,50,23,24,26,22,26,17,31,20,36,37,35,38,38,34,33,27,74,69,98,132,113,107,46,84,29,98,158,26,96,28,24,31,48,31,41,50,14,40,35,35,35,31,35,44,41,35,28,41,37,36,40,24,11,21,28,9,11,25,26,8,12,13,,,6,23,58,54,20,54,29,39,,39,24,29,27,40,10,15,38,24,26,16,25,22,18,8,6,7,23,,6,6,45,32,86,71,,14,94,111,29,,41,,26,,8,22,,21,,11,12,28,28,50,12,149,86,156,95,168,166,230,156,93,57,30,159,228,,40,41,32,91,
20251024,14,PM10_24h,78,101,99,66,47,75,94,55,65,99,79,72,79,93,57,58,40,53,71,28,33,38,27,42,64,34,39,38,35,32,43,33,50,34,32,34,38,35,35,33,26,35,37,37,35,25,19,42,65,34,88,30,46,34,32,34,34,37,38,27,30,24,26,27,27,12,32,33,12,79,34,26,60,186,43,43,77,49,64,38,35,70,23,45,79,90,42,60,49,19,42,72,54,33,28,36,36,33,25,31,25,23,32,28,29,25,33,35,22,108,59,78,111,114,59,86,62,70,60,69,53,51,42,35,34,35,113,86,100,109,127,88,42,55,39,54,38,37,34,34,11,5,32,40,32,29,10,24,23,24,95,62,40,36,90,104,96,73,75,166,,,,,,,,,,,,,,,,,,,,,,,,,,,,,,64,100,26,107,63,94,98,47,86,70,68,21,93,49,51,24,44,48,87,51,53,55,94,63,80,45,50,36,54,35,49,27,61,63,45,52,38,56,57,58,49,34,27,35,61,64,43,79,41,35,25,29,28,19,23,27,38,38,39,42,42,37,45,35,98,94,94,140,142,114,80,119,35,64,115,34,87,38,27,39,51,22,40,40,32,44,41,39,40,35,37,30,34,34,24,37,35,22,33,23,11,18,22,12,15,24,25,4,14,19,18,,5,25,48,54,25,41,34,37,,34,23,25,25,32,20,27,33,23,28,18,33,28,23,15,11,15,31,,10,10,26,40,50,52,40,21,98,119,34,,26,,28,,15,30,17,27,27,29,10,26,41,45,8,133,111,178,101,176,206,234,186,80,56,26,112,230,,34,44,20,103,65
20251024,14,SO2,4,11,4,15,10,8,7,7,25,7,6,6,13,15,12,10,10,8,9,6,5,6,3,7,9,5,8,8,6,9,9,8,8,8,6,4,7,9,7,5,4,2,5,4,6,6,2,7,10,6,11,10,7,7,8,7,7,7,7,6,8,7,7,7,7,4,4,4,5,2,5,11,17,13,3,8,18,8,15,9,7,15,3,9,17,10,6,10,8,6,7,10,5,8,4,6,8,7,8,9,7,6,7,6,7,3,5,7,3,7,20,11,9,16,10,44,13,19,10,7,7,5,10,6,6,4,11,8,12,11,10,11,8,9,10,6,8,8,8,7,4,7,6,28,9,5,1,5,4,6,3,4,4,5,6,7,20,15,16,11,,,,,,,,,,,,,,,,,,,,,,,,,,,,,,6,6,3,6,4,12,9,12,5,34,9,6,12,12,8,3,12,12,10,5,8,7,6,11,9,8,4,7,7,14,10,5,5,6,5,6,5,7,7,9,7,7,5,7,8,7,4,7,7,6,5,3,4,6,5,5,7,11,13,6,9,8,4,5,8,8,12,8,9,12,3,7,7,9,11,8,4,9,5,6,6,6,8,9,7,7,6,6,7,8,7,6,5,4,5,14,6,8,10,4,3,9,5,5,5,6,5,5,9,4,5,,7,10,4,7,4,17,4,4,,3,7,3,10,6,7,7,7,6,8,6,15,7,7,3,4,5,6,,6,4,5,4,5,5,41,8,16,10,12,,3,,6,,4,7,5,,12,6,2,15,6,7,4,6,12,20,7,5,7,7,6,6,9,11,36,19,,8,8,3,12,7
20251024,14,SO2_24h,4,10,3,9,7,8,5,6,4,5,5,8,5,9,6,9,9,8,10,6,5,7,4,8,9,5,8,10,5,10,9,8,8,8,6,4,7,9,8,6,4,3,5,4,6,5,2,8,8,6,10,8,6,7,8,7,7,7,7,5,8,7,6,7,7,4,4,4,5,2,6,12,11,11,5,8,15,10,15,9,6,22,3,8,15,11,5,9,8,6,6,7,4,12,4,6,8,8,9,12,6,6,6,6,6,2,5,8,3,9,9,15,7,8,19,18,10,9,18,9,7,8,9,6,7,4,9,7,10,11,8,12,7,9,9,6,8,7,8,7,4,7,6,36,8,5,2,5,4,5,4,4,5,5,6,5,21,14,7,10,,,,,,,,,,,,,,,,,,,,,,,,,,,,,,6,6,5,6,6,9,9,10,6,18,9,6,13,11,7,6,12,13,8,7,8,8,7,16,13,10,6,7,9,12,10,5,6,7,12,5,5,6,8,8,8,8,5,7,8,8,4,9,9,6,5,4,4,7,6,5,9,14,21,6,10,8,7,6,9,9,10,8,8,11,5,7,7,8,10,8,4,9,4,6,5,6,7,7,7,6,4,7,7,8,8,5,6,4,4,15,4,7,9,3,3,6,5,6,5,6,8,5,9,3,5,,6,11,3,17,4,12,6,4,,4,6,2,11,5,5,12,7,18,7,6,12,6,7,3,4,9,7,,8,4,6,5,5,6,27,8,7,9,9,,2,,6,,4,13,5,10,11,12,2,17,8,7,4,6,11,13,8,5,10,7,6,7,4,4,10,14,,8,9,2,9,7
20251024,14,NO2,30,32,24,25,25,20,19,27,33,21,13,23,35,35,37,31,19,23,17,10,10,14,7,16,19,8,15,11,14,11,17,11,16,15,10,14,16,17,11,9,8,12,8,15,11,9,8,12,22,13,28,20,12,14,11,18,15,20,20,11,10,11,9,7,21,18,12,11,5,24,17,22,24,33,11,17,33,14,27,18,22,20,6,23,20,23,8,16,12,10,16,16,16,12,7,14,9,10,11,8,8,8,9,8,12,3,10,9,7,14,34,18,24,39,18,49,19,35,20,14,17,13,11,10,14,13,34,18,29,28,21,29,16,13,17,9,5,8,8,8,5,9,14,22,15,21,11,11,8,5,25,18,17,22,21,11,17,27,14,7,,,,,,,,,,,,,,,,,,,,,,,,,,,,,,13,19,5,14,12,21,14,24,20,46,16,10,11,19,7,4,10,11,24,14,15,14,11,25,9,10,8,14,6,14,10,7,10,9,9,22,6,12,13,17,6,7,3,5,12,15,10,14,14,10,7,9,6,4,6,3,10,13,8,9,11,5,4,9,17,20,27,26,17,20,17,15,5,20,26,9,15,11,9,9,14,4,11,13,14,11,7,8,10,7,2,7,9,7,6,14,8,7,8,3,14,9,16,16,17,10,21,12,6,10,6,,7,5,9,10,7,16,5,9,,8,8,9,10,8,4,4,8,10,8,8,7,9,8,6,2,2,10,,2,2,8,13,12,24,23,11,18,19,10,,12,,4,,4,4,6,3,3,2,18,2,11,20,7,18,18,24,21,26,7,17,17,15,7,26,25,44,,12,13,9,23,23
20251024,14,NO2_24h,37,56,34,36,39,38,41,26,33,37,47,49,33,45,39,42,22,41,48,17,19,26,14,25,33,17,28,24,22,17,28,18,27,24,17,18,24,24,22,12,8,28,22,18,23,10,11,17,39,20,38,20,17,17,13,19,20,23,23,14,11,15,16,10,18,17,11,23,10,31,23,26,39,52,16,23,50,36,33,20,30,48,9,25,52,40,30,35,19,10,33,34,22,18,12,26,10,15,14,14,10,8,8,13,13,2,16,16,12,35,31,25,33,38,43,46,32,39,37,36,21,31,24,25,21,20,38,37,38,32,29,28,19,20,20,10,9,9,9,10,6,11,15,18,14,16,12,11,7,11,28,23,25,26,28,23,32,35,22,27,,,,,,,,,,,,,,,,,,,,,,,,,,,,,,19,27,11,21,27,37,17,29,41,39,47,14,37,40,28,26,14,35,42,36,36,38,33,29,26,32,41,24,26,16,24,16,38,27,28,30,17,25,28,27,27,13,7,14,28,25,22,23,31,19,8,12,12,6,12,7,16,13,19,10,16,10,7,17,33,34,44,32,25,21,31,23,13,21,28,17,17,18,13,23,19,7,16,13,17,17,8,10,12,12,4,8,13,8,8,20,10,7,8,8,13,10,13,14,13,11,25,14,15,10,15,,10,7,9,11,9,12,8,10,,7,7,8,11,10,6,14,8,13,9,9,14,13,10,6,5,7,16,,11,2,11,31,12,24,29,13,33,31,21,,12,,7,,10,16,9,4,14,4,11,4,24,24,12,39,48,50,25,34,20,51,37,21,16,14,35,62,,17,16,9,47,29
20251024,14,O3,54,58,60,52,63,92,79,48,35,78,91,74,69,68,43,69,88,71,84,104,103,106,98,88,92,103,100,105,100,94,88,100,95,104,103,93,102,111,107,99,100,88,98,75,102,104,90,113,91,87,73,115,116,100,104,130,99,118,115,98,90,91,79,86,47,28,67,77,106,44,73,72,61,93,117,120,55,86,77,78,71,84,91,78,101,84,97,108,98,94,96,94,87,98,91,96,103,92,87,91,91,77,97,101,96,71,75,90,81,115,39,95,74,21,76,62,92,76,81,88,71,86,71,109,103,120,54,92,66,64,81,67,115,120,123,116,120,110,95,96,80,34,33,51,44,36,29,42,51,67,51,60,62,61,67,92,91,70,71,105,,,,,,,,,,,,,,,,,,,,,,,,,,,,,,108,117,86,87,88,93,92,66,65,50,86,56,94,82,81,84,92,87,75,87,88,78,94,87,91,88,80,91,86,78,84,80,71,77,72,70,73,107,101,97,110,119,98,111,119,95,107,92,106,106,100,91,89,86,99,93,120,118,123,108,125,121,115,117,93,89,90,80,108,85,78,123,111,78,68,115,119,120,121,109,88,89,107,133,126,93,111,110,120,112,103,87,90,99,93,54,106,65,101,55,46,39,40,31,26,37,22,36,45,46,50,,56,78,53,74,116,43,59,88,,67,73,64,60,73,60,54,50,45,59,48,83,40,86,87,104,109,99,,100,87,74,66,96,90,72,55,81,87,35,,59,,39,,80,87,84,70,89,92,76,91,58,42,35,75,66,110,76,59,99,82,97,73,81,74,90,96,,83,114,49,82,54
20251024,14,O3_24h,,,,,,,,,,,,,,,,,,,,,,,,,,,,,,,,,,,,,,,,,,,,,,,,,,,,,,,,,,,,,,,,,,,,,,,,,,,,,,,,,,,,,,,,,,,,,,,,,,,,,,,,,,,,,,,,,,,,,,,,,,,,,,,,,,,,,,,,,,,,,,,,,,,,,,,,,,,,,,,,,,,,,,,,,,,,,,,,,,,,,,,,,,,,,,,,,,,,,,,,,,,,,,,,,,,,,,,,,,,,,,,,,,,,,,,,,,,,,,,,,,,,,,,,,,,,,,,,,,,,,,,,,,,,,,,,,,,,,,,,,,,,,,,,,,,,,,,,,,,,,,,,,,,,,,,,,,,,,,,,,,,,,,,,,,,,,,,,,,,,,,,,,,,,,,,,,,,,,,,,,,,,,,,,,,,,,,,
20251024,14,O3_8h,21,20,22,23,46,45,28,29,14,31,49,31,38,25,30,44,66,42,47,84,66,72,74,67,68,69,67,69,67,65,62,70,67,76,71,76,77,79,74,82,89,65,76,58,72,80,79,81,49,69,38,79,76,85,75,81,75,82,83,79,75,74,60,56,37,37,67,37,87,29,27,45,26,47,77,76,20,38,41,60,49,45,84,68,61,47,54,59,76,88,58,47,66,77,79,61,80,58,57,64,68,67,84,73,80,58,54,65,38,56,20,66,41,10,29,35,60,41,48,50,46,47,52,78,76,90,33,46,31,43,50,73,77,89,83,96,90,100,68,76,68,29,29,37,28,37,30,23,52,47,45,51,50,44,56,55,50,30,48,74,,,,,,,,,,,,,,,,,,,,,,,,,,,,,,74,54,65,74,39,33,84,32,28,24,61,55,51,29,46,51,75,52,36,46,39,45,54,49,53,65,47,50,57,64,58,44,43,50,42,48,40,69,65,75,74,83,64,72,80,66,66,56,74,76,86,73,71,78,71,74,95,92,83,89,90,89,88,87,48,53,35,40,55,63,50,66,81,37,43,84,98,80,93,65,67,75,89,107,91,71,99,95,97,95,83,64,67,80,73,40,90,61,79,35,39,22,33,35,40,24,13,39,24,35,35,,40,59,41,52,106,24,42,78,,66,48,41,57,49,36,42,39,32,31,49,33,22,64,71,85,77,92,,67,83,65,31,88,63,66,50,34,37,23,,59,,29,,52,46,59,52,54,64,70,76,26,15,23,44,31,47,33,43,70,20,53,48,37,90,44,23,,41,78,38,34,41
20251024,14,O3_8h_24h,21,20,24,23,46,45,28,29,14,31,49,31,38,25,26,44,65,42,47,84,66,72,74,67,68,69,67,69,67,65,62,70,67,76,71,76,77,79,74,82,89,65,76,58,72,75,79,81,49,69,38,79,76,84,75,81,75,82,83,79,75,74,60,56,33,24,64,37,84,31,27,43,26,46,77,78,20,36,41,60,49,45,84,67,61,47,54,59,76,88,58,47,66,77,79,61,80,61,57,64,68,67,84,73,80,58,54,65,38,56,20,66,41,9,29,35,60,41,48,50,46,47,52,78,76,90,33,46,31,43,50,60,77,89,83,96,90,100,68,76,68,29,26,27,26,34,28,23,51,47,45,51,50,44,56,55,47,30,43,67,,,,,,,,,,,,,,,,,,,,,,,,,,,,,,74,54,65,74,39,33,76,32,28,24,61,55,51,29,46,51,70,52,36,46,39,45,54,49,53,65,47,50,57,64,58,44,43,50,42,48,40,69,65,75,74,83,64,72,80,66,66,56,74,76,86,78,71,78,71,74,95,92,83,88,90,89,88,87,48,53,35,40,55,54,50,66,81,37,42,84,98,80,93,65,67,75,89,107,91,71,99,95,96,95,83,67,67,80,73,40,90,56,79,35,39,22,33,30,30,18,12,39,24,33,31,,37,59,38,52,106,23,40,78,,63,48,41,53,49,36,42,38,32,31,44,33,22,64,64,73,77,82,,67,83,65,31,88,63,53,49,34,37,23,,63,,29,,52,46,59,52,54,64,63,76,26,15,22,39,31,47,33,42,70,20,53,44,37,78,44,23,,41,78,38,34,41
20251024,14,CO,0.61,0.71,0.54,1.15,0.47,0.54,0.53,0.70,0.90,0.50,0.48,0.53,0.57,1.27,0.64,0.56,0.60,0.31,0.44,0.45,0.46,0.47,0.31,0.50,0.40,0.32,0.56,0.48,0.46,0.45,0.50,0.52,0.57,0.40,0.37,0.32,0.41,0.45,0.48,0.35,0.50,0.40,0.37,0.40,0.38,0.38,0.30,0.46,0.76,0.29,0.58,0.71,0.37,0.48,0.58,0.40,0.54,0.40,0.47,0.48,0.56,0.38,0.49,0.33,0.46,0.47,0.41,0.45,0.25,0.73,0.70,0.73,0.64,0.78,0.47,0.60,0.99,0.42,0.90,0.47,0.30,0.48,0.33,0.41,0.70,0.65,0.32,0.35,0.40,0.32,0.37,0.34,0.62,0.54,0.24,0.33,0.47,0.57,0.50,0.48,0.50,0.60,0.65,0.47,0.50,0.20,0.44,0.40,0.40,0.35,0.90,0.87,0.93,1.52,0.50,2.38,0.87,2.12,0.54,0.73,0.58,0.26,0.40,0.43,0.43,0.52,0.68,0.56,0.83,0.67,0.68,0.60,0.38,0.43,0.70,0.35,0.30,0.37,0.47,0.40,0.50,0.38,0.56,0.96,0.50,0.43,0.63,0.30,0.55,0.28,0.75,0.90,0.70,0.82,0.70,0.70,1.05,1.06,0.40,0.63,,,,,,,,,,,,,,,,,,,,,,,,,,,,,,0.33,0.50,0.30,0.54,0.37,0.93,0.60,0.97,0.50,1.38,0.35,0.60,0.60,0.57,0.40,0.20,0.70,0.36,0.53,0.47,0.70,0.20,0.30,0.65,0.60,0.30,0.25,0.47,0.42,0.47,0.30,0.42,0.38,0.50,0.35,0.35,0.25,0.33,0.24,0.43,0.25,0.33,0.35,0.25,0.26,0.33,0.23,0.37,0.43,0.20,0.53,0.40,0.45,0.37,0.40,0.63,0.35,0.33,0.30,0.56,0.43,0.34,0.50,0.37,0.58,0.62,0.70,0.60,0.56,0.63,0.45,0.40,0.35,0.72,0.56,0.37,0.42,0.40,0.40,0.20,0.60,0.47,0.67,0.70,0.60,0.37,0.30,0.20,0.53,0.25,0.43,0.40,0.53,0.47,0.33,0.50,0.47,0.60,0.55,0.50,0.60,0.33,0.40,0.58,0.47,0.50,0.38,0.65,0.65,0.45,0.70,,0.90,0.57,0.53,0.45,0.40,0.70,0.40,0.50,,0.50,0.60,0.60,0.60,0.40,0.45,0.60,0.35,0.40,0.55,0.50,0.50,0.50,0.40,0.35,0.30,0.35,0.40,,0.25,0.40,0.43,0.57,0.50,0.55,0.80,0.75,0.60,0.60,0.60,,0.50,,0.70,,0.45,0.60,0.50,0.40,0.60,0.40,0.40,0.40,0.43,0.55,0.53,0.90,0.40,0.70,0.45,0.60,0.25,0.35,0.30,0.40,0.30,0.20,0.60,1.55,,0.40,0.30,0.45,0.58,0.60
20251024,14,CO_24h,0.70,0.93,0.68,0.80,0.38,0.60,0.54,0.62,0.67,0.67,0.68,0.55,0.53,1.09,0.66,0.66,0.52,0.50,0.76,0.45,0.44,0.69,0.41,0.67,0.45,0.36,0.61,0.54,0.44,0.43,0.58,0.50,0.65,0.48,0.42,0.32,0.50,0.47,0.65,0.40,0.50,0.47,0.33,0.33,0.40,0.38,0.40,0.49,0.67,0.30,0.66,0.38,0.40,0.44,0.57,0.40,0.53,0.43,0.47,0.48,0.51,0.38,0.49,0.34,0.43,0.49,0.37,0.52,0.25,0.66,0.70,0.60,0.78,0.98,0.53,0.70,1.34,0.62,0.90,0.50,0.40,0.70,0.35,0.44,0.80,0.73,0.50,0.52,0.45,0.28,0.48,0.34,0.52,0.96,0.34,0.43,0.47,0.59,0.53,0.56,0.47,0.57,0.60,0.47,0.53,0.10,0.52,0.40,0.43,0.50,0.95,1.07,0.85,1.07,0.70,1.18,0.72,0.92,0.86,0.83,0.48,0.44,0.55,0.57,0.53,0.47,0.68,0.64,0.72,0.83,0.60,0.50,0.43,0.47,0.70,0.40,0.30,0.40,0.38,0.41,0.50,0.46,0.62,0.98,0.50,0.43,0.65,0.35,0.48,0.43,0.67,0.95,0.83,0.62,0.70,0.80,0.87,0.80,0.54,0.70,,,,,,,,,,,,,,,,,,,,,,,,,,,,,,0.40,0.60,0.33,0.64,0.65,1.10,0.58,0.90,0.93,1.00,0.73,0.60,0.85,0.88,0.80,0.30,0.75,1.26,0.78,0.60,0.65,0.45,0.70,0.75,0.65,0.40,0.45,0.57,0.63,0.60,0.47,0.50,0.65,0.63,0.60,0.45,0.40,0.35,0.32,0.50,0.63,0.32,0.35,0.25,0.28,0.35,0.33,0.50,0.65,0.33,0.53,0.43,0.50,0.37,0.45,0.63,0.57,0.42,0.38,0.56,0.50,0.40,0.55,0.33,0.92,0.85,0.73,0.60,0.62,0.63,0.63,0.47,0.38,0.70,0.50,0.40,0.40,0.40,0.40,0.20,0.63,0.47,0.72,0.60,0.60,0.47,0.30,0.15,0.55,0.25,0.43,0.37,0.57,0.47,0.40,0.53,0.43,0.60,0.50,0.50,0.60,0.43,0.42,0.58,0.53,0.50,0.38,0.65,0.65,0.45,0.60,,0.90,0.63,0.53,0.47,0.35,0.60,0.55,0.45,,0.55,0.60,0.60,0.60,0.40,0.80,0.75,0.30,0.45,0.55,0.70,0.60,0.50,0.45,0.30,0.30,0.35,0.40,,0.30,0.35,0.53,0.77,0.50,0.50,0.85,0.55,0.90,0.75,0.60,,0.40,,0.80,,0.40,0.80,0.50,0.40,0.60,0.40,0.30,0.40,0.60,0.55,0.57,0.95,0.50,0.95,0.45,0.70,0.30,0.80,0.85,0.60,0.60,0.10,0.50,1.20,,0.40,0.20,0.45,0.70,0.53
20251024,15,AQI,99,69,90,63,54,94,100,64,89,88,45,60,108,113,69,50,53,33,52,33,33,34,31,36,40,40,40,36,39,35,40,36,37,33,33,33,34,38,35,35,31,28,39,47,33,33,28,38,57,32,84,38,43,42,40,49,41,51,47,36,39,28,37,42,33,13,32,27,33,78,31,44,38,124,39,41,58,35,58,27,33,34,30,42,48,66,35,42,38,30,47,63,46,35,29,37,33,32,38,34,30,32,43,35,33,24,36,29,29,68,86,76,95,113,48,71,45,68,42,39,61,41,42,35,35,38,114,89,104,106,110,130,44,50,41,44,38,34,43,44,26,12,30,46,38,31,13,31,22,20,90,80,30,73,108,57,62,78,54,89,,,,,,,,,,,,,,,,,,,,,,,,,,,,,,36,63,27,65,38,96,84,63,43,65,28,18,63,45,24,25,58,48,57,31,54,26,52,35,36,31,25,27,27,103,167,25,28,70,29,41,22,39,37,46,35,38,32,35,44,46,35,49,34,34,32,28,30,27,31,29,38,39,38,35,41,38,38,38,71,71,93,124,96,84,40,67,35,98,113,37,71,38,39,35,39,31,39,49,40,36,36,35,38,35,34,46,42,35,30,36,36,38,44,24,12,23,31,11,14,26,24,11,13,15,17,,18,25,65,89,36,68,21,36,,41,27,30,23,40,18,17,33,18,22,18,25,24,26,29,33,35,28,,32,27,43,27,80,76,84,17,85,75,29,,40,,23,,24,29,28,23,29,29,27,33,24,39,16,93,60,116,76,107,112,112,104,62,47,33,112,153,,40,39,34,94,123
20251024,15,PM2.5,74,50,67,45,28,70,75,46,66,65,31,40,81,85,50,35,37,21,32,10,12,11,5,13,19,17,14,15,18,17,21,16,19,16,11,20,14,16,13,23,10,13,17,22,11,10,11,19,38,13,62,21,19,25,23,30,22,30,28,25,25,17,22,18,20,7,21,16,5,57,21,22,19,94,21,19,41,19,39,15,17,19,11,22,29,47,19,23,21,10,21,45,32,14,3,11,23,18,24,18,19,17,30,19,20,16,19,19,16,49,64,56,71,85,30,52,24,49,24,27,26,29,11,15,14,11,86,66,78,80,83,99,27,35,21,24,24,19,28,24,11,5,21,26,25,18,7,19,14,8,67,59,21,53,81,35,32,56,16,43,,,,,,,,,,,,,,,,,,,,,,,,,,,,,,18,34,11,47,18,72,59,45,24,47,13,6,45,30,16,6,41,19,34,17,38,17,12,17,15,16,7,18,14,77,127,13,16,51,9,27,7,14,13,26,7,13,10,14,24,22,15,32,12,13,10,15,19,13,17,13,18,18,14,18,14,13,11,10,52,52,69,94,72,62,27,42,10,73,85,13,52,16,15,16,23,19,20,24,18,22,21,18,16,16,18,23,24,21,19,25,22,21,28,12,6,7,22,8,4,15,12,6,9,8,12,,5,14,47,66,6,49,12,25,,29,6,17,9,12,12,6,23,8,11,5,14,17,9,3,3,3,11,,3,3,26,16,59,56,62,7,63,49,16,,28,,9,,12,9,19,,18,3,7,3,12,24,10,43,31,88,35,41,70,64,51,21,10,3,76,117,,28,18,22,70,93
20251024,15,PM2.5_24h,55,60,75,32,22,73,79,38,36,72,56,56,68,68,39,37,25,33,38,11,13,18,11,17,34,17,15,16,17,15,22,14,27,17,13,19,19,18,16,15,8,17,18,17,16,11,17,24,35,15,65,17,27,21,18,21,18,21,21,17,19,15,18,16,16,7,22,20,6,52,20,19,36,104,29,26,54,26,38,26,23,32,12,23,45,52,20,35,24,9,17,47,35,16,10,12,25,18,18,18,18,18,21,17,18,13,18,18,16,69,41,73,64,79,35,50,45,48,36,48,22,30,21,18,14,20,76,76,74,81,75,79,27,45,23,30,30,24,23,22,6,4,21,25,20,19,7,15,14,16,60,51,37,39,73,55,40,47,22,44,,,,,,,,,,,,,,,,,,,,,,,,,,,,,,37,66,16,60,40,70,54,37,50,41,40,10,60,35,32,8,32,24,46,38,28,32,49,39,40,25,31,24,31,19,31,16,32,34,16,32,24,28,28,36,27,20,14,19,35,33,22,49,22,16,12,18,19,12,16,15,22,20,19,23,21,19,22,15,73,66,67,91,86,69,58,69,14,48,67,16,55,24,16,25,32,15,24,26,28,28,27,24,26,22,20,17,21,20,17,21,25,18,24,12,5,6,17,9,4,17,8,2,8,12,16,,5,17,37,53,21,35,27,26,,24,11,9,12,16,22,20,31,16,16,12,20,20,13,7,5,3,14,,4,5,19,25,37,36,32,11,74,59,22,,23,,11,,15,22,16,13,12,11,4,12,21,25,6,43,37,89,41,56,77,80,67,29,18,6,45,132,,21,23,16,75,73
20251024,15,PM10,97,84,94,69,57,80,87,71,99,89,45,69,93,115,76,46,51,33,53,28,33,30,21,36,40,40,40,36,39,35,40,36,37,33,29,33,29,33,33,35,25,27,39,47,28,26,16,38,64,32,66,34,43,42,40,49,41,52,47,35,39,27,37,42,33,13,32,26,7,86,31,44,38,169,38,30,55,35,66,27,33,34,23,42,48,82,35,42,38,24,47,68,46,35,13,37,33,32,38,34,28,32,40,32,33,24,36,29,29,81,88,68,104,134,48,86,45,82,42,38,71,41,42,28,35,30,121,107,113,101,123,134,44,47,36,44,36,34,43,44,22,10,29,46,38,31,13,31,22,8,102,79,27,50,107,63,73,106,58,128,,,,,,,,,,,,,,,,,,,,,,,,,,,,,,36,76,18,77,38,101,118,60,43,70,17,11,65,45,19,11,48,48,63,31,40,26,53,35,36,31,22,27,26,118,223,24,28,90,29,41,16,39,37,46,28,32,31,30,44,46,30,49,25,32,27,25,30,17,28,24,31,39,32,33,41,32,30,27,69,79,98,135,110,100,40,84,28,95,146,27,83,31,28,31,39,31,39,49,22,36,34,34,25,30,33,46,42,35,23,35,36,38,44,24,9,23,29,9,14,26,24,9,13,13,14,,7,25,57,70,18,59,21,35,,39,27,30,23,40,10,11,33,18,22,18,22,20,22,6,7,8,26,,6,9,43,27,85,68,77,15,85,100,29,,35,,23,,,14,27,,,15,9,33,24,39,16,136,69,165,101,163,173,174,157,74,47,33,173,211,,36,39,34,93,
20251024,15,PM10_24h,80,101,100,67,47,76,95,56,67,100,78,73,81,93,58,58,41,53,71,29,34,38,28,41,64,34,40,38,36,32,44,34,50,35,32,34,37,35,35,33,26,35,38,38,35,25,19,42,66,34,88,30,46,34,32,35,34,37,39,27,31,24,27,28,27,12,32,33,12,79,34,27,59,186,43,43,76,49,64,38,36,70,24,45,79,90,42,60,49,20,43,72,55,33,28,35,36,33,26,32,25,24,33,29,30,24,33,35,23,107,61,79,113,116,60,88,63,72,60,69,54,51,43,35,34,35,114,86,100,109,128,89,42,55,39,54,38,37,35,35,12,5,32,40,33,29,10,25,24,24,95,63,39,36,91,104,95,75,74,167,,,,,,,,,,,,,,,,,,,,,,,,,,,,,,64,100,25,106,63,96,100,47,86,71,68,21,94,49,51,23,44,50,87,51,53,55,94,63,80,46,50,36,54,38,55,28,62,65,45,53,39,56,56,59,49,35,28,35,61,64,44,78,40,35,25,29,27,19,23,27,37,38,39,42,42,37,45,35,97,94,94,142,143,115,80,120,35,66,118,34,88,38,27,40,52,23,40,41,32,44,42,39,40,35,38,31,35,35,24,37,36,22,34,23,11,18,22,11,15,25,26,4,13,19,18,,5,25,50,55,25,43,35,37,,33,23,25,25,33,20,27,34,23,28,18,32,28,23,15,11,15,31,,9,9,26,39,53,53,42,21,98,119,34,,26,,28,,15,29,18,27,26,29,9,26,40,44,8,135,112,178,102,174,205,231,186,79,56,26,114,232,,35,44,21,103,65
20251024,15,SO2,4,11,5,13,12,9,7,7,22,6,5,6,13,12,13,10,10,7,9,6,5,6,3,7,8,5,7,8,5,9,8,8,8,8,6,4,7,8,7,6,3,2,5,4,6,6,2,7,11,6,11,9,6,7,8,7,7,7,7,6,8,6,7,7,7,4,5,4,5,2,4,10,17,12,4,8,20,7,14,9,7,9,3,9,17,8,5,9,8,7,7,9,5,9,3,6,8,7,7,8,7,7,7,6,6,3,5,7,3,7,20,9,9,15,11,50,14,17,9,12,6,4,10,6,6,4,11,7,13,12,10,11,7,9,10,6,8,7,8,8,5,7,6,25,8,5,2,5,3,5,3,4,5,5,6,6,15,12,8,8,,,,,,,,,,,,,,,,,,,,,,,,,,,,,,6,6,3,5,3,12,9,12,4,29,4,6,11,11,9,3,12,13,8,5,9,8,6,9,10,9,3,8,7,16,11,5,5,8,5,6,4,6,7,8,7,8,5,7,7,6,4,8,7,7,5,3,3,7,5,5,7,12,11,6,9,7,3,5,8,9,11,8,9,12,3,7,6,9,11,8,4,8,4,6,5,6,7,8,7,7,5,6,6,8,7,6,5,5,4,12,4,8,10,4,3,6,5,5,6,6,5,5,8,4,5,,7,14,4,10,4,19,3,4,,4,7,3,10,6,8,6,6,6,7,6,16,7,7,3,4,10,7,,6,5,6,4,5,5,145,9,13,9,11,,3,,6,,5,7,6,10,12,5,2,16,7,7,4,7,9,26,15,5,7,6,6,7,6,7,23,19,,7,9,3,11,7
20251024,15,SO2_24h,4,10,3,9,7,8,5,6,4,5,5,8,6,9,7,9,9,8,10,6,5,7,4,8,9,5,8,10,5,10,9,8,8,8,6,4,7,9,8,6,4,3,5,4,6,5,2,8,8,6,10,8,6,7,8,6,7,7,7,5,8,7,6,7,7,4,4,4,5,2,6,12,11,11,5,8,15,10,15,9,7,21,3,8,15,10,5,9,8,6,6,7,4,12,4,6,8,8,9,12,6,6,6,6,6,2,5,8,3,9,9,15,7,9,18,20,10,9,18,9,7,8,9,6,7,4,9,7,10,11,8,12,7,9,9,6,8,7,8,7,4,7,6,36,8,5,2,5,4,5,4,4,5,5,6,5,21,14,7,10,,,,,,,,,,,,,,,,,,,,,,,,,,,,,,6,6,5,6,6,9,9,10,6,19,9,6,13,11,7,6,12,13,9,7,8,8,8,16,13,10,6,7,9,12,10,5,6,7,11,5,5,6,8,8,8,8,5,7,8,8,4,9,9,6,5,4,4,7,6,5,10,14,21,6,11,7,7,6,9,9,10,8,8,11,5,7,7,8,10,8,4,9,4,6,5,6,7,7,7,6,4,7,7,8,8,5,6,4,4,15,4,7,9,3,3,6,5,6,5,6,8,5,9,3,5,,6,12,3,17,4,12,6,4,,4,6,2,11,5,5,12,7,17,7,6,12,6,7,3,4,9,7,,8,4,6,5,5,6,32,8,7,9,9,,2,,6,,4,13,5,10,11,12,2,17,8,7,4,6,11,13,8,6,10,7,6,7,4,4,10,14,,9,9,3,9,7
20251024,15,NO2,31,30,22,23,29,20,16,26,36,23,14,18,33,29,37,39,21,24,18,11,11,15,7,16,19,9,16,12,14,11,17,12,16,17,10,13,16,16,12,10,9,11,9,15,11,8,8,13,23,14,31,19,12,16,12,19,17,18,20,12,11,12,9,7,20,17,12,9,5,25,15,22,21,35,12,16,30,15,25,17,22,16,7,21,21,26,10,17,12,10,18,15,19,15,7,16,9,10,11,8,9,7,10,8,13,2,11,16,6,16,30,19,19,43,17,54,24,37,20,21,16,15,10,11,14,14,34,18,29,31,22,30,18,14,16,9,5,9,8,9,5,7,18,21,13,19,12,11,7,4,23,20,17,24,21,10,14,29,9,6,,,,,,,,,,,,,,,,,,,,,,,,,,,,,,13,18,7,17,10,19,15,25,19,39,15,10,10,13,8,6,12,13,22,14,17,16,12,16,14,9,10,16,8,21,20,8,16,14,11,24,6,12,13,18,7,8,4,6,13,14,10,13,15,11,8,9,6,4,7,3,10,10,6,9,11,5,5,9,18,23,27,25,16,19,17,15,6,19,25,10,15,12,12,10,12,4,11,13,14,10,8,8,10,8,2,7,10,7,6,14,8,10,8,3,18,9,17,16,20,10,19,11,3,10,7,,8,8,9,10,8,19,6,10,,8,9,10,12,7,4,4,7,10,7,9,8,14,11,2,1,2,19,,1,2,8,13,12,21,24,11,16,14,10,,13,,5,,6,4,5,4,5,3,17,2,10,14,8,16,15,26,23,20,5,12,16,11,6,18,26,27,,11,13,10,23,25
20251024,15,NO2_24h,37,56,34,36,40,38,41,26,35,37,46,49,34,44,40,43,22,42,48,17,19,26,14,25,33,17,28,24,22,17,28,18,27,24,17,18,24,24,22,12,8,28,22,18,23,10,10,17,39,20,38,21,17,18,13,19,20,23,23,14,11,15,16,10,18,17,11,23,10,31,23,26,39,51,16,24,50,36,34,20,31,48,9,25,52,40,30,35,19,10,33,33,23,18,12,25,10,15,14,13,10,8,8,13,13,2,16,17,12,34,31,25,33,38,43,47,33,40,37,36,22,31,24,25,21,20,38,37,38,32,29,28,20,20,20,10,9,9,9,10,6,11,16,19,14,16,12,11,7,11,28,23,25,27,28,23,31,35,22,27,,,,,,,,,,,,,,,,,,,,,,,,,,,,,,19,27,11,21,26,37,17,29,41,40,47,14,37,40,28,26,14,35,42,36,36,38,33,30,26,32,41,24,26,17,24,16,38,27,28,31,17,25,28,28,26,13,7,14,28,25,22,23,30,19,8,12,12,6,12,7,16,13,19,10,16,10,7,17,33,33,43,33,25,21,31,23,13,21,28,17,17,18,13,23,19,8,16,13,17,17,8,10,12,12,4,8,13,8,8,20,10,7,8,8,14,9,14,14,13,11,25,14,15,10,14,,10,7,9,11,9,12,8,10,,7,7,8,11,10,6,14,8,13,9,9,14,13,10,6,5,7,16,,11,2,11,32,12,25,29,13,33,31,20,,12,,7,,9,16,9,4,14,4,11,4,24,24,12,39,48,50,25,34,20,50,37,21,16,14,35,62,,17,16,9,46,29
20251024,15,O3,54,66,70,64,56,97,85,51,40,85,91,87,78,85,48,63,91,71,85,104,107,109,98,90,97,105,100,104,104,96,89,103,101,107,106,92,108,120,113,99,99,89,99,77,106,107,91,120,94,90,74,121,123,98,102,143,101,130,121,96,91,89,82,96,48,26,74,86,107,44,79,76,72,100,126,130,64,93,83,75,74,89,96,85,103,84,99,111,101,97,99,101,87,102,92,97,100,91,94,90,95,79,96,111,98,74,81,83,77,119,49,92,88,26,80,61,85,78,81,86,73,88,73,113,111,122,58,97,72,62,89,68,115,123,132,120,120,108,101,98,83,37,32,56,61,36,28,41,53,64,52,59,63,58,67,94,99,79,80,102,,,,,,,,,,,,,,,,,,,,,,,,,,,,,,111,129,85,81,91,106,92,71,67,72,89,57,104,104,78,80,102,89,75,86,91,77,95,86,86,90,81,87,86,93,112,79,71,85,72,70,71,112,105,100,112,123,102,113,120,104,113,98,109,108,103,91,93,85,99,94,121,123,120,112,128,123,120,121,96,89,94,88,120,99,82,127,113,87,76,118,121,121,125,112,88,86,109,135,128,99,115,111,122,111,108,94,94,104,97,57,107,66,106,55,39,37,39,31,25,53,28,36,42,49,54,,58,73,56,79,114,47,61,86,,72,73,64,57,72,58,53,48,45,54,50,79,42,82,93,106,111,90,,101,86,76,68,92,89,76,55,92,100,42,,58,,37,,78,93,91,72,92,92,85,94,65,55,39,79,76,140,83,79,102,89,104,81,90,79,97,121,,91,121,50,91,53
20251024,15,O3_24h,,,,,,,,,,,,,,,,,,,,,,,,,,,,,,,,,,,,,,,,,,,,,,,,,,,,,,,,,,,,,,,,,,,,,,,,,,,,,,,,,,,,,,,,,,,,,,,,,,,,,,,,,,,,,,,,,,,,,,,,,,,,,,,,,,,,,,,,,,,,,,,,,,,,,,,,,,,,,,,,,,,,,,,,,,,,,,,,,,,,,,,,,,,,,,,,,,,,,,,,,,,,,,,,,,,,,,,,,,,,,,,,,,,,,,,,,,,,,,,,,,,,,,,,,,,,,,,,,,,,,,,,,,,,,,,,,,,,,,,,,,,,,,,,,,,,,,,,,,,,,,,,,,,,,,,,,,,,,,,,,,,,,,,,,,,,,,,,,,,,,,,,,,,,,,,,,,,,,,,,,,,,,,,,,,,,,,,
20251024,15,O3_8h,27,28,32,30,52,56,39,34,18,42,60,43,48,36,35,51,71,50,57,90,76,82,82,71,73,78,76,79,76,73,69,80,73,84,77,81,83,89,83,87,91,71,82,62,79,82,82,89,60,75,46,87,86,87,80,91,80,90,90,83,78,78,64,62,39,37,67,45,90,32,36,49,34,55,87,85,28,46,50,64,56,56,86,70,75,56,65,72,81,90,69,58,72,83,83,69,85,64,63,69,73,69,87,81,84,61,60,70,46,70,26,73,53,12,38,43,70,51,57,60,51,57,58,88,86,98,38,57,39,48,57,73,88,96,92,100,98,102,74,80,71,30,29,37,31,37,30,27,53,50,46,53,51,48,58,64,57,39,52,75,,,,,,,,,,,,,,,,,,,,,,,,,,,,,,82,68,69,75,48,46,84,40,36,32,70,57,60,42,54,59,76,61,45,57,50,54,65,59,62,71,56,59,65,70,67,54,51,59,50,55,47,78,74,80,85,91,75,82,91,74,78,66,85,84,89,75,74,80,77,78,100,98,93,92,98,97,95,95,59,61,47,49,68,63,58,79,89,45,48,91,102,88,99,78,72,78,93,112,98,76,101,98,102,101,88,67,72,84,78,42,93,61,84,39,39,25,36,35,40,24,15,39,28,36,35,,40,63,41,58,108,26,44,80,,67,53,44,57,54,41,46,40,34,36,49,42,25,69,71,85,83,92,,73,84,67,40,89,68,68,50,44,47,25,,59,,31,,58,56,66,58,62,70,70,78,34,22,25,44,40,59,41,46,74,30,61,49,46,90,51,38,,49,86,40,45,43
20251024,15,O3_8h_24h,27,28,32,30,52,56,39,34,18,42,60,43,48,36,31,53,71,50,57,90,76,82,82,71,73,78,76,79,76,73,69,80,73,84,77,81,83,89,83,87,91,71,82,62,79,80,82,89,60,75,46,87,86,87,80,91,80,90,90,83,78,78,64,62,36,23,65,45,88,34,36,49,34,55,87,89,28,45,50,64,56,56,86,69,75,56,65,72,81,90,69,58,72,83,83,69,85,68,63,69,73,69,87,81,84,61,60,70,46,70,26,73,53,12,38,43,70,51,57,60,51,57,58,88,86,98,38,57,39,48,57,60,88,96,92,100,98,102,74,80,71,30,27,31,31,34,28,27,51,50,46,53,51,48,58,64,56,39,48,70,,,,,,,,,,,,,,,,,,,,,,,,,,,,,,82,68,69,75,48,46,78,40,36,32,70,57,60,42,54,59,73,61,45,57,50,54,65,59,62,71,56,59,65,70,67,54,51,59,50,55,47,78,74,80,85,91,75,82,91,74,78,66,85,84,89,82,75,80,77,78,100,98,93,92,98,97,95,95,59,61,47,49,68,62,58,79,89,45,48,91,102,88,99,78,72,78,93,112,98,76,101,98,102,101,88,72,72,84,78,42,93,57,84,39,39,25,36,30,29,23,15,38,28,36,34,,40,63,41,58,108,26,44,80,,65,53,44,54,54,41,46,40,34,36,45,42,25,69,67,77,83,83,,73,84,67,40,89,68,54,49,44,47,25,,62,,31,,58,56,66,58,62,70,66,78,34,22,25,44,40,59,41,46,74,30,61,49,46,76,51,38,,49,86,40,45,43
20251024,15,CO,0.60,0.71,0.53,0.97,0.60,0.58,0.51,0.68,0.97,0.50,0.48,0.53,0.58,1.05,0.63,0.62,0.64,0.30,0.41,0.43,0.46,0.47,0.34,0.49,0.38,0.32,0.51,0.46,0.48,0.47,0.48,0.54,0.57,0.42,0.37,0.32,0.39,0.40,0.40,0.35,0.50,0.37,0.40,0.40,0.39,0.42,0.30,0.47,0.86,0.29,0.59,0.63,0.37,0.49,0.60,0.40,0.59,0.40,0.47,0.48,0.57,0.38,0.49,0.33,0.46,0.47,0.41,0.42,0.23,0.75,0.55,0.63,0.62,0.82,0.40,0.60,1.07,0.46,0.80,0.43,0.30,0.45,0.33,0.40,0.70,0.65,0.38,0.37,0.40,0.33,0.38,0.28,0.60,0.68,0.22,0.35,0.50,0.57,0.50,0.50,0.50,0.60,0.65,0.47,0.50,0.20,0.48,0.40,0.40,0.35,0.86,0.82,0.90,1.63,0.46,2.78,1.07,1.64,0.54,0.48,0.54,0.26,0.36,0.43,0.43,0.53,0.69,0.50,0.83,0.67,0.66,0.60,0.38,0.43,0.68,0.38,0.30,0.37,0.43,0.46,0.50,0.36,0.56,1.08,0.50,0.43,0.63,0.30,0.52,0.25,0.72,0.85,0.70,0.80,0.65,0.60,0.80,1.10,0.30,0.53,,,,,,,,,,,,,,,,,,,,,,,,,,,,,,0.30,0.50,0.33,0.56,0.32,0.93,0.60,0.93,0.47,1.13,0.35,0.60,0.60,0.43,0.40,0.20,0.75,0.38,0.45,0.47,0.68,0.35,0.30,0.50,0.70,0.35,0.25,0.47,0.43,0.67,0.57,0.43,0.40,0.63,0.35,0.35,0.25,0.33,0.26,0.43,0.30,0.35,0.35,0.25,0.26,0.30,0.23,0.33,0.43,0.23,0.53,0.45,0.53,0.33,0.40,0.63,0.38,0.33,0.30,0.60,0.43,0.34,0.53,0.37,0.56,0.65,0.67,0.63,0.54,0.60,0.45,0.40,0.35,0.70,0.52,0.37,0.40,0.40,0.40,0.20,0.57,0.43,0.67,0.70,0.60,0.37,0.30,0.15,0.55,0.20,0.50,0.40,0.55,0.47,0.33,0.50,0.47,0.60,0.55,0.50,0.63,0.33,0.40,0.55,0.50,0.47,0.35,0.65,0.60,0.43,0.70,,0.90,0.77,0.50,0.50,0.35,0.70,0.45,0.50,,0.50,0.55,0.60,0.60,0.40,0.45,0.60,0.30,0.45,0.50,0.55,0.40,0.50,0.45,0.25,0.30,0.30,0.50,,0.20,0.40,0.40,0.57,0.50,0.55,0.85,0.85,0.60,0.55,0.60,,0.50,,0.75,,0.45,0.60,0.50,0.40,0.70,0.30,0.50,0.30,0.40,0.45,0.53,0.85,0.50,0.95,0.45,0.50,0.20,0.25,0.40,0.45,0.30,0.20,0.65,1.00,,0.40,0.30,0.45,0.58,0.60
20251024,15,CO_24h,0.70,0.94,0.68,0.80,0.38,0.62,0.56,0.64,0.67,0.67,0.68,0.55,0.53,1.06,0.68,0.66,0.52,0.50,0.77,0.45,0.45,0.69,0.41,0.67,0.45,0.34,0.63,0.55,0.46,0.43,0.60,0.50,0.65,0.48,0.42,0.32,0.50,0.47,0.65,0.40,0.50,0.47,0.33,0.33,0.40,0.38,0.40,0.50,0.69,0.31,0.66,0.40,0.40,0.43,0.57,0.38,0.53,0.43,0.47,0.48,0.51,0.38,0.49,0.34,0.43,0.49,0.39,0.52,0.25,0.68,0.70,0.60,0.74,0.98,0.53,0.70,1.32,0.62,0.92,0.50,0.40,0.70,0.35,0.44,0.80,0.73,0.50,0.52,0.45,0.28,0.48,0.34,0.52,0.96,0.36,0.43,0.47,0.59,0.53,0.56,0.47,0.57,0.60,0.47,0.53,0.10,0.52,0.40,0.43,0.50,0.95,1.05,0.85,1.12,0.70,1.24,0.73,0.95,0.86,0.83,0.50,0.44,0.55,0.57,0.53,0.47,0.69,0.64,0.72,0.83,0.60,0.50,0.43,0.47,0.68,0.42,0.30,0.40,0.38,0.41,0.50,0.42,0.62,0.98,0.50,0.43,0.65,0.35,0.48,0.43,0.67,0.95,0.83,0.62,0.70,0.80,0.87,0.84,0.52,0.73,,,,,,,,,,,,,,,,,,,,,,,,,,,,,,0.40,0.60,0.37,0.66,0.63,1.10,0.58,0.90,0.93,1.00,0.73,0.60,0.85,0.85,0.80,0.30,0.75,1.26,0.78,0.60,0.65,0.45,0.70,0.75,0.65,0.45,0.45,0.57,0.63,0.60,0.50,0.50,0.65,0.67,0.55,0.45,0.40,0.35,0.32,0.50,0.63,0.32,0.35,0.25,0.28,0.35,0.30,0.50,0.65,0.33,0.53,0.43,0.50,0.37,0.45,0.63,0.57,0.42,0.38,0.56,0.50,0.40,0.57,0.33,0.92,0.83,0.73,0.63,0.62,0.63,0.63,0.47,0.38,0.70,0.52,0.40,0.40,0.40,0.40,0.20,0.63,0.47,0.72,0.60,0.60,0.47,0.30,0.15,0.55,0.25,0.43,0.37,0.60,0.47,0.40,0.53,0.43,0.60,0.50,0.50,0.60,0.40,0.42,0.58,0.50,0.50,0.38,0.65,0.65,0.45,0.70,,0.90,0.63,0.53,0.47,0.35,0.60,0.55,0.45,,0.55,0.60,0.60,0.60,0.40,0.75,0.75,0.30,0.45,0.55,0.70,0.60,0.50,0.45,0.30,0.30,0.35,0.40,,0.30,0.35,0.53,0.77,0.50,0.50,0.85,0.55,0.90,0.75,0.60,,0.45,,0.80,,0.40,0.80,0.50,0.40,0.60,0.40,0.30,0.40,0.60,0.55,0.57,0.95,0.50,1.00,0.45,0.70,0.30,0.80,0.85,0.60,0.60,0.10,0.50,1.25,,0.40,0.20,0.45,0.70,0.57
20251024,16,AQI,101,69,99,69,56,100,113,64,84,99,51,70,98,101,64,50,59,34,52,32,39,33,31,33,45,45,36,37,41,36,39,39,38,35,33,31,34,38,34,40,30,32,43,47,33,33,26,46,58,37,85,37,40,41,42,51,44,47,50,37,41,28,40,39,34,14,37,32,33,75,26,29,34,123,40,43,58,33,58,25,39,31,32,44,52,66,37,47,38,32,50,66,47,36,28,36,32,35,37,32,29,30,43,35,33,37,35,35,30,74,80,76,104,114,41,70,45,71,46,47,57,49,38,36,40,38,115,88,99,109,119,135,45,47,42,44,38,35,42,46,27,12,29,36,44,27,13,32,24,22,85,79,24,65,109,51,66,74,55,91,,,,,,,,,,,,,,,,,,,,,,,,,,,,,,37,70,25,67,37,113,83,63,40,58,33,19,56,47,29,24,58,48,54,29,53,30,52,29,35,35,25,24,27,138,309,29,29,131,37,59,24,38,41,51,36,40,33,36,51,45,35,51,35,35,32,28,33,26,32,30,38,39,34,37,41,38,39,38,75,83,93,125,106,78,51,65,35,98,106,38,78,38,39,37,36,30,40,46,40,34,37,35,39,34,34,47,40,39,31,45,40,39,47,25,13,26,35,11,18,25,27,11,14,17,20,,18,28,69,99,35,64,28,35,,41,41,34,24,39,19,15,49,17,22,20,28,41,23,50,33,34,31,,31,27,39,26,79,73,55,22,76,69,35,,39,,24,,23,31,30,216,30,28,31,36,23,33,15,88,67,128,77,105,109,106,96,55,65,35,112,145,,34,46,38,101,119
20251024,16,PM2.5,76,50,74,50,36,75,85,46,62,74,35,51,73,76,46,35,42,20,32,10,14,10,5,13,21,17,11,15,19,16,19,17,19,17,11,20,15,15,14,28,9,16,19,24,12,10,11,21,40,15,63,18,18,24,24,32,24,30,28,26,27,17,22,18,21,10,25,17,5,55,15,20,16,93,22,23,41,19,41,13,18,20,13,21,31,46,14,24,21,14,20,48,33,16,3,11,22,19,24,15,20,20,30,20,19,15,19,20,14,54,59,56,78,86,27,51,25,52,21,33,37,34,11,21,14,13,87,65,74,82,90,103,28,33,19,26,24,19,26,25,13,8,20,22,27,18,6,20,15,5,63,58,17,47,82,30,37,54,16,38,,,,,,,,,,,,,,,,,,,,,,,,,,,,,,14,36,17,44,18,85,61,45,20,39,17,8,36,33,20,5,41,24,33,18,37,20,18,11,9,16,10,17,18,105,259,16,16,100,15,42,10,16,16,26,16,13,16,14,27,20,14,33,12,14,11,15,19,14,19,12,16,20,11,21,13,15,15,12,55,61,69,95,80,57,30,37,12,73,80,15,57,16,19,16,21,20,20,22,22,19,22,18,20,16,18,24,22,24,20,24,23,22,30,12,5,7,22,8,3,15,13,8,10,12,14,,3,16,50,74,15,46,14,24,,29,12,12,13,13,13,7,29,12,9,6,12,29,10,3,3,3,10,,3,3,26,18,58,53,27,7,56,36,19,,27,,9,,14,6,18,166,18,3,9,14,12,22,10,42,28,97,36,40,65,65,44,17,11,11,76,111,,24,22,23,76,90
20251024,16,PM2.5_24h,57,60,76,33,23,74,80,39,37,72,56,57,69,68,42,38,27,33,39,11,14,18,11,18,35,17,15,17,17,16,22,15,28,17,13,19,19,18,16,15,9,17,18,18,16,11,17,25,36,16,65,17,27,21,18,21,19,22,22,17,19,16,18,16,17,7,22,20,6,52,20,20,35,104,29,26,53,26,39,26,24,33,12,23,45,53,19,34,25,9,17,48,36,17,10,12,25,18,18,18,18,18,22,18,18,13,18,18,16,68,42,73,66,80,35,52,45,49,37,48,23,31,21,18,14,20,78,76,74,82,76,81,28,45,23,31,30,24,23,22,6,4,21,26,21,18,7,15,14,16,60,51,36,39,74,55,41,48,22,44,,,,,,,,,,,,,,,,,,,,,,,,,,,,,,37,65,16,60,39,72,55,37,50,41,41,10,60,36,32,8,32,25,47,38,30,32,49,38,39,25,31,24,31,23,41,16,33,37,16,33,24,28,27,36,26,20,14,19,35,33,22,50,22,16,12,19,19,12,16,15,22,20,19,23,21,19,22,15,73,66,68,92,87,70,58,69,15,50,69,16,56,24,16,25,32,15,25,26,28,28,27,24,26,22,20,17,21,20,17,22,26,18,24,12,5,6,17,9,3,16,9,3,8,12,16,,5,17,39,54,21,36,27,26,,24,11,9,12,16,22,19,31,16,16,12,20,21,13,7,5,3,14,,4,5,19,25,38,37,32,11,74,59,22,,23,,11,,15,22,17,20,13,11,5,12,21,25,6,44,38,90,41,56,76,79,67,28,18,6,47,133,,21,23,17,76,75
20251024,16,PM10,98,84,102,72,61,78,101,67,99,96,51,70,84,106,68,46,58,34,53,29,39,28,24,33,45,45,36,37,41,36,39,39,38,35,31,31,31,34,33,39,27,32,43,47,30,28,17,46,65,37,70,31,40,41,42,51,44,47,50,37,41,28,40,39,34,11,37,32,9,78,25,29,34,174,40,37,53,33,64,25,39,31,32,44,54,82,37,47,38,27,50,66,46,36,12,36,32,35,37,32,27,30,42,35,33,37,35,35,30,85,83,70,111,125,41,85,45,84,46,46,64,45,38,33,40,33,128,80,102,107,131,126,45,44,35,44,37,35,42,46,26,12,28,36,44,27,13,32,24,7,96,74,22,35,97,51,81,89,59,132,,,,,,,,,,,,,,,,,,,,,,,,,,,,,,37,89,25,83,37,112,113,62,40,65,33,13,61,44,24,10,50,48,58,29,43,30,53,29,35,35,24,24,27,128,316,29,29,87,37,67,24,38,41,51,35,36,31,32,51,45,34,51,26,33,31,28,33,17,29,23,33,39,27,37,37,33,36,29,76,89,98,141,119,92,51,79,29,98,139,26,82,25,31,33,36,30,40,46,28,34,37,34,35,29,34,47,40,39,28,45,40,39,47,25,11,26,35,9,18,25,27,10,13,11,16,,12,28,58,78,24,55,28,35,,39,41,34,24,39,15,8,49,17,22,20,28,32,21,50,8,6,17,,6,8,39,26,82,67,59,22,77,87,35,,34,,24,,16,18,19,,,17,12,36,23,33,15,125,84,181,103,159,167,161,142,59,79,35,174,198,,31,46,38,100,
20251024,16,PM10_24h,81,102,101,68,48,76,96,57,69,101,78,73,81,93,63,59,42,53,73,29,34,38,28,42,64,35,40,39,37,33,44,35,51,35,32,34,37,36,35,33,26,35,38,38,36,25,18,42,66,35,88,31,46,35,33,36,35,38,40,28,31,25,27,29,28,12,32,34,12,80,34,28,58,187,43,43,75,49,65,38,37,70,24,45,79,91,42,60,50,20,44,73,55,34,28,35,36,32,27,32,26,24,33,29,30,25,33,35,24,106,63,79,115,117,60,90,63,74,61,70,56,51,43,35,35,35,115,86,100,109,130,91,43,56,38,54,39,37,35,36,12,5,33,41,34,29,10,25,24,24,96,64,39,36,92,102,96,76,73,166,,,,,,,,,,,,,,,,,,,,,,,,,,,,,,64,102,25,106,62,97,101,46,86,71,68,21,94,49,51,22,45,51,88,52,54,55,94,63,79,47,49,36,55,43,65,28,62,67,45,55,39,56,57,59,48,35,28,36,62,65,44,79,40,35,25,29,28,19,23,27,38,38,39,42,42,37,45,34,97,93,93,144,145,116,80,120,35,67,122,34,89,37,27,40,52,24,41,41,32,44,42,39,41,35,38,31,35,35,25,37,37,23,34,24,11,18,22,11,15,24,26,5,13,18,18,,5,25,51,56,25,44,35,37,,33,24,26,24,33,20,26,35,23,29,18,32,28,22,17,11,14,30,,9,9,27,39,55,53,43,20,99,119,33,,26,,27,,15,29,18,27,26,28,9,26,39,43,8,136,113,178,102,174,203,229,187,78,57,26,117,234,,35,44,20,104,66
20251024,16,SO2,4,10,5,12,12,9,7,7,22,6,5,6,10,10,12,10,10,7,8,6,5,6,3,7,9,5,7,8,4,9,8,8,8,8,6,4,7,8,8,6,3,2,5,4,6,5,2,8,10,6,11,7,6,7,8,7,8,7,7,6,8,6,7,7,7,4,5,4,5,2,3,9,12,13,4,8,22,7,16,9,7,9,4,8,15,8,5,8,8,7,7,9,5,7,3,7,8,8,8,8,7,6,6,6,6,3,4,7,3,7,17,9,9,13,9,45,12,15,9,13,6,5,9,6,6,4,10,7,13,11,10,10,7,9,9,6,8,7,8,8,4,7,6,19,8,6,2,5,3,4,3,4,4,5,5,5,12,10,4,8,,,,,,,,,,,,,,,,,,,,,,,,,,,,,,6,5,5,6,3,12,8,11,4,24,4,6,10,11,9,3,12,18,7,6,8,8,9,9,10,10,3,8,7,18,14,5,5,8,6,6,4,6,7,9,7,7,5,7,7,6,3,7,7,7,5,3,3,6,6,5,7,11,7,6,8,7,3,5,7,9,11,9,9,12,3,7,6,8,11,8,4,9,4,7,5,7,7,8,6,7,5,6,7,8,8,6,5,5,4,18,4,7,10,4,3,8,5,5,6,6,5,5,7,4,5,,7,15,4,14,4,14,3,3,,4,7,3,10,5,9,7,3,6,7,6,9,7,7,3,5,10,7,,7,5,5,3,5,4,56,9,11,6,10,,3,,6,,6,6,7,10,13,3,2,18,9,6,4,8,11,25,9,5,7,7,4,7,4,7,29,19,,11,9,3,11,7
20251024,16,SO2_24h,4,10,3,10,8,8,5,7,5,4,5,8,6,9,7,9,9,8,10,6,5,7,4,8,9,5,8,10,6,10,9,8,8,8,6,4,7,9,8,6,4,3,5,4,6,5,2,8,8,6,10,8,6,7,8,7,7,7,7,5,8,7,6,7,7,4,4,4,5,2,6,12,10,11,5,8,14,10,15,10,7,21,3,8,15,10,5,9,8,6,6,7,4,12,4,6,8,8,9,12,7,6,6,6,6,2,5,8,3,8,9,15,7,9,17,21,10,10,18,9,7,8,9,6,7,4,9,7,10,11,8,12,7,9,9,6,8,7,8,7,4,7,6,37,8,5,2,5,4,6,3,4,5,5,6,5,21,14,7,10,,,,,,,,,,,,,,,,,,,,,,,,,,,,,,6,6,5,6,6,9,9,10,7,19,9,6,13,11,7,5,12,14,9,7,8,8,8,16,13,10,6,7,9,12,10,5,6,7,11,5,6,6,8,8,8,8,5,7,8,8,4,9,9,7,5,4,4,7,6,5,10,14,21,6,11,7,7,6,9,9,10,8,8,12,5,7,7,8,10,8,4,9,4,6,5,6,7,7,7,6,4,7,7,8,8,5,6,4,4,15,4,7,9,3,3,6,5,6,5,6,8,5,9,3,5,,6,12,4,17,4,12,6,4,,4,6,2,11,5,5,12,7,17,7,6,11,6,7,3,4,9,7,,8,4,6,5,5,6,34,8,8,9,10,,2,,6,,4,13,5,10,11,12,2,17,8,6,4,6,10,13,8,5,10,7,6,7,4,4,11,14,,8,9,3,9,7
20251024,16,NO2,33,31,27,24,30,23,18,26,32,24,17,20,25,25,32,46,21,25,21,11,12,16,8,17,21,10,16,13,14,11,16,13,18,19,12,13,18,17,14,11,9,14,11,16,13,8,10,14,24,15,34,19,12,18,14,20,20,20,23,15,13,13,10,8,21,18,12,10,6,24,12,20,18,33,12,18,32,16,30,16,23,17,12,21,23,25,11,19,13,12,19,17,20,16,7,17,9,11,12,8,10,10,9,10,13,2,10,14,6,16,36,22,20,46,18,57,26,40,21,28,17,18,11,13,15,15,37,19,27,33,23,31,17,16,17,10,5,8,9,9,6,7,16,16,16,17,11,10,8,4,25,20,21,25,22,9,15,24,7,8,,,,,,,,,,,,,,,,,,,,,,,,,,,,,,14,18,12,18,11,30,17,25,20,26,14,9,12,15,13,8,13,15,23,15,18,17,16,14,13,11,12,26,10,32,36,11,15,28,14,31,8,11,15,19,7,9,5,6,18,14,11,13,16,13,8,12,7,5,11,3,10,10,6,10,10,6,6,9,20,25,29,25,20,17,19,14,6,18,26,11,17,11,12,11,13,5,12,13,15,10,8,8,11,8,2,9,10,8,6,16,10,10,8,4,17,9,16,17,20,10,18,12,3,9,6,,8,10,11,11,8,14,6,10,,7,11,9,13,6,5,4,6,13,6,7,7,14,14,2,2,3,11,,2,1,8,13,14,18,22,13,16,13,15,,12,,6,,10,2,4,8,3,2,8,3,11,12,9,13,13,32,20,11,4,10,12,10,7,17,28,25,,7,14,11,24,25
20251024,16,NO2_24h,37,55,35,37,41,38,40,26,35,36,46,48,33,44,44,44,22,42,48,17,19,26,14,25,33,17,28,24,22,17,28,18,27,24,17,18,24,24,23,12,8,28,22,18,23,10,10,17,38,20,38,21,17,18,13,19,20,23,24,14,11,15,16,10,18,17,11,22,10,31,23,26,39,52,16,24,51,36,35,20,31,48,9,25,51,40,29,35,19,11,34,33,23,18,12,25,10,15,14,13,10,8,9,13,13,2,16,17,12,34,31,25,33,39,43,49,34,41,38,37,22,31,25,25,22,20,38,36,38,33,29,29,20,20,20,10,9,9,10,10,6,11,16,19,14,17,12,11,7,11,28,22,25,27,29,23,31,35,22,27,,,,,,,,,,,,,,,,,,,,,,,,,,,,,,19,27,11,21,26,37,18,29,42,39,47,14,37,40,28,25,14,35,41,36,37,38,33,30,26,33,41,25,26,18,26,16,38,27,28,32,17,25,28,27,26,13,7,14,28,25,22,23,30,19,8,12,12,6,12,7,16,13,19,11,16,10,8,17,32,33,43,33,25,21,31,23,13,21,29,17,17,18,13,23,19,7,16,13,17,17,8,10,13,12,4,8,13,8,8,20,10,7,8,8,14,9,14,14,13,11,26,14,15,10,14,,10,7,9,11,9,12,8,11,,7,7,8,12,10,6,14,9,13,9,9,13,13,10,6,5,7,16,,11,2,10,32,12,25,29,13,33,31,20,,12,,7,,9,16,9,4,14,4,11,4,23,24,11,39,48,51,25,33,20,50,37,20,16,14,36,62,,17,16,9,46,29
20251024,16,O3,53,67,67,65,57,96,89,52,43,90,93,85,88,91,64,54,94,72,79,103,108,107,99,91,96,105,97,98,105,98,93,104,102,108,107,90,108,123,109,97,97,87,97,78,107,106,83,123,93,90,70,117,125,95,98,144,98,124,119,94,89,88,82,101,45,23,76,88,107,46,83,83,80,116,129,136,67,91,80,76,72,90,103,87,104,88,99,109,101,101,100,102,88,103,90,100,99,88,90,90,90,76,94,112,98,74,82,83,72,117,46,86,90,28,79,56,83,74,78,80,69,83,72,116,115,123,58,96,80,61,94,64,116,121,135,127,121,106,102,97,86,39,35,68,49,38,30,37,56,69,54,60,60,55,71,94,103,87,84,109,,,,,,,,,,,,,,,,,,,,,,,,,,,,,,110,129,73,78,91,84,88,73,66,91,89,61,105,100,70,78,106,91,74,83,91,80,95,86,86,87,79,73,83,78,113,75,69,75,69,70,70,116,107,98,114,127,106,115,117,107,112,105,111,111,103,88,93,84,103,95,122,126,110,117,130,123,124,120,94,89,92,93,111,106,80,128,113,87,78,120,116,121,124,119,87,84,110,131,128,102,117,112,124,110,104,96,95,108,100,57,103,67,107,53,41,38,40,29,24,47,35,32,45,52,57,,57,70,55,81,111,50,62,84,,76,72,57,53,69,54,49,45,44,68,58,77,42,73,94,104,108,100,,99,87,77,68,90,93,66,52,102,107,38,,61,,36,,73,98,95,72,95,90,98,96,68,65,44,90,83,143,89,90,104,95,103,90,95,80,92,131,,103,125,52,91,54
20251024,16,O3_24h,,,,,,,,,,,,,,,,,,,,,,,,,,,,,,,,,,,,,,,,,,,,,,,,,,,,,,,,,,,,,,,,,,,,,,,,,,,,,,,,,,,,,,,,,,,,,,,,,,,,,,,,,,,,,,,,,,,,,,,,,,,,,,,,,,,,,,,,,,,,,,,,,,,,,,,,,,,,,,,,,,,,,,,,,,,,,,,,,,,,,,,,,,,,,,,,,,,,,,,,,,,,,,,,,,,,,,,,,,,,,,,,,,,,,,,,,,,,,,,,,,,,,,,,,,,,,,,,,,,,,,,,,,,,,,,,,,,,,,,,,,,,,,,,,,,,,,,,,,,,,,,,,,,,,,,,,,,,,,,,,,,,,,,,,,,,,,,,,,,,,,,,,,,,,,,,,,,,,,,,,,,,,,,,,,,,,,,
20251024,16,O3_8h,34,36,37,37,57,67,50,39,23,53,70,53,58,47,39,55,75,59,66,95,85,90,89,76,78,87,85,88,86,82,77,88,80,91,84,85,91,98,91,91,93,77,90,66,87,87,84,97,70,81,53,94,96,90,85,102,85,98,98,86,81,82,69,69,41,37,67,55,94,35,45,57,44,66,97,95,36,55,59,68,63,66,89,71,88,66,76,85,85,93,79,68,78,89,87,79,90,70,70,75,78,70,89,88,87,64,65,76,55,83,31,80,62,15,47,49,79,59,65,69,55,66,64,96,96,106,44,68,48,53,65,73,98,103,102,105,107,103,80,84,74,32,30,38,34,37,30,31,53,55,48,56,55,52,60,74,67,49,56,79,,,,,,,,,,,,,,,,,,,,,,,,,,,,,,89,83,72,77,59,57,85,48,44,43,78,58,71,54,62,67,79,71,54,67,59,63,75,70,72,77,64,66,72,75,77,62,60,66,55,62,54,88,83,85,95,100,86,91,100,81,87,76,95,93,92,77,77,82,85,84,106,105,102,97,107,105,103,103,69,70,58,59,79,71,66,93,97,53,54,98,106,96,106,91,78,81,98,116,106,82,105,102,109,106,93,70,77,89,83,45,96,61,90,43,40,28,38,35,40,28,18,39,32,38,39,,44,65,44,64,110,30,48,82,,65,58,47,57,61,46,50,43,38,43,49,52,29,74,73,85,89,92,,78,85,70,50,90,75,72,51,57,59,28,,59,,32,,63,66,74,61,72,75,71,81,42,30,29,46,49,73,49,50,79,41,67,55,56,90,59,54,,60,95,42,55,45
20251024,16,O3_8h_24h,34,36,40,37,57,67,50,39,23,53,70,53,58,47,39,58,75,59,66,95,85,90,89,76,78,87,85,88,86,82,77,88,80,91,84,85,91,98,91,91,93,77,90,66,87,86,84,97,70,81,53,94,96,89,85,102,85,98,98,86,81,82,69,69,39,23,66,55,93,37,45,57,44,66,97,101,36,55,59,68,63,66,89,71,88,66,76,85,85,93,79,68,78,89,87,79,90,74,70,75,78,70,89,88,87,64,65,76,55,83,31,80,62,15,47,49,79,59,65,69,55,66,64,96,96,106,44,68,48,53,65,59,98,103,102,105,107,103,80,84,74,32,29,38,34,34,28,31,52,55,48,56,55,52,60,74,67,49,53,76,,,,,,,,,,,,,,,,,,,,,,,,,,,,,,89,83,72,77,59,57,81,48,44,43,78,58,71,54,62,67,77,71,54,67,59,63,75,70,72,77,64,66,72,75,77,62,60,66,55,62,54,88,83,85,95,100,86,91,100,81,87,76,95,93,92,85,80,82,85,84,106,105,102,97,107,105,103,103,69,70,58,59,79,71,66,93,97,53,54,98,106,96,106,91,78,81,98,116,106,82,105,102,109,106,93,77,77,89,83,45,96,58,90,43,39,28,38,30,27,28,18,36,32,38,39,,44,65,44,64,110,30,48,82,,66,58,47,55,61,46,50,43,38,43,47,52,29,74,70,82,89,86,,78,85,70,50,90,75,59,51,57,59,28,,62,,32,,63,66,74,61,72,75,71,81,42,30,29,46,49,73,49,50,79,41,67,55,56,76,59,54,,60,95,42,55,45
20251024,16,CO,0.61,0.72,0.60,0.90,0.57,0.67,0.49,0.68,1.00,0.53,0.48,0.53,0.53,0.88,0.54,0.61,0.69,0.30,0.42,0.42,0.45,0.48,0.37,0.47,0.38,0.32,0.45,0.48,0.48,0.47,0.46,0.56,0.57,0.43,0.36,0.32,0.39,0.40,0.40,0.35,0.50,0.37,0.40,0.40,0.41,0.40,0.30,0.49,0.79,0.31,0.60,0.47,0.37,0.47,0.61,0.42,0.60,0.40,0.47,0.50,0.59,0.40,0.49,0.33,0.47,0.48,0.41,0.46,0.23,0.73,0.50,0.57,0.50,0.80,0.40,0.62,1.21,0.40,0.76,0.42,0.27,0.47,0.35,0.41,0.68,0.65,0.38,0.40,0.42,0.33,0.38,0.30,0.65,0.72,0.22,0.35,0.50,0.56,0.48,0.48,0.50,0.60,0.65,0.50,0.50,0.20,0.46,0.40,0.40,0.35,0.95,0.83,1.08,1.55,0.46,2.72,0.85,1.23,0.48,0.50,0.52,0.32,0.37,0.42,0.43,0.55,0.68,0.54,0.82,0.67,0.66,0.60,0.38,0.43,0.65,0.38,0.30,0.37,0.45,0.43,0.50,0.34,0.56,0.98,0.50,0.37,0.63,0.30,0.52,0.23,0.70,0.85,0.73,0.78,0.60,0.60,0.63,0.86,0.25,0.53,,,,,,,,,,,,,,,,,,,,,,,,,,,,,,0.30,0.50,0.33,0.56,0.32,1.10,0.58,0.83,0.43,0.88,0.33,0.60,0.55,0.42,0.40,0.20,0.75,0.48,0.40,0.47,0.63,0.43,0.30,0.40,0.75,0.35,0.20,0.47,0.45,0.80,0.87,0.45,0.43,0.80,0.40,0.40,0.25,0.33,0.26,0.43,0.30,0.35,0.35,0.25,0.26,0.33,0.23,0.37,0.43,0.25,0.50,0.45,0.53,0.33,0.40,0.63,0.40,0.38,0.25,0.60,0.38,0.30,0.57,0.37,0.56,0.70,0.67,0.63,0.56,0.57,0.43,0.40,0.33,0.70,0.52,0.43,0.38,0.40,0.40,0.20,0.60,0.47,0.68,0.65,0.60,0.37,0.30,0.15,0.63,0.25,0.50,0.45,0.57,0.47,0.37,0.53,0.47,0.60,0.60,0.50,0.63,0.33,0.40,0.55,0.53,0.50,0.28,0.65,0.60,0.40,0.60,,0.90,0.67,0.53,0.50,0.35,0.70,0.45,0.50,,0.40,0.55,0.60,0.65,0.35,0.45,0.60,0.25,0.40,0.45,0.50,0.40,0.60,0.45,0.25,0.30,0.30,0.40,,0.20,0.20,0.40,0.60,0.50,0.55,0.60,0.85,0.60,0.50,0.55,,0.50,,0.80,,0.45,0.60,0.50,0.40,0.70,0.30,0.40,0.40,0.47,0.40,0.57,0.70,0.50,1.10,0.35,0.20,0.20,0.20,0.20,0.40,0.30,0.20,0.75,0.95,,0.35,0.30,0.45,0.58,0.60
20251024,16,CO_24h,0.70,0.93,0.67,0.83,0.43,0.62,0.57,0.64,0.70,0.67,0.68,0.55,0.53,1.06,0.67,0.66,0.52,0.51,0.78,0.45,0.45,0.69,0.41,0.67,0.48,0.36,0.63,0.55,0.46,0.43,0.60,0.50,0.65,0.48,0.42,0.32,0.50,0.47,0.65,0.40,0.50,0.43,0.37,0.33,0.40,0.38,0.40,0.50,0.68,0.31,0.64,0.40,0.40,0.44,0.57,0.38,0.54,0.43,0.47,0.48,0.53,0.38,0.49,0.34,0.44,0.49,0.39,0.52,0.25,0.69,0.70,0.60,0.74,0.98,0.53,0.68,1.34,0.62,0.96,0.50,0.40,0.70,0.35,0.44,0.80,0.73,0.48,0.52,0.45,0.30,0.48,0.34,0.53,0.96,0.36,0.43,0.47,0.59,0.52,0.56,0.47,0.57,0.60,0.47,0.53,0.10,0.52,0.40,0.43,0.50,0.95,1.05,0.90,1.12,0.68,1.36,0.77,0.98,0.86,0.83,0.50,0.44,0.55,0.57,0.50,0.47,0.69,0.64,0.73,0.83,0.60,0.50,0.43,0.47,0.68,0.42,0.27,0.40,0.38,0.41,0.50,0.40,0.62,0.98,0.50,0.43,0.65,0.35,0.48,0.43,0.67,0.95,0.83,0.65,0.70,0.80,0.87,0.84,0.50,0.73,,,,,,,,,,,,,,,,,,,,,,,,,,,,,,0.40,0.60,0.37,0.66,0.62,1.10,0.60,0.90,0.93,1.00,0.73,0.60,0.85,0.85,0.80,0.30,0.75,1.28,0.80,0.60,0.67,0.45,0.70,0.75,0.65,0.45,0.45,0.57,0.63,0.63,0.53,0.50,0.67,0.67,0.55,0.45,0.40,0.35,0.32,0.50,0.62,0.32,0.35,0.25,0.28,0.35,0.30,0.50,0.65,0.33,0.53,0.43,0.50,0.37,0.45,0.63,0.57,0.42,0.38,0.56,0.50,0.40,0.57,0.33,0.92,0.83,0.73,0.63,0.62,0.63,0.63,0.47,0.38,0.70,0.52,0.40,0.42,0.40,0.40,0.20,0.63,0.47,0.72,0.65,0.60,0.47,0.30,0.15,0.55,0.25,0.43,0.37,0.60,0.47,0.40,0.50,0.43,0.60,0.50,0.50,0.60,0.40,0.42,0.58,0.50,0.50,0.38,0.65,0.65,0.45,0.70,,0.90,0.63,0.53,0.47,0.35,0.60,0.55,0.45,,0.55,0.60,0.60,0.60,0.40,0.75,0.75,0.30,0.45,0.55,0.70,0.60,0.50,0.45,0.30,0.30,0.35,0.40,,0.30,0.35,0.53,0.77,0.50,0.50,0.85,0.60,0.90,0.75,0.60,,0.40,,0.80,,0.40,0.80,0.50,0.40,0.60,0.40,0.30,0.40,0.60,0.55,0.57,0.95,0.50,1.00,0.45,0.70,0.25,0.80,0.85,0.60,0.60,0.10,0.50,1.25,,0.40,0.20,0.45,0.70,0.57
20251024,17,AQI,101,70,118,68,65,103,114,71,95,85,55,74,96,101,66,51,58,35,58,31,37,31,31,33,52,43,36,36,41,37,42,39,44,36,32,39,33,43,33,42,30,32,42,46,34,33,25,48,60,39,89,35,40,46,47,51,45,52,52,45,45,30,34,36,37,16,38,36,33,71,28,30,33,133,42,41,58,35,63,35,44,38,36,44,55,67,42,50,37,32,48,71,52,51,25,38,34,39,39,35,31,33,47,41,36,27,42,34,26,70,66,79,105,108,51,67,54,81,44,56,59,59,43,44,37,38,116,88,98,113,108,133,46,45,42,49,39,32,44,45,28,11,29,42,44,33,15,30,30,25,79,71,27,63,115,52,65,65,54,100,,,,,,,,,,,,,,,,,,,,,,,,,,,,,,37,60,39,70,42,103,84,55,38,57,43,21,63,58,34,23,64,56,58,39,63,42,60,29,58,38,44,56,33,138,325,47,35,160,47,88,27,39,46,51,35,40,37,38,53,53,37,50,34,37,32,29,34,25,34,28,38,38,33,39,42,38,42,35,76,96,89,126,116,74,44,68,35,96,109,36,86,36,38,38,40,30,41,48,40,37,39,36,40,33,43,41,45,42,32,47,40,39,46,25,13,29,36,10,20,25,27,13,15,17,23,,18,30,71,103,34,65,33,36,,39,42,26,24,40,30,15,58,21,31,19,25,34,23,54,33,34,30,,30,27,37,26,75,78,39,25,66,67,33,,34,,31,,22,29,29,32,32,48,31,31,26,31,15,88,56,125,76,91,110,107,98,54,107,34,111,135,,43,41,39,105,116
20251024,17,PM2.5,76,51,89,49,41,77,86,52,71,63,39,54,72,76,48,35,41,20,41,11,13,9,5,11,22,16,9,15,19,15,18,17,23,17,10,24,16,20,13,27,10,15,19,23,15,12,12,23,39,16,66,16,18,27,28,31,25,33,27,30,30,18,23,19,21,9,25,15,5,52,17,21,20,101,23,25,41,16,45,19,22,24,16,22,30,46,16,25,19,19,14,52,34,20,3,11,23,21,27,17,22,23,33,27,21,19,20,18,12,51,48,58,79,81,33,47,32,60,23,40,32,35,15,31,13,21,88,65,73,85,81,101,32,31,19,26,24,19,24,25,15,8,20,23,30,19,6,19,19,8,58,52,18,45,87,30,35,47,16,39,,,,,,,,,,,,,,,,,,,,,,,,,,,,,,17,33,27,49,16,77,62,39,18,40,21,10,42,41,24,6,46,36,40,21,45,23,23,6,10,19,18,25,23,105,275,25,19,122,17,65,8,14,16,25,17,15,14,17,33,21,18,33,14,17,9,17,19,17,22,16,21,16,14,19,18,17,20,15,56,72,66,96,88,54,30,37,13,72,82,15,64,21,17,16,23,20,20,23,25,24,24,25,23,15,22,25,23,23,22,24,25,23,30,13,6,5,21,7,4,16,13,9,6,12,16,,5,18,52,77,17,47,23,25,,27,12,13,14,14,21,8,41,15,13,13,9,24,10,18,3,3,16,,3,3,26,18,55,57,26,11,48,32,18,,24,,10,,11,7,20,13,15,13,8,12,14,21,10,41,23,95,38,38,58,56,38,23,8,8,71,103,,30,16,20,79,88
20251024,17,PM2.5_24h,58,61,77,33,24,75,80,40,39,73,55,57,70,68,42,38,27,33,40,11,14,18,11,17,35,18,15,17,17,16,22,15,28,17,13,19,19,19,16,16,9,17,18,18,16,11,16,25,37,16,65,17,26,21,19,21,19,22,22,18,20,16,19,17,17,7,21,21,6,52,21,21,35,105,29,26,53,26,40,26,24,33,12,23,45,54,18,34,25,9,17,49,37,17,10,12,25,18,18,18,18,18,22,18,18,13,18,18,17,68,42,74,68,80,36,52,46,50,37,48,24,31,21,19,14,20,79,76,74,83,77,83,28,46,23,31,30,24,23,22,6,4,22,26,21,18,7,15,15,16,61,51,36,39,75,54,41,49,21,44,,,,,,,,,,,,,,,,,,,,,,,,,,,,,,37,65,17,60,38,72,56,37,50,42,41,10,60,37,32,8,33,26,48,39,31,33,49,38,38,26,31,24,31,27,52,17,33,41,16,35,24,28,27,36,26,20,14,20,35,33,22,50,22,16,10,19,19,13,16,15,22,20,19,23,21,19,22,15,73,66,67,93,88,71,58,68,15,51,71,16,57,25,16,25,32,15,24,27,28,28,27,24,26,22,20,17,22,21,18,22,26,19,25,12,6,6,17,9,3,17,9,3,8,12,17,,5,17,41,54,21,36,26,26,,24,11,9,12,15,23,19,32,16,16,12,20,21,13,7,5,3,14,,4,5,20,25,40,39,33,11,73,59,22,,23,,11,,15,22,17,20,13,11,5,12,20,25,6,44,38,91,40,55,75,79,67,27,18,6,48,134,,22,23,17,76,76
20251024,17,PM10,100,86,112,70,79,85,106,69,111,95,54,78,86,107,70,51,60,35,58,30,37,28,24,33,53,43,36,36,41,37,42,39,44,36,30,39,33,43,31,42,27,32,42,46,34,30,19,48,70,39,69,28,40,46,47,51,45,53,54,45,45,30,34,36,37,16,38,36,11,73,28,30,33,180,42,40,53,35,69,35,44,38,36,44,60,83,42,50,37,31,48,68,53,51,14,38,34,39,37,35,26,31,46,41,36,27,42,34,26,83,71,72,120,121,51,84,57,81,44,56,68,67,43,41,37,35,129,89,101,113,141,110,45,45,38,49,39,31,44,45,26,11,27,42,44,33,15,30,30,15,98,57,27,32,95,53,80,75,58,149,,,,,,,,,,,,,,,,,,,,,,,,,,,,,,37,70,39,89,42,104,113,56,38,64,43,21,76,53,32,9,56,61,66,39,50,42,70,29,65,38,44,61,33,174,309,47,35,218,47,102,27,39,46,51,35,36,37,38,56,56,37,50,28,37,31,29,34,19,34,26,32,37,29,39,37,34,42,33,82,98,85,139,135,92,44,85,30,93,137,30,97,,29,38,40,30,41,48,,37,39,34,40,31,43,41,45,42,31,47,40,39,46,25,13,29,36,8,20,25,27,12,12,16,,,8,30,66,80,29,56,30,31,,31,42,26,24,40,18,14,57,18,31,19,21,30,14,58,8,6,30,,6,14,32,22,80,67,39,25,74,83,33,,34,,31,,17,24,25,32,31,48,12,23,26,31,15,126,62,172,101,132,169,163,145,58,164,34,172,198,,37,41,39,104,
20251024,17,PM10_24h,83,102,102,68,50,77,97,57,73,101,78,74,82,94,64,60,43,53,74,29,35,39,28,42,65,36,40,39,37,34,44,35,52,35,32,34,37,36,35,33,26,36,39,38,36,25,18,43,67,35,87,31,46,36,33,36,36,38,40,28,32,25,28,29,29,12,32,35,12,80,35,29,57,187,43,44,75,49,67,38,38,70,24,45,79,92,41,59,50,20,44,74,55,34,28,35,36,32,27,32,26,24,34,30,30,25,33,36,24,105,64,79,117,118,60,91,64,75,61,70,57,52,44,36,35,35,116,86,100,110,131,93,43,57,38,55,39,37,36,37,13,5,34,41,35,29,10,25,24,24,97,63,38,35,92,101,95,77,72,166,,,,,,,,,,,,,,,,,,,,,,,,,,,,,,64,101,26,105,62,98,102,46,86,72,69,21,95,50,51,22,45,53,88,52,54,56,94,62,79,48,50,37,55,48,77,28,62,74,46,58,38,56,57,59,48,35,29,36,62,66,44,79,40,36,25,30,28,19,23,27,38,38,38,42,42,37,44,34,96,93,93,145,147,116,79,120,35,68,125,34,91,37,27,40,52,24,41,41,32,44,42,39,41,36,38,31,36,35,25,38,37,24,35,24,11,18,23,11,16,24,26,5,13,18,18,,5,25,53,57,26,45,35,37,,33,24,26,24,34,20,26,35,23,29,18,32,27,22,19,12,14,30,,9,9,27,38,57,54,44,20,99,118,33,,26,,27,,15,29,19,27,27,29,9,25,38,42,9,137,114,179,102,172,202,227,187,76,61,26,120,236,,36,44,19,105,66
20251024,17,SO2,4,10,4,9,11,8,7,7,17,5,4,6,8,11,12,9,9,7,8,6,5,6,3,7,9,5,7,8,5,9,8,8,9,8,6,4,7,8,8,6,4,2,5,4,6,6,2,7,9,6,10,7,6,7,8,7,8,7,7,6,8,7,7,7,7,4,5,5,4,2,8,9,10,13,5,9,24,5,16,9,6,9,4,8,14,8,5,8,7,7,6,8,5,9,3,6,9,8,8,8,7,6,6,7,6,3,4,6,3,6,12,10,12,10,12,29,13,14,11,12,6,5,9,6,6,4,10,6,13,12,10,9,8,8,8,6,8,6,8,8,5,7,6,17,8,6,2,5,4,3,3,3,4,5,4,4,11,10,4,9,,,,,,,,,,,,,,,,,,,,,,,,,,,,,,6,5,6,5,4,11,7,12,4,19,11,6,11,10,10,4,12,21,7,5,8,8,12,10,9,8,5,7,9,17,14,5,6,9,7,10,4,6,8,9,7,7,5,7,8,6,4,8,8,9,5,5,3,7,8,5,7,11,6,7,9,6,3,5,7,9,11,9,8,12,3,6,6,8,10,7,4,9,4,6,5,6,8,7,6,6,4,6,7,9,8,6,4,5,4,20,5,8,9,1,3,7,5,6,6,6,5,5,9,4,6,,7,13,3,14,4,11,3,3,,4,7,3,10,6,9,6,4,6,7,6,9,7,7,2,5,11,8,,7,4,5,3,5,4,23,9,9,5,12,,3,,7,,5,8,6,11,14,4,2,17,14,8,4,8,12,22,8,6,7,7,3,6,4,6,24,16,,39,8,2,10,6
20251024,17,SO2_24h,3,10,3,10,8,8,5,7,6,4,5,7,6,9,7,10,9,8,10,6,5,7,4,8,9,5,8,9,6,10,9,8,8,8,6,4,7,9,8,6,4,3,5,4,6,5,2,8,8,6,10,8,6,7,8,7,7,7,7,5,8,7,6,7,7,4,4,4,5,2,6,12,11,11,5,8,15,10,16,10,7,21,3,8,15,10,5,9,8,6,6,7,4,12,4,6,8,8,9,12,7,6,6,6,6,2,5,8,3,8,10,14,7,9,17,22,11,10,18,9,7,8,10,6,7,4,9,7,10,11,8,11,7,9,9,6,8,7,8,7,4,7,6,37,8,5,2,5,4,5,3,4,5,5,6,5,21,13,7,10,,,,,,,,,,,,,,,,,,,,,,,,,,,,,,6,5,5,6,6,9,9,11,6,19,9,6,13,11,7,5,12,14,9,7,9,8,8,16,13,11,6,7,9,12,11,5,6,7,11,6,6,6,8,8,8,8,5,7,8,8,4,9,9,7,5,4,4,7,6,5,10,14,21,6,11,8,7,6,9,8,10,8,8,12,5,7,7,8,10,8,4,9,4,6,5,6,7,7,7,6,4,7,7,8,8,5,6,4,4,16,4,7,9,3,3,6,5,6,5,6,8,5,9,3,5,,6,12,3,17,4,13,5,4,,4,6,3,11,5,5,12,7,16,7,6,10,6,7,3,4,9,8,,8,4,6,5,5,6,34,8,8,9,10,,2,,6,,4,13,5,10,11,11,2,17,7,6,4,6,10,13,8,5,10,7,6,7,4,4,12,14,,9,9,3,9,7
20251024,17,NO2,35,36,30,28,37,24,22,33,37,23,20,23,26,26,42,57,22,27,36,13,14,18,9,19,25,15,19,16,16,14,18,14,22,20,14,18,22,24,16,13,9,14,13,17,17,11,12,15,28,18,38,19,14,23,18,23,24,25,26,19,15,17,11,9,23,19,14,10,8,25,14,19,30,31,14,20,38,20,37,36,33,21,13,23,26,26,15,25,15,15,20,19,23,29,13,20,11,15,13,10,13,14,10,15,14,6,13,14,7,17,31,26,26,49,26,62,49,51,23,35,25,42,19,17,17,18,39,22,33,37,25,32,22,18,18,11,6,9,9,11,7,9,19,18,17,17,13,11,9,5,26,21,23,26,24,10,12,22,7,7,,,,,,,,,,,,,,,,,,,,,,,,,,,,,,15,18,18,22,17,31,20,31,22,26,27,14,14,22,22,12,13,24,38,21,23,28,30,23,25,20,22,37,26,40,50,24,27,34,20,40,12,14,18,23,10,9,7,9,24,18,12,16,20,17,9,18,9,5,14,6,13,12,7,11,12,7,5,9,23,30,35,26,23,20,19,15,6,23,29,12,21,16,12,12,18,6,14,16,16,12,9,9,12,10,2,9,11,8,7,18,11,15,8,3,16,12,15,19,23,11,18,14,5,12,9,,8,12,12,10,8,17,6,11,,7,11,9,13,6,5,5,7,17,11,9,6,15,9,2,2,2,18,,1,1,9,17,15,27,18,15,14,13,17,,12,,8,,7,5,6,11,2,2,10,5,13,13,11,12,13,27,16,6,4,12,8,10,6,21,27,23,,9,14,10,30,26
20251024,17,NO2_24h,37,55,35,37,42,38,40,27,35,36,46,47,33,43,45,45,22,43,49,17,19,26,14,25,33,17,28,24,22,18,28,18,27,24,17,18,24,24,23,12,8,28,22,18,23,11,10,17,39,20,38,21,17,18,13,19,20,23,24,14,11,15,15,10,19,17,11,22,10,31,23,27,39,52,17,24,51,36,36,20,32,48,9,25,51,40,29,35,19,11,34,34,23,19,12,25,10,15,14,13,10,9,9,13,13,2,16,17,12,33,31,25,34,39,42,51,35,42,38,38,22,32,24,25,22,20,39,36,38,33,29,29,20,20,20,10,9,9,10,10,6,11,16,19,14,16,12,11,7,11,28,22,25,27,29,23,32,36,22,27,,,,,,,,,,,,,,,,,,,,,,,,,,,,,,19,27,11,21,26,37,18,29,41,40,47,14,37,40,28,24,14,36,42,36,37,38,33,30,26,33,40,25,26,18,27,16,38,28,28,32,17,25,27,27,26,13,7,14,29,26,22,23,30,19,8,12,12,6,12,7,16,13,19,11,15,10,8,16,32,32,43,33,25,21,31,23,14,22,29,17,17,18,13,23,20,7,16,13,17,17,8,10,13,13,4,8,13,8,8,20,10,8,8,8,14,9,14,14,14,11,26,14,15,10,14,,10,8,10,10,9,13,8,11,,7,7,9,12,10,6,14,8,14,9,9,13,13,10,6,5,7,17,,11,2,10,32,12,25,30,13,33,31,20,,12,,7,,9,16,9,3,14,4,11,4,23,23,11,39,48,51,26,33,20,50,37,20,16,14,36,62,,17,16,9,45,29
20251024,17,O3,49,62,59,57,48,94,81,45,37,88,89,79,90,89,52,39,91,65,65,99,104,98,99,87,90,99,91,94,98,94,92,104,98,109,102,81,102,113,104,93,95,84,91,76,101,105,79,124,86,86,65,113,125,87,93,129,91,115,104,87,87,81,79,102,42,20,70,85,105,46,84,87,80,125,124,132,61,86,73,57,60,88,100,83,99,87,93,95,98,103,93,98,85,88,81,94,100,80,85,89,78,70,86,108,96,71,77,80,63,112,51,80,79,19,70,43,58,56,76,70,54,52,63,113,113,122,53,90,71,55,95,58,110,116,135,129,117,101,104,91,88,36,31,70,42,37,30,35,55,79,57,63,52,55,65,93,103,90,85,106,,,,,,,,,,,,,,,,,,,,,,,,,,,,,,106,122,61,71,87,85,80,65,65,93,76,55,103,84,57,75,108,84,61,77,85,70,79,71,76,74,66,59,64,60,87,58,61,61,61,65,66,113,102,95,113,127,104,111,112,103,108,101,108,109,102,79,86,81,106,90,121,123,107,123,134,121,121,113,88,79,77,94,93,109,81,124,111,67,73,114,105,115,120,122,83,79,110,121,127,100,112,113,124,106,101,97,93,109,101,53,99,62,107,50,41,40,43,27,19,42,36,30,47,43,52,,56,64,56,79,109,38,61,81,,75,81,50,50,65,51,48,45,41,67,58,81,38,75,89,105,108,86,,97,85,79,61,83,88,68,49,95,99,34,,59,,33,,71,92,92,69,101,84,99,98,68,65,42,100,86,152,91,98,106,99,103,94,94,80,92,133,,104,124,57,83,55
20251024,17,O3_24h,,,,,,,,,,,,,,,,,,,,,,,,,,,,,,,,,,,,,,,,,,,,,,,,,,,,,,,,,,,,,,,,,,,,,,,,,,,,,,,,,,,,,,,,,,,,,,,,,,,,,,,,,,,,,,,,,,,,,,,,,,,,,,,,,,,,,,,,,,,,,,,,,,,,,,,,,,,,,,,,,,,,,,,,,,,,,,,,,,,,,,,,,,,,,,,,,,,,,,,,,,,,,,,,,,,,,,,,,,,,,,,,,,,,,,,,,,,,,,,,,,,,,,,,,,,,,,,,,,,,,,,,,,,,,,,,,,,,,,,,,,,,,,,,,,,,,,,,,,,,,,,,,,,,,,,,,,,,,,,,,,,,,,,,,,,,,,,,,,,,,,,,,,,,,,,,,,,,,,,,,,,,,,,,,,,,,,,
20251024,17,O3_8h,39,44,42,42,59,77,58,43,27,63,79,63,67,58,45,59,79,65,71,98,92,96,95,80,82,93,90,93,92,87,83,93,85,96,90,87,96,103,96,94,95,82,92,70,92,92,85,105,77,84,58,100,104,91,89,110,89,102,101,89,84,85,73,77,43,37,68,63,99,38,55,66,53,77,106,104,43,64,66,70,66,76,92,73,93,74,86,94,89,95,87,78,82,92,87,86,94,75,75,80,80,72,90,95,90,66,70,81,62,94,36,84,69,17,55,53,81,63,72,74,58,70,67,102,101,111,48,77,55,54,73,73,107,109,112,111,114,104,86,88,78,33,30,44,38,37,30,34,53,60,50,58,56,55,62,84,78,60,62,83,,,,,,,,,,,,,,,,,,,,,,,,,,,,,,96,96,73,78,68,64,86,55,51,53,81,58,81,64,66,72,86,77,61,75,69,69,82,73,78,80,68,70,75,77,83,66,64,69,60,66,59,95,90,89,103,109,94,100,107,87,94,82,100,97,95,78,79,84,92,88,112,112,108,104,115,112,109,107,77,76,66,68,87,79,72,105,103,59,60,104,109,103,111,102,83,83,101,120,114,87,108,106,115,109,96,73,82,94,88,47,98,62,96,47,40,31,39,35,40,32,22,39,36,41,43,,48,66,48,70,111,32,52,83,,66,64,50,57,65,50,54,45,40,50,51,61,32,79,76,90,95,92,,84,85,73,57,90,80,75,52,68,71,29,,59,,34,,68,76,79,64,82,80,76,84,49,37,33,53,58,90,58,55,85,54,76,63,65,90,67,70,,72,103,46,64,48
20251024,17,O3_8h_24h,39,44,47,42,59,77,58,43,27,63,79,63,67,58,45,58,79,65,71,98,92,96,95,80,82,93,90,93,92,87,83,93,85,96,90,87,96,103,96,94,95,82,92,70,92,92,85,105,77,84,58,100,104,91,89,110,89,102,101,89,84,85,73,77,41,23,67,63,99,40,55,66,53,77,106,111,43,64,66,69,65,76,92,73,93,74,86,94,89,95,87,78,82,92,87,86,94,80,75,80,80,72,90,95,90,66,70,81,62,94,36,84,69,17,55,53,81,63,72,74,58,70,67,102,101,111,48,77,55,54,73,59,107,109,112,111,114,104,86,88,78,33,30,44,38,34,29,34,53,60,50,58,56,55,62,84,78,60,60,82,,,,,,,,,,,,,,,,,,,,,,,,,,,,,,96,96,73,78,68,64,83,55,51,53,80,58,81,64,66,72,86,77,61,75,69,69,82,73,78,80,68,70,75,77,83,65,64,69,60,66,59,95,90,89,103,109,94,100,107,87,94,82,100,97,95,85,83,84,92,88,112,112,108,104,115,112,109,107,77,76,66,68,87,80,72,105,103,59,60,104,109,103,111,102,83,83,101,120,114,87,108,106,115,109,96,81,82,94,88,47,98,60,96,47,40,31,39,30,26,32,22,35,36,41,43,,48,66,48,70,111,32,52,83,,68,64,50,55,65,50,54,45,40,50,50,61,32,79,75,90,95,90,,84,85,73,57,89,80,65,52,68,71,29,,58,,34,,68,76,79,64,82,80,76,84,49,37,33,53,58,90,58,55,85,54,76,63,65,77,67,70,,72,103,46,64,48
20251024,17,CO,0.65,0.75,0.61,0.83,0.78,0.58,0.43,0.68,1.03,0.50,0.50,0.53,0.55,0.90,0.60,0.61,0.60,0.30,0.52,0.42,0.45,0.44,0.40,0.44,0.42,0.34,0.50,0.49,0.50,0.48,0.50,0.52,0.65,0.46,0.37,0.36,0.40,0.45,0.47,0.40,0.50,0.37,0.43,0.40,0.44,0.40,0.32,0.50,0.79,0.31,0.64,0.40,0.38,0.51,0.61,0.42,0.60,0.45,0.47,0.53,0.60,0.40,0.49,0.33,0.49,0.48,0.40,0.47,0.23,0.72,0.75,0.50,0.46,0.80,0.45,0.63,1.21,0.40,0.82,0.60,0.37,0.47,0.38,0.46,0.68,0.63,0.34,0.43,0.40,0.35,0.38,0.32,0.63,0.57,0.27,0.37,0.55,0.59,0.50,0.50,0.50,0.63,0.70,0.53,0.53,0.20,0.50,0.40,0.33,0.40,0.90,0.93,1.55,1.42,0.54,2.14,1.03,1.10,0.52,0.57,0.56,0.38,0.47,0.47,0.40,0.58,0.69,0.48,0.82,0.73,0.66,0.60,0.43,0.43,0.60,0.40,0.30,0.37,0.53,0.48,0.50,0.38,0.58,0.96,0.53,0.33,0.63,0.30,0.58,0.28,0.67,0.75,0.77,0.77,0.70,0.60,0.70,0.74,0.28,0.50,,,,,,,,,,,,,,,,,,,,,,,,,,,,,,0.30,0.50,0.40,0.58,0.32,1.00,0.62,0.87,0.43,0.82,0.47,0.60,0.60,0.45,0.40,0.25,0.80,0.68,0.45,0.50,0.60,0.68,0.50,0.45,0.75,0.40,0.30,0.57,0.63,0.83,0.90,0.53,0.57,0.83,0.45,0.50,0.25,0.33,0.28,0.43,0.27,0.32,0.35,0.25,0.28,0.33,0.23,0.43,0.53,0.28,0.50,0.70,0.53,0.33,0.50,0.70,0.43,0.47,0.22,0.62,0.43,0.40,0.53,0.37,0.56,0.80,0.67,0.63,0.60,0.57,0.43,0.40,0.33,0.75,0.54,0.47,0.42,0.40,0.40,0.20,0.63,0.47,0.75,0.65,0.60,0.33,0.30,0.20,0.60,0.30,0.53,0.50,0.55,0.50,0.37,0.53,0.47,0.65,0.55,0.50,0.70,0.33,0.40,0.58,0.53,0.50,0.33,0.65,0.65,0.43,0.70,,0.90,0.60,0.53,0.53,0.35,0.70,0.45,0.50,,0.40,0.60,0.60,0.70,0.35,0.50,0.60,0.23,0.45,0.50,0.50,0.40,0.60,0.45,0.35,0.30,0.30,0.40,,0.20,0.20,0.40,0.60,0.50,0.55,0.60,0.80,0.50,0.50,0.55,,0.50,,0.80,,0.45,0.60,0.50,0.50,0.60,0.40,0.40,0.40,0.43,0.40,0.57,0.75,0.50,1.00,0.30,0.25,0.15,0.25,0.20,0.35,0.30,0.20,0.60,0.80,,0.55,0.30,0.45,0.60,0.60
20251024,17,CO_24h,0.71,0.93,0.67,0.84,0.45,0.63,0.57,0.64,0.70,0.67,0.68,0.55,0.53,1.04,0.69,0.67,0.54,0.51,0.78,0.45,0.45,0.69,0.43,0.67,0.50,0.36,0.63,0.55,0.46,0.43,0.62,0.52,0.65,0.48,0.42,0.32,0.49,0.47,0.65,0.38,0.50,0.43,0.37,0.33,0.40,0.38,0.38,0.50,0.69,0.31,0.64,0.41,0.39,0.45,0.57,0.38,0.55,0.43,0.47,0.50,0.53,0.38,0.49,0.34,0.44,0.49,0.39,0.52,0.25,0.69,0.70,0.60,0.74,0.97,0.53,0.68,1.35,0.62,0.98,0.50,0.40,0.70,0.35,0.44,0.80,0.73,0.46,0.52,0.45,0.30,0.48,0.34,0.53,0.98,0.36,0.42,0.47,0.59,0.52,0.56,0.47,0.57,0.60,0.47,0.53,0.20,0.50,0.40,0.43,0.50,0.96,1.08,0.92,1.13,0.68,1.40,0.77,1.00,0.86,0.83,0.50,0.44,0.55,0.57,0.50,0.48,0.69,0.64,0.73,0.83,0.60,0.50,0.45,0.47,0.68,0.42,0.30,0.40,0.38,0.41,0.50,0.40,0.62,1.00,0.50,0.43,0.65,0.35,0.48,0.43,0.67,0.95,0.83,0.65,0.70,0.80,0.87,0.84,0.50,0.70,,,,,,,,,,,,,,,,,,,,,,,,,,,,,,0.40,0.60,0.40,0.66,0.62,1.10,0.60,0.90,0.93,1.00,0.73,0.60,0.85,0.82,0.80,0.25,0.75,1.28,0.80,0.60,0.67,0.47,0.70,0.75,0.65,0.45,0.45,0.57,0.65,0.67,0.53,0.52,0.63,0.67,0.55,0.45,0.40,0.35,0.32,0.50,0.58,0.32,0.35,0.25,0.28,0.35,0.30,0.50,0.65,0.33,0.53,0.50,0.50,0.37,0.45,0.63,0.57,0.42,0.38,0.56,0.50,0.40,0.57,0.33,0.90,0.83,0.73,0.63,0.62,0.63,0.63,0.47,0.38,0.70,0.52,0.40,0.42,0.40,0.40,0.20,0.67,0.47,0.72,0.65,0.60,0.43,0.30,0.15,0.55,0.25,0.43,0.37,0.60,0.47,0.40,0.53,0.43,0.60,0.50,0.50,0.60,0.40,0.42,0.58,0.50,0.50,0.38,0.65,0.65,0.45,0.70,,0.90,0.63,0.53,0.50,0.35,0.60,0.50,0.45,,0.50,0.60,0.60,0.60,0.40,0.75,0.75,0.30,0.45,0.55,0.70,0.60,0.55,0.45,0.30,0.30,0.35,0.50,,0.30,0.35,0.53,0.77,0.50,0.50,0.85,0.60,0.90,0.75,0.60,,0.50,,0.80,,0.40,0.80,0.50,0.40,0.60,0.40,0.30,0.40,0.57,0.55,0.57,0.95,0.50,1.05,0.45,0.70,0.25,0.80,0.85,0.55,0.60,0.10,0.50,1.25,,0.45,0.20,0.45,0.70,0.57
20251024,18,AQI,104,74,116,69,74,105,114,79,96,95,63,80,103,105,70,61,61,38,86,32,39,29,29,33,57,43,37,41,41,40,47,41,52,38,31,44,38,49,37,45,30,35,39,45,43,33,24,45,66,44,95,32,44,51,48,51,47,51,51,45,47,30,41,35,39,16,40,28,32,70,34,29,36,134,41,45,60,33,66,80,53,49,40,53,64,70,49,56,50,42,51,78,53,56,23,40,37,44,41,42,43,36,52,49,37,37,44,39,27,75,63,79,121,114,59,79,64,90,50,88,66,75,52,52,37,38,114,85,99,118,109,130,51,48,41,52,46,33,46,47,26,12,31,44,40,35,19,26,30,21,78,65,30,64,113,52,73,66,45,100,,,,,,,,,,,,,,,,,,,,,,,,,,,,,,42,54,42,76,48,105,90,61,46,66,54,32,64,61,34,19,63,70,79,58,80,53,66,42,59,74,55,64,44,86,337,70,53,144,59,114,37,53,55,53,49,38,39,45,56,55,42,57,34,43,32,43,34,26,42,29,38,39,42,46,42,38,51,34,80,99,89,128,118,78,48,69,38,101,116,35,91,36,36,37,44,31,39,49,38,40,43,39,47,36,47,45,48,46,36,44,41,38,43,28,14,32,30,12,24,24,28,15,14,19,27,,16,29,70,103,33,64,46,40,,39,34,28,31,42,36,14,41,24,33,19,25,30,23,27,33,33,35,,30,26,41,29,74,83,34,26,68,65,39,,36,,32,,30,27,37,33,32,30,31,52,31,34,19,86,61,123,75,100,109,107,102,53,93,33,107,120,,44,44,49,109,114
20251024,18,PM2.5,78,54,88,50,52,79,86,58,72,71,45,59,77,79,51,44,44,23,64,12,15,10,8,12,26,16,10,18,19,18,19,18,28,16,11,28,19,23,16,26,11,18,19,23,19,11,14,24,46,19,71,18,22,29,28,31,25,33,26,30,32,19,25,19,23,8,28,16,6,51,24,18,23,102,25,27,43,21,48,59,27,34,17,27,35,49,19,30,22,22,15,57,35,23,8,11,25,27,29,24,30,25,36,26,21,26,23,27,12,55,45,58,92,86,42,58,45,67,27,65,44,46,22,35,15,25,86,63,74,89,82,99,32,32,22,28,32,23,29,27,15,6,22,25,28,21,8,18,21,11,57,47,20,46,85,32,45,48,15,40,,,,,,,,,,,,,,,,,,,,,,,,,,,,,,18,27,26,56,20,79,67,44,22,48,26,16,46,44,24,6,45,51,52,41,59,33,35,13,17,54,22,46,26,64,287,48,33,110,28,86,26,21,23,29,34,17,21,22,33,24,16,38,16,23,10,20,24,18,23,18,21,18,20,23,23,17,24,14,59,74,66,97,89,57,30,34,16,76,88,17,68,25,17,17,24,20,22,25,25,24,26,23,29,17,26,26,26,26,25,24,28,24,30,18,9,7,21,7,4,16,10,9,6,9,19,,6,13,51,77,17,46,32,27,,27,12,10,22,14,25,10,28,17,15,13,7,21,9,7,3,3,18,,3,8,29,20,54,61,23,14,49,35,19,,24,,13,,21,8,26,12,8,14,3,26,18,21,12,44,24,93,39,52,58,54,38,20,9,3,63,91,,31,23,21,82,86
20251024,18,PM2.5_24h,60,61,78,34,25,76,81,41,41,73,55,57,70,69,43,39,28,34,42,11,14,18,11,17,35,18,15,17,18,16,23,15,29,18,13,20,19,19,17,16,9,18,18,19,16,11,16,25,37,16,66,18,26,22,19,22,20,23,23,19,20,16,19,17,18,7,22,21,6,53,21,21,34,105,29,26,53,25,41,27,25,33,13,24,45,55,17,34,25,10,17,50,37,17,10,12,24,18,19,18,18,18,23,18,18,14,18,19,17,67,43,74,70,80,37,53,46,51,37,49,25,31,21,19,15,20,79,76,75,83,78,85,28,46,23,31,31,24,24,23,7,4,22,26,22,18,7,15,15,16,61,51,36,40,76,54,41,50,21,44,,,,,,,,,,,,,,,,,,,,,,,,,,,,,,36,64,17,60,37,73,57,36,50,42,40,10,60,37,32,8,34,27,48,39,33,33,49,37,37,27,30,25,31,28,63,17,34,44,17,37,23,28,28,36,26,20,15,20,36,34,22,50,22,17,8,19,18,13,16,15,22,20,19,23,20,19,22,15,72,67,68,94,89,71,57,68,14,52,73,16,59,25,16,25,33,15,24,27,28,28,27,24,26,22,21,18,22,21,19,23,26,19,25,13,6,6,17,9,3,16,9,3,8,11,17,,5,17,42,54,21,37,26,26,,24,11,9,12,16,23,19,32,16,16,12,20,21,13,8,5,3,14,,4,5,20,25,41,40,33,11,72,58,21,,23,,11,,15,22,18,20,13,11,5,12,18,24,6,44,38,92,40,55,73,78,67,26,17,7,50,133,,23,23,17,77,78
20251024,18,PM10,104,91,118,84,98,97,108,86,124,102,73,86,97,111,86,69,64,38,79,32,39,29,26,33,63,43,37,41,41,40,47,41,53,38,31,44,38,49,37,45,27,35,39,45,43,32,21,45,82,44,73,31,44,51,48,51,47,52,51,45,47,30,41,35,39,16,40,28,11,74,32,29,36,181,41,45,59,33,64,84,56,42,40,55,77,90,49,62,50,42,52,73,55,61,22,40,37,44,39,42,32,29,54,49,37,,44,37,27,88,60,79,140,124,65,107,78,102,50,94,82,99,53,53,37,38,125,103,97,127,145,109,51,48,39,54,44,32,46,47,19,12,29,44,39,35,19,24,29,21,99,60,30,50,95,53,96,75,45,150,,,,,,,,,,,,,,,,,,,,,,,,,,,,,,42,58,42,96,48,123,109,64,46,70,57,32,78,57,34,14,60,76,108,56,53,56,82,42,68,58,60,66,44,96,330,90,56,186,68,136,36,55,60,55,49,30,39,45,61,60,42,64,34,43,27,43,27,16,42,29,38,39,42,46,40,34,52,34,82,106,90,150,141,98,48,87,38,91,147,35,106,32,31,36,44,31,39,49,27,40,43,39,47,36,47,45,48,46,34,44,41,38,43,28,14,32,29,10,24,24,28,15,12,19,,,11,29,72,82,31,55,35,40,,35,34,28,22,42,21,13,41,20,33,19,24,25,15,25,11,7,35,,6,18,32,26,79,70,34,26,82,79,39,,36,,32,,26,27,35,33,29,30,8,53,31,34,19,122,71,174,100,150,168,163,153,56,136,33,164,187,,42,44,49,121,
20251024,18,PM10_24h,85,102,103,69,52,78,97,58,74,102,78,75,83,95,66,61,44,54,76,29,35,39,28,41,65,37,40,39,38,35,45,35,53,35,32,34,37,37,36,33,27,36,38,39,37,25,18,42,68,35,86,31,46,37,34,37,36,39,41,30,33,26,29,30,29,12,32,35,12,80,35,29,56,188,43,43,75,48,67,40,38,69,25,45,79,94,39,59,50,21,45,74,55,35,27,35,36,32,28,32,26,24,35,31,30,24,33,36,24,104,65,79,120,118,61,93,65,77,61,71,58,53,44,37,36,36,117,86,99,111,133,94,44,57,38,55,40,36,36,37,13,6,34,42,36,29,10,24,24,24,97,62,37,35,92,99,95,77,71,165,,,,,,,,,,,,,,,,,,,,,,,,,,,,,,64,101,26,105,61,100,103,47,86,71,69,22,95,51,50,21,46,55,90,53,55,56,95,62,80,48,50,37,54,50,89,29,62,78,46,61,35,57,58,59,47,36,29,37,62,66,45,79,39,36,25,30,28,19,23,27,38,38,38,42,42,37,44,34,96,94,93,146,149,116,79,120,35,69,128,34,93,37,27,40,53,25,41,41,32,44,43,39,41,36,39,32,36,36,26,39,37,25,35,23,11,18,23,11,16,24,26,6,13,17,18,,5,25,55,58,25,46,35,36,,33,24,26,23,35,20,25,36,23,30,18,32,27,21,19,12,13,29,,9,9,27,38,59,55,45,21,99,117,33,,26,,27,,15,30,20,27,27,29,9,26,36,41,9,137,113,180,102,172,200,226,190,74,65,26,123,236,,37,44,19,105,66
20251024,18,SO2,3,9,3,8,13,8,6,7,10,4,5,6,6,11,11,9,8,7,11,6,5,5,3,6,9,5,8,8,5,10,8,7,9,8,6,4,7,7,8,6,4,2,5,4,6,5,2,7,8,6,10,6,6,8,8,6,8,7,8,6,9,6,7,7,7,3,6,4,5,2,3,9,9,13,5,8,20,5,14,9,7,9,4,8,14,7,5,9,7,7,6,7,4,8,4,6,8,8,8,9,7,6,6,7,6,3,5,7,4,6,10,10,12,9,18,22,12,11,10,11,7,7,9,7,6,5,12,5,11,11,9,9,8,8,8,6,8,7,7,9,5,7,6,16,8,6,1,5,5,4,3,3,4,5,4,4,15,10,5,8,,,,,,,,,,,,,,,,,,,,,,,,,,,,,,6,5,7,6,5,11,6,9,3,17,7,6,11,13,7,4,13,20,7,5,10,8,6,14,10,8,5,7,16,14,15,6,8,10,15,14,7,6,8,8,7,7,5,7,7,6,4,8,8,8,6,5,3,7,7,5,9,12,7,7,9,7,4,5,7,8,10,9,8,11,2,6,6,7,10,7,4,9,4,6,5,7,7,7,6,5,4,6,7,8,8,6,5,5,4,17,6,8,9,1,3,6,5,6,6,5,5,5,9,4,5,,7,13,3,11,4,10,4,3,,4,7,3,11,6,8,7,5,6,7,6,11,7,7,3,5,11,8,,7,5,5,3,5,4,42,9,9,4,12,,3,,6,,5,12,6,11,14,8,2,16,15,12,4,8,12,20,9,6,7,7,3,7,3,5,19,15,,10,8,3,10,6
20251024,18,SO2_24h,3,10,3,10,8,8,5,7,6,4,5,7,6,9,8,10,9,8,10,6,5,7,4,8,9,5,9,9,6,10,9,8,8,8,6,4,7,9,8,6,4,3,5,4,6,5,2,8,8,6,10,8,6,7,8,7,7,7,7,5,8,7,6,7,7,4,4,4,5,2,6,12,10,10,5,8,15,10,16,10,7,20,3,8,15,10,5,9,8,6,6,7,4,12,4,6,8,8,9,12,7,6,6,6,6,2,5,8,3,8,10,14,7,10,16,22,11,10,18,9,7,8,10,7,7,4,10,7,10,11,8,11,7,9,9,6,8,7,8,7,4,7,6,37,8,5,2,5,4,5,3,4,5,5,5,5,21,13,7,10,,,,,,,,,,,,,,,,,,,,,,,,,,,,,,6,5,5,6,6,9,9,11,6,19,9,6,13,11,7,5,12,15,9,7,9,8,8,16,13,10,6,7,10,12,11,5,6,7,11,6,5,6,8,8,8,8,5,7,8,8,4,9,8,7,5,4,4,7,6,5,10,14,21,6,11,8,7,7,9,8,10,8,8,11,4,7,7,7,10,8,4,9,4,6,5,6,7,7,7,6,5,7,7,8,9,5,6,4,4,16,4,7,9,3,3,6,5,6,5,6,8,5,9,3,5,,6,12,3,17,4,13,5,4,,4,6,3,11,5,5,12,7,15,7,6,10,6,7,3,4,9,8,,8,4,6,5,5,6,35,8,8,8,10,,3,,6,,4,13,5,10,11,11,2,17,7,7,4,6,10,13,7,5,10,7,6,7,4,4,12,14,,9,9,3,9,7
20251024,18,NO2,37,46,38,38,57,30,34,42,54,32,35,39,34,32,61,82,28,51,51,14,18,23,12,30,32,22,24,21,22,18,25,17,32,22,16,20,30,33,23,16,10,23,15,20,25,11,13,17,38,29,43,23,17,31,20,25,26,29,31,21,18,20,15,11,26,22,15,14,9,26,16,23,23,31,16,22,58,27,42,64,45,37,14,33,43,34,29,38,22,21,27,28,29,47,19,27,13,17,17,19,19,15,17,19,16,9,19,22,9,20,37,28,35,51,55,78,77,66,28,51,43,61,26,35,23,22,40,29,37,43,26,34,33,22,22,13,8,10,11,13,8,10,18,22,16,19,15,12,12,9,25,20,29,29,28,13,16,33,13,6,,,,,,,,,,,,,,,,,,,,,,,,,,,,,,19,20,20,24,21,29,23,34,40,27,41,22,21,28,27,21,14,42,72,38,36,50,76,40,21,35,43,49,58,30,58,38,49,65,23,46,19,26,25,30,17,11,9,15,32,21,22,20,25,24,10,26,14,6,16,8,18,16,11,14,15,8,7,11,29,35,45,32,25,24,24,17,10,27,35,16,24,18,15,14,27,7,16,16,20,14,11,11,17,11,3,10,16,11,10,22,15,18,9,5,15,15,16,23,28,11,24,18,7,14,8,,11,9,11,11,11,18,8,11,,7,12,10,15,7,5,7,8,16,12,11,8,18,9,2,3,3,23,,1,2,10,21,20,35,19,17,19,14,26,,14,,9,,8,11,6,10,3,1,8,3,21,22,13,15,18,23,16,7,4,12,7,10,5,31,27,22,,15,15,12,50,28
20251024,18,NO2_24h,38,55,35,37,43,37,39,27,35,36,46,47,33,42,47,47,23,43,49,17,19,26,14,26,33,17,28,24,22,18,29,19,28,24,17,18,24,25,23,12,9,28,22,19,23,11,10,17,39,21,39,21,17,18,13,19,21,23,24,15,11,15,15,10,19,17,11,23,10,31,24,26,39,51,17,24,53,36,36,22,33,48,9,25,51,40,28,35,19,11,34,33,23,20,13,25,10,14,14,13,11,9,9,13,13,2,16,16,12,32,31,25,34,40,43,52,37,43,38,38,23,33,23,25,22,20,39,35,37,33,29,29,21,20,21,10,9,9,10,10,6,11,16,20,15,16,12,11,7,11,27,21,25,27,30,23,32,36,22,27,,,,,,,,,,,,,,,,,,,,,,,,,,,,,,19,27,11,21,25,36,18,29,41,39,46,15,37,40,28,23,14,36,44,37,37,39,35,31,27,32,40,25,27,18,27,16,38,29,26,32,17,25,27,27,25,13,7,14,29,26,22,23,30,20,8,13,12,6,12,7,16,13,19,11,15,10,8,16,31,32,43,33,26,21,31,23,13,22,29,18,18,18,13,23,20,7,16,13,17,16,9,10,13,12,4,8,13,8,8,20,11,8,8,7,14,9,14,14,14,11,26,14,14,10,14,,10,8,10,10,9,13,8,11,,7,7,9,12,10,6,14,8,14,9,9,13,13,10,6,5,7,17,,11,2,10,32,13,25,30,13,32,31,20,,11,,7,,9,16,9,4,14,4,11,4,22,24,11,39,48,51,25,33,20,50,37,20,16,14,37,62,,18,16,9,45,29
20251024,18,O3,44,48,44,38,24,81,63,31,13,70,67,55,73,79,24,16,80,40,54,96,93,86,94,71,77,88,82,85,90,84,81,97,81,106,93,71,92,99,91,89,95,69,82,73,91,106,76,118,69,70,57,102,123,75,84,111,82,97,93,82,82,72,73,105,36,15,62,78,102,45,75,84,74,124,116,123,37,74,63,25,45,69,93,67,77,70,70,66,81,95,81,82,70,58,75,80,100,70,80,78,63,68,76,101,95,67,65,69,54,100,42,74,66,12,40,21,26,32,69,50,34,26,52,86,103,116,48,80,65,45,89,51,93,108,132,126,108,96,109,84,83,34,28,67,44,35,27,34,51,68,58,62,40,48,56,94,102,75,81,102,,,,,,,,,,,,,,,,,,,,,,,,,,,,,,98,111,56,63,76,96,73,61,48,86,60,42,91,74,50,62,106,55,23,55,68,43,25,44,68,57,37,42,27,58,64,42,43,21,70,59,56,94,90,81,103,120,99,99,98,94,90,89,97,96,101,63,73,78,97,82,116,118,107,129,135,120,115,107,75,68,55,81,89,102,72,112,103,47,57,104,95,102,114,119,74,75,112,117,120,87,107,108,118,104,91,94,87,107,96,50,95,52,102,50,43,37,42,20,13,40,28,26,45,38,34,,51,63,59,75,105,32,61,77,,71,73,44,47,57,51,45,46,35,63,53,80,31,72,87,107,105,82,,96,83,80,55,64,83,67,48,80,95,24,,58,,30,,65,86,89,66,101,84,100,100,60,56,37,96,77,148,94,97,108,100,95,95,92,68,99,129,,93,116,59,55,52
20251024,18,O3_24h,,,,,,,,,,,,,,,,,,,,,,,,,,,,,,,,,,,,,,,,,,,,,,,,,,,,,,,,,,,,,,,,,,,,,,,,,,,,,,,,,,,,,,,,,,,,,,,,,,,,,,,,,,,,,,,,,,,,,,,,,,,,,,,,,,,,,,,,,,,,,,,,,,,,,,,,,,,,,,,,,,,,,,,,,,,,,,,,,,,,,,,,,,,,,,,,,,,,,,,,,,,,,,,,,,,,,,,,,,,,,,,,,,,,,,,,,,,,,,,,,,,,,,,,,,,,,,,,,,,,,,,,,,,,,,,,,,,,,,,,,,,,,,,,,,,,,,,,,,,,,,,,,,,,,,,,,,,,,,,,,,,,,,,,,,,,,,,,,,,,,,,,,,,,,,,,,,,,,,,,,,,,,,,,,,,,,,,
20251024,18,O3_8h,44,49,46,45,59,84,66,44,28,70,83,68,72,65,46,59,81,66,73,100,97,98,96,82,84,96,93,95,96,90,86,97,87,101,95,88,98,105,99,94,96,83,92,72,96,98,86,111,80,85,62,104,111,91,91,116,90,105,104,90,85,86,76,84,45,37,68,70,103,42,63,73,61,90,112,109,46,71,71,71,66,80,94,74,84,78,89,97,90,96,91,85,82,92,88,90,98,77,79,84,81,72,90,99,92,68,72,82,65,102,40,86,74,18,59,53,81,64,75,76,58,70,67,104,104,115,49,81,60,55,79,73,110,113,119,116,117,105,92,90,80,34,31,51,40,37,30,38,53,64,52,59,56,56,63,89,86,67,68,91,,,,,,,,,,,,,,,,,,,,,,,,,,,,,,101,106,73,78,76,74,87,59,55,62,81,58,87,70,68,74,93,79,61,77,74,70,82,74,81,80,69,72,75,77,84,67,65,70,63,67,62,99,94,90,106,114,98,105,110,91,97,88,103,101,97,78,79,84,96,89,116,116,111,110,122,116,114,110,82,78,71,75,93,84,75,114,106,62,63,107,110,107,115,108,84,83,105,123,119,89,109,108,117,109,98,76,86,98,92,49,99,62,98,50,42,35,40,35,40,34,25,39,40,42,45,,51,68,51,73,111,34,55,83,,66,69,52,57,67,54,54,46,40,56,51,70,33,81,80,96,101,92,,91,85,74,61,90,85,75,52,75,81,30,,59,,35,,70,83,83,66,88,84,82,88,55,43,35,65,66,107,68,62,92,66,84,71,73,90,77,86,,82,110,49,69,50
20251024,18,O3_8h_24h,44,49,51,45,56,84,66,43,27,70,82,68,72,65,45,54,81,65,72,100,97,98,96,82,84,96,92,95,96,90,86,97,87,101,94,86,98,105,99,94,96,82,92,72,96,98,85,111,80,85,62,104,111,90,91,116,90,105,104,90,85,85,76,84,42,22,66,70,103,42,63,73,61,90,112,118,46,71,71,66,65,80,94,74,92,78,89,97,90,96,90,85,81,89,87,90,98,82,79,84,81,72,90,99,92,68,71,82,65,102,40,86,74,18,59,52,76,62,75,76,57,68,66,103,104,115,49,81,60,55,79,60,110,113,119,116,117,105,92,90,80,34,31,51,40,35,29,38,53,64,52,59,55,56,63,89,86,67,68,91,,,,,,,,,,,,,,,,,,,,,,,,,,,,,,101,106,73,77,76,74,83,59,55,62,80,56,87,70,68,74,93,78,61,76,74,68,80,73,81,79,67,71,72,75,84,65,65,67,63,67,62,99,94,89,106,114,98,105,110,91,97,88,103,101,97,83,83,83,96,89,116,116,111,110,122,116,114,110,82,78,71,75,93,87,75,114,106,62,63,107,110,107,115,108,84,83,105,123,119,89,109,108,117,109,98,86,86,98,92,49,99,61,98,50,42,35,40,28,24,34,25,33,40,42,45,,51,68,51,73,111,34,55,82,,68,69,52,55,67,54,54,46,40,56,50,70,33,81,80,96,101,92,,91,85,74,61,86,85,67,52,75,81,30,,59,,35,,70,83,83,66,88,84,82,88,55,43,35,65,66,107,68,62,92,66,84,71,73,78,77,86,,82,110,49,69,50
20251024,18,CO,0.67,0.80,0.67,0.90,1.23,0.62,0.47,0.80,1.17,0.53,0.73,0.68,0.63,0.94,0.82,0.87,0.62,0.46,0.64,0.45,0.47,0.44,0.43,0.47,0.50,0.38,0.54,0.53,0.50,0.53,0.50,0.54,0.80,0.45,0.37,0.38,0.44,0.45,0.50,0.40,0.50,0.43,0.43,0.43,0.50,0.40,0.36,0.47,0.85,0.36,0.64,0.36,0.42,0.55,0.63,0.43,0.60,0.50,0.50,0.57,0.64,0.46,0.50,0.33,0.51,0.50,0.41,0.49,0.25,0.71,0.50,0.55,0.46,0.76,0.48,0.68,1.23,0.42,0.86,1.25,0.40,0.67,0.38,0.51,0.75,0.63,0.40,0.52,0.48,0.43,0.40,0.40,0.65,0.68,0.33,0.40,0.55,0.66,0.53,0.56,0.60,0.63,0.85,0.60,0.55,0.40,0.64,0.40,0.43,0.40,0.96,1.15,1.40,1.35,0.82,2.26,1.18,1.07,0.60,0.90,0.78,0.75,0.55,0.50,0.47,0.58,0.67,0.50,0.82,0.73,0.68,0.65,0.45,0.47,0.65,0.40,0.33,0.37,0.53,0.49,0.53,0.40,0.60,0.90,0.50,0.40,0.63,0.35,0.54,0.33,0.70,0.75,0.80,0.77,0.70,0.60,0.75,0.84,0.30,0.50,,,,,,,,,,,,,,,,,,,,,,,,,,,,,,0.40,0.50,0.40,0.66,0.40,0.93,0.70,0.90,0.50,0.83,0.53,0.70,0.60,0.43,0.50,0.30,0.85,0.83,0.72,0.67,0.80,0.85,1.00,0.65,0.80,0.55,0.35,0.87,1.10,0.67,0.97,0.70,0.70,0.90,0.55,0.65,0.35,0.40,0.32,0.50,0.32,0.32,0.35,0.28,0.32,0.35,0.30,0.40,0.55,0.30,0.53,0.77,0.57,0.37,0.50,0.73,0.55,0.55,0.30,0.64,0.45,0.36,0.58,0.40,0.56,0.82,0.73,0.70,0.62,0.57,0.47,0.40,0.38,0.77,0.58,0.43,0.44,0.50,0.40,0.20,0.63,0.47,0.77,0.70,0.60,0.37,0.33,0.20,0.78,0.30,0.53,0.50,0.65,0.53,0.43,0.50,0.50,0.70,0.55,0.50,0.67,0.37,0.40,0.60,0.57,0.50,0.38,0.75,0.65,0.47,0.70,,0.90,0.57,0.57,0.60,0.45,0.70,0.45,0.50,,0.45,0.60,0.60,0.70,0.35,0.50,0.65,0.27,0.45,0.50,0.55,0.40,0.55,0.50,0.20,0.30,0.30,0.50,,0.20,0.20,0.40,0.63,0.60,0.60,0.60,0.60,0.60,0.50,0.60,,0.50,,0.70,,0.50,0.60,0.60,0.50,0.60,0.40,0.30,0.30,0.53,0.45,0.60,0.75,0.50,0.85,0.25,0.25,0.15,0.20,0.25,0.35,0.20,0.20,0.55,0.70,,0.45,0.30,0.40,0.73,0.63
20251024,18,CO_24h,0.71,0.94,0.67,0.86,0.45,0.63,0.60,0.64,0.73,0.67,0.70,0.55,0.53,1.04,0.85,0.70,0.54,0.53,0.78,0.46,0.45,0.71,0.43,0.66,0.52,0.36,0.63,0.55,0.46,0.43,0.62,0.52,0.68,0.48,0.42,0.32,0.49,0.47,0.65,0.38,0.50,0.43,0.37,0.37,0.40,0.38,0.38,0.50,0.71,0.31,0.64,0.41,0.39,0.45,0.57,0.38,0.55,0.43,0.47,0.50,0.53,0.38,0.50,0.34,0.44,0.49,0.39,0.52,0.25,0.69,0.70,0.60,0.72,0.97,0.53,0.70,1.38,0.62,1.00,0.53,0.43,0.70,0.33,0.46,0.82,0.73,0.44,0.52,0.45,0.30,0.48,0.34,0.57,0.98,0.36,0.42,0.47,0.59,0.52,0.56,0.47,0.57,0.60,0.47,0.53,0.20,0.52,0.40,0.43,0.50,0.96,1.08,0.95,1.15,0.68,1.46,0.80,1.02,0.86,0.85,0.52,0.44,0.53,0.57,0.50,0.48,0.69,0.64,0.73,0.83,0.62,0.50,0.45,0.50,0.65,0.42,0.30,0.40,0.40,0.44,0.50,0.40,0.62,1.02,0.50,0.43,0.65,0.35,0.48,0.40,0.67,0.90,0.83,0.68,0.70,0.80,0.83,0.84,0.50,0.70,,,,,,,,,,,,,,,,,,,,,,,,,,,,,,0.40,0.60,0.40,0.66,0.60,1.10,0.62,0.90,0.93,1.00,0.73,0.60,0.85,0.82,0.80,0.25,0.80,1.30,0.80,0.60,0.67,0.53,0.75,0.75,0.65,0.50,0.45,0.57,0.68,0.70,0.60,0.52,0.63,0.67,0.55,0.45,0.35,0.35,0.32,0.50,0.58,0.38,0.35,0.25,0.28,0.35,0.30,0.50,0.65,0.33,0.53,0.50,0.50,0.37,0.40,0.63,0.55,0.42,0.38,0.56,0.50,0.40,0.57,0.37,0.88,0.82,0.73,0.63,0.64,0.63,0.63,0.50,0.38,0.73,0.54,0.40,0.42,0.40,0.40,0.20,0.67,0.47,0.72,0.65,0.60,0.43,0.30,0.15,0.55,0.25,0.43,0.37,0.60,0.47,0.37,0.50,0.47,0.60,0.50,0.50,0.60,0.40,0.42,0.55,0.50,0.50,0.38,0.65,0.65,0.45,0.70,,0.90,0.63,0.53,0.50,0.35,0.60,0.50,0.45,,0.50,0.60,0.60,0.60,0.40,0.75,0.75,0.30,0.45,0.55,0.70,0.60,0.55,0.45,0.30,0.30,0.35,0.50,,0.30,0.35,0.53,0.77,0.50,0.50,0.95,0.60,0.90,0.75,0.55,,0.50,,0.80,,0.40,0.80,0.50,0.40,0.60,0.40,0.40,0.40,0.53,0.55,0.57,0.95,0.50,1.05,0.45,0.70,0.25,0.75,0.80,0.50,0.60,0.10,0.50,1.25,,0.45,0.20,0.45,0.70,0.57
20251024,19,AQI,110,80,124,81,81,111,123,86,94,103,81,86,106,116,75,76,66,52,126,34,42,32,30,35,61,48,37,47,42,45,51,43,50,40,30,44,42,48,39,44,29,53,47,41,51,33,24,49,75,52,99,37,47,53,49,50,50,50,51,54,51,34,39,37,43,17,44,30,30,73,44,39,53,139,37,48,68,35,79,74,42,81,39,62,75,85,57,61,57,51,57,88,55,61,29,47,47,45,55,58,54,36,73,51,40,50,51,43,28,78,65,86,116,116,69,101,88,100,55,121,70,67,54,60,46,39,118,93,103,120,108,125,55,54,41,56,55,40,47,52,27,12,34,52,56,39,21,29,36,40,76,68,41,65,111,56,76,75,66,102,,,,,,,,,,,,,,,,,,,,,,,,,,,,,,52,55,37,81,57,116,90,80,55,60,66,28,78,51,44,30,73,95,99,103,74,78,85,56,43,79,53,63,93,75,309,80,64,145,68,115,55,61,61,61,57,40,40,51,62,57,54,63,47,52,33,41,40,26,32,33,48,41,48,51,41,36,53,37,84,110,94,129,130,86,52,70,43,94,118,38,101,35,36,50,50,33,42,41,41,51,50,43,54,39,48,44,52,49,41,45,46,37,44,29,16,32,35,13,23,28,32,12,13,17,24,,15,26,78,116,34,64,53,44,,37,35,29,37,40,33,18,42,15,35,19,28,29,21,27,31,32,36,,29,25,44,30,70,96,32,27,73,62,39,,49,,32,,31,57,34,55,31,27,28,41,54,46,21,84,90,128,73,104,112,108,301,53,69,44,101,114,,51,53,51,120,113
20251024,19,PM2.5,83,59,94,60,60,84,93,64,70,77,60,64,80,88,55,56,48,30,96,12,21,11,13,12,31,20,12,21,21,24,22,20,27,17,11,28,22,21,17,24,10,27,22,20,25,12,17,26,55,25,74,22,27,33,30,30,26,31,28,38,36,19,27,21,27,8,31,18,7,53,27,22,24,106,26,28,49,18,58,54,27,60,17,35,46,58,29,38,32,26,27,65,37,30,12,14,32,27,39,38,38,25,53,28,22,35,33,26,16,57,47,64,88,88,50,76,65,75,39,92,51,46,26,39,19,27,89,69,77,91,81,95,31,35,25,30,39,28,31,30,19,6,24,28,40,22,10,18,24,17,56,49,29,47,84,35,46,52,18,37,,,,,,,,,,,,,,,,,,,,,,,,,,,,,,23,32,21,60,27,88,67,59,31,39,35,17,57,32,31,17,53,71,74,77,54,57,63,24,25,42,30,37,69,55,259,59,46,111,46,87,39,31,27,31,38,26,27,29,40,31,21,44,26,31,9,26,28,18,20,17,28,22,27,27,23,21,29,17,62,83,70,98,99,64,34,35,21,70,89,25,76,19,22,20,26,23,28,25,27,30,31,27,37,19,28,31,28,27,29,25,32,24,31,17,11,9,24,9,7,17,12,7,6,11,17,,6,12,57,88,24,46,37,31,,26,17,14,26,15,23,12,29,10,18,12,10,20,9,5,3,3,20,,3,8,31,20,51,72,20,18,53,28,21,,34,,17,,22,11,24,14,3,18,3,19,38,24,12,49,30,97,36,46,62,52,41,18,9,3,60,80,,36,29,23,91,85
20251024,19,PM2.5_24h,61,61,78,35,26,77,82,42,43,74,55,58,71,71,46,40,29,34,45,11,14,17,11,17,35,18,15,17,18,17,23,16,29,18,13,20,19,19,17,16,9,18,18,19,17,10,16,25,39,17,66,18,27,23,20,22,20,23,23,20,21,17,20,17,18,7,22,21,7,53,21,21,34,106,29,26,53,25,42,29,25,34,12,24,45,57,17,34,25,11,18,51,37,17,10,12,24,18,19,19,19,18,24,19,19,15,19,19,17,65,43,75,71,81,38,55,47,52,37,50,26,31,21,20,15,21,81,76,75,84,79,86,29,46,23,31,31,24,24,23,7,4,23,27,22,18,7,15,15,16,61,50,36,40,77,54,41,50,20,43,,,,,,,,,,,,,,,,,,,,,,,,,,,,,,36,64,17,60,36,74,58,37,50,42,39,10,61,37,30,8,35,29,50,41,34,34,50,36,37,27,30,25,33,29,72,19,35,47,18,39,23,29,28,37,26,21,15,20,36,34,22,50,22,17,8,19,18,13,16,15,22,20,19,24,20,19,21,15,71,68,68,95,91,72,56,67,15,53,75,16,60,25,16,25,33,16,24,27,27,28,28,24,27,22,21,18,22,21,19,23,26,19,25,13,6,6,18,8,3,17,9,4,8,11,17,,5,16,45,54,21,38,26,25,,24,11,9,13,16,22,19,31,16,17,12,20,21,13,8,5,2,15,,4,5,21,25,42,42,34,11,71,57,21,,23,,11,,14,22,18,20,13,11,5,12,17,25,7,44,38,92,40,55,72,78,68,25,17,6,51,132,,24,23,17,78,79
20251024,19,PM10,111,99,129,95,106,110,125,93,119,114,97,103,107,121,92,96,67,54,111,34,42,32,30,35,72,48,37,47,42,45,52,43,50,40,30,44,42,48,39,44,26,56,47,41,51,31,24,49,99,53,83,37,47,56,49,50,50,50,51,56,51,34,39,37,43,17,43,30,13,74,44,39,56,190,37,48,71,35,55,81,42,71,39,73,100,119,63,72,63,51,64,86,60,71,29,47,47,45,45,66,46,32,73,51,40,39,51,43,28,102,59,80,138,129,82,133,101,114,47,136,88,84,57,70,46,39,124,104,101,129,142,105,60,57,41,62,55,32,47,53,26,12,33,53,51,39,21,29,36,40,94,62,40,50,100,61,101,99,81,154,,,,,,,,,,,,,,,,,,,,,,,,,,,,,,53,59,37,110,64,139,104,88,60,69,82,28,97,52,41,30,65,106,139,82,67,74,114,61,43,107,56,75,115,99,306,96,75,189,86,139,59,72,71,72,64,40,40,51,73,63,58,75,47,54,23,41,32,19,27,33,48,41,48,52,41,36,55,37,100,116,104,142,164,114,53,89,43,100,156,38,115,35,36,50,50,31,42,41,41,51,50,43,58,39,48,42,54,49,41,45,46,37,41,29,15,32,35,11,23,28,32,12,12,17,23,,8,26,76,92,32,56,46,41,,34,35,29,26,40,16,18,42,15,35,19,28,25,16,8,13,8,36,,10,18,,30,77,76,32,27,83,74,39,,45,,32,,24,63,32,60,28,25,10,41,44,46,21,118,130,176,96,158,174,165,421,56,88,44,152,177,,49,56,52,139,
20251024,19,PM10_24h,86,103,104,70,54,79,98,59,76,103,78,77,84,96,68,63,45,54,78,30,36,39,28,41,65,37,40,40,38,35,46,36,54,35,32,34,38,38,36,34,27,37,38,39,37,24,18,43,69,36,85,31,46,38,34,37,37,39,41,31,33,26,29,30,30,12,32,35,12,80,35,30,56,188,43,43,76,47,68,42,39,69,25,45,80,96,38,60,50,22,46,75,55,36,27,36,36,32,29,34,26,25,37,31,31,25,34,37,25,102,65,80,122,119,62,96,66,79,61,73,58,53,44,38,36,36,117,86,99,111,134,95,44,57,38,55,40,36,36,38,14,6,34,43,37,29,11,24,25,24,97,61,37,36,92,97,96,78,71,165,,,,,,,,,,,,,,,,,,,,,,,,,,,,,,64,101,27,104,61,102,104,48,86,72,67,22,96,52,47,20,46,57,93,55,56,58,95,62,79,49,49,38,57,52,96,30,63,80,46,63,34,58,58,60,48,36,29,38,62,66,45,80,40,37,23,31,28,19,24,27,38,38,38,42,41,37,44,34,95,94,94,146,151,117,79,120,35,69,131,34,95,37,27,40,53,25,40,41,32,44,43,40,42,36,40,32,37,36,27,39,37,26,36,24,11,18,24,10,16,24,26,6,13,16,17,,5,24,57,58,26,47,35,36,,33,24,26,23,35,20,25,35,23,30,17,31,26,21,19,12,12,30,,9,10,27,38,60,56,45,21,98,115,33,,27,,27,,15,32,21,29,27,29,9,26,35,42,10,137,113,179,102,172,199,224,202,71,66,26,125,234,,37,44,19,107,65
20251024,19,SO2,3,9,3,8,13,7,6,7,5,4,4,6,6,12,10,10,8,7,12,6,5,6,3,7,9,5,8,8,6,10,9,7,8,8,6,4,7,7,8,6,4,2,5,4,6,5,2,8,8,6,10,6,7,8,8,7,8,7,8,6,8,6,6,7,7,3,5,4,5,2,4,11,8,13,4,8,17,6,13,9,6,10,4,8,13,7,5,8,8,7,8,7,3,8,4,5,8,8,8,12,7,7,6,7,6,3,5,7,3,6,8,11,10,9,42,18,14,11,10,14,8,7,9,7,5,5,10,4,10,11,9,8,7,9,8,6,7,8,7,8,4,7,6,12,7,5,1,5,6,5,3,3,4,5,4,4,12,12,5,7,,,,,,,,,,,,,,,,,,,,,,,,,,,,,,6,4,6,6,6,10,6,11,3,13,7,6,10,14,8,4,14,21,6,8,9,9,28,14,10,10,6,6,18,13,15,5,7,9,9,22,10,6,7,8,7,7,5,8,8,6,4,8,8,8,5,4,4,7,5,5,12,13,9,6,11,8,5,5,6,8,9,8,8,11,3,6,6,6,9,8,4,7,5,6,5,6,7,7,6,4,4,6,7,8,8,6,4,4,4,11,5,7,9,1,3,6,3,6,6,6,5,5,9,4,4,,5,12,4,11,4,9,3,3,,4,5,3,10,5,8,7,5,5,7,6,8,7,7,3,5,11,11,,8,4,5,5,5,4,27,8,7,4,11,,4,,7,,4,16,10,12,13,10,2,17,12,12,4,8,13,18,11,5,7,7,2,7,3,4,16,13,,28,8,3,10,6
20251024,19,SO2_24h,3,10,3,10,8,8,5,7,6,4,5,7,6,9,8,10,9,8,11,6,5,7,4,8,9,5,9,9,6,10,9,8,9,8,6,4,7,9,8,6,4,3,5,4,6,5,2,8,8,6,10,8,6,7,8,7,7,7,7,5,8,7,6,7,7,4,4,4,5,2,6,12,10,10,5,8,16,10,16,10,7,19,3,8,15,10,5,9,8,6,7,7,4,12,4,6,8,8,9,12,7,6,6,6,6,3,5,8,3,8,10,14,8,10,17,22,11,10,18,9,7,8,10,7,7,4,10,7,10,11,8,11,7,9,9,6,8,7,8,7,4,7,6,38,8,5,2,5,4,5,3,4,5,5,5,5,21,13,7,10,,,,,,,,,,,,,,,,,,,,,,,,,,,,,,6,5,5,6,6,9,9,11,6,19,9,6,13,11,7,5,12,15,9,6,9,8,9,16,13,10,5,7,10,12,11,5,6,7,11,7,5,7,8,8,8,8,5,7,8,8,4,9,8,7,5,4,4,7,6,5,10,15,21,6,11,8,7,7,9,8,10,8,8,11,4,6,7,7,10,8,4,9,4,6,5,6,7,7,7,6,5,7,7,8,9,5,6,4,4,16,4,7,9,3,3,6,5,6,5,6,8,5,9,3,5,,6,12,3,17,4,13,5,4,,4,6,3,11,5,5,12,7,15,7,6,10,6,7,3,4,9,8,,8,4,6,5,5,6,36,8,8,8,10,,3,,6,,4,13,6,10,11,11,2,17,7,7,4,6,10,13,8,5,10,7,6,7,4,4,12,14,,10,9,3,10,7
20251024,19,NO2,43,58,49,52,68,44,41,45,51,37,53,54,43,40,70,92,33,67,57,17,22,30,15,40,49,28,28,26,26,20,30,22,31,26,18,20,31,34,28,17,11,50,20,20,30,11,13,19,52,38,49,30,17,37,21,27,33,30,35,21,19,22,19,11,25,25,16,18,15,28,34,38,42,39,16,23,77,36,55,61,59,67,14,44,67,54,31,51,30,31,37,39,42,57,17,35,16,19,22,28,25,15,37,19,19,12,25,37,12,26,43,32,29,52,59,80,87,75,44,75,41,52,25,44,24,24,43,46,47,43,28,36,25,23,21,13,8,11,11,17,10,11,19,31,15,23,18,13,13,18,26,22,29,30,30,15,22,60,17,12,,,,,,,,,,,,,,,,,,,,,,,,,,,,,,25,27,17,25,41,42,24,43,67,23,58,16,46,28,38,37,19,57,87,64,32,75,84,60,32,43,37,39,66,30,58,39,48,66,22,44,33,31,30,38,24,13,14,22,39,24,33,25,26,32,9,31,16,8,14,6,23,16,13,17,19,11,9,14,32,41,63,36,28,25,31,23,13,29,36,28,24,16,21,24,27,10,17,16,24,23,13,12,19,12,4,11,17,13,13,20,14,15,10,7,27,16,18,24,33,12,24,18,9,13,7,,10,7,12,14,13,15,9,12,,9,11,12,16,8,7,8,7,15,16,15,13,14,11,2,10,4,23,,2,4,12,23,19,34,17,21,24,15,24,,15,,7,,9,19,4,15,5,1,17,6,32,32,16,24,39,25,16,11,4,12,8,14,5,54,36,28,,17,19,16,67,26
20251024,19,NO2_24h,38,55,35,38,43,37,39,27,35,36,46,47,33,42,49,49,23,44,50,17,19,27,14,25,33,17,28,24,23,18,29,19,28,24,17,18,25,25,23,13,9,29,22,19,23,11,10,17,39,22,38,21,17,19,13,19,21,23,24,15,12,15,16,10,19,17,11,23,10,30,24,27,40,52,17,23,53,36,37,24,34,48,9,26,52,41,27,35,19,12,34,34,23,21,12,26,10,15,14,13,11,9,10,13,13,3,16,17,12,30,31,25,34,40,43,54,39,45,38,39,23,33,23,25,22,20,39,35,37,33,29,30,21,20,21,10,9,9,10,10,6,11,16,21,15,16,12,11,8,11,26,20,25,27,30,22,32,37,22,27,,,,,,,,,,,,,,,,,,,,,,,,,,,,,,19,27,11,21,25,36,18,29,42,39,45,15,38,39,27,22,14,37,46,38,37,40,37,32,27,32,39,25,28,19,27,17,38,30,25,32,16,25,27,28,25,13,8,14,29,25,23,24,30,20,8,14,12,6,12,7,16,13,19,11,15,10,8,16,31,32,43,34,26,22,31,23,14,22,30,18,18,18,13,23,20,7,16,13,17,16,9,10,13,12,4,8,13,8,8,20,11,8,8,7,15,9,14,15,15,11,25,13,13,10,12,,10,7,10,11,9,13,8,11,,7,7,9,12,10,7,14,8,14,10,10,13,13,11,6,5,7,18,,11,2,10,32,13,26,30,13,32,31,20,,11,,7,,9,16,9,4,14,3,12,4,22,24,11,39,48,51,25,33,20,49,36,19,14,15,37,61,,18,16,9,46,28
20251024,19,O3,31,35,26,16,14,60,50,22,6,59,34,26,59,63,8,6,74,23,51,91,84,75,91,53,53,73,74,75,82,82,73,85,70,92,84,67,88,90,77,87,93,37,70,60,82,104,75,111,45,57,46,89,120,64,76,93,70,81,82,76,75,65,63,108,34,13,52,65,95,41,45,63,49,114,110,115,16,60,44,23,28,29,89,50,45,40,66,39,66,79,66,60,47,32,78,66,89,61,70,65,50,68,51,91,90,60,55,46,47,82,30,62,65,11,28,14,11,16,49,23,33,31,54,68,94,106,41,51,49,39,84,42,85,100,124,121,96,92,108,74,72,31,26,52,38,28,24,36,43,39,58,59,39,43,48,87,91,39,74,88,,,,,,,,,,,,,,,,,,,,,,,,,,,,,,87,94,54,70,53,69,64,57,16,86,40,36,60,72,36,37,97,35,11,28,67,18,11,18,45,53,44,34,15,53,44,33,41,11,73,57,37,84,75,64,88,109,71,86,79,84,71,74,86,76,104,47,57,73,103,79,105,115,102,126,127,114,107,99,67,56,30,69,77,89,61,100,98,44,52,87,88,95,104,96,66,67,112,112,106,59,100,104,113,100,88,87,84,105,88,47,90,47,92,44,26,29,40,17,10,37,28,32,40,35,31,,49,60,58,67,98,25,56,74,,60,54,37,44,52,50,41,46,33,47,42,66,31,67,85,100,103,83,,94,79,73,49,61,60,68,50,68,87,26,,52,,26,,66,74,94,62,100,85,91,95,56,42,34,88,57,144,91,91,107,99,90,91,86,41,89,110,,81,104,54,33,51
20251024,19,O3_24h,,,,,,,,,,,,,,,,,,,,,,,,,,,,,,,,,,,,,,,,,,,,,,,,,,,,,,,,,,,,,,,,,,,,,,,,,,,,,,,,,,,,,,,,,,,,,,,,,,,,,,,,,,,,,,,,,,,,,,,,,,,,,,,,,,,,,,,,,,,,,,,,,,,,,,,,,,,,,,,,,,,,,,,,,,,,,,,,,,,,,,,,,,,,,,,,,,,,,,,,,,,,,,,,,,,,,,,,,,,,,,,,,,,,,,,,,,,,,,,,,,,,,,,,,,,,,,,,,,,,,,,,,,,,,,,,,,,,,,,,,,,,,,,,,,,,,,,,,,,,,,,,,,,,,,,,,,,,,,,,,,,,,,,,,,,,,,,,,,,,,,,,,,,,,,,,,,,,,,,,,,,,,,,,,,,,,,,
20251024,19,O3_8h,46,51,47,45,59,85,69,44,28,73,83,69,74,70,46,59,84,66,73,100,98,98,97,83,84,96,93,95,96,91,86,98,88,102,97,88,99,106,99,95,97,83,92,73,97,102,86,114,78,85,63,106,116,91,92,118,90,105,104,90,85,86,76,91,45,37,68,74,103,43,66,75,63,101,116,113,47,75,71,71,66,81,94,74,95,78,89,97,91,96,91,86,82,92,88,90,99,81,81,85,81,73,90,101,94,69,72,82,66,104,41,86,76,18,59,53,81,65,75,76,58,70,67,104,105,116,51,82,62,55,83,73,110,114,124,119,117,105,97,90,80,34,31,55,43,37,30,39,54,64,53,60,56,56,63,90,91,69,73,96,,,,,,,,,,,,,,,,,,,,,,,,,,,,,,102,110,73,78,79,80,87,63,55,69,81,58,88,76,68,74,97,79,61,77,78,70,82,74,81,80,69,72,75,77,84,68,65,71,67,68,62,101,95,90,106,117,98,105,110,93,98,90,103,101,100,78,79,84,100,89,117,118,112,115,126,118,116,111,84,78,71,79,96,91,75,117,107,62,64,108,110,109,116,110,84,83,108,123,121,89,109,109,118,109,98,78,88,101,93,51,99,62,99,50,42,37,40,35,40,37,26,39,42,43,45,,53,68,54,74,111,35,57,83,,71,69,52,57,67,56,54,47,40,58,51,75,34,81,85,101,105,92,,95,85,76,62,90,86,75,52,78,85,31,,59,,36,,71,85,87,67,93,86,85,92,57,47,36,76,69,123,76,65,99,77,92,78,81,90,86,99,,87,112,51,70,52
20251024,19,O3_8h_24h,45,51,51,44,50,84,69,41,26,73,80,66,74,70,41,48,83,60,71,99,98,97,97,80,83,95,91,94,96,91,86,97,88,102,96,84,99,106,98,94,97,77,90,72,97,102,84,114,79,81,63,106,116,88,92,118,89,105,104,89,85,83,76,91,42,21,65,74,103,43,66,74,63,101,116,122,46,75,71,61,61,77,94,73,90,76,88,92,89,95,88,86,78,84,86,89,99,81,81,84,79,73,86,101,94,69,71,79,66,104,40,84,75,18,58,48,68,57,73,70,56,66,65,100,105,116,50,81,62,54,83,58,107,114,124,119,115,103,97,89,80,34,31,55,43,35,28,39,52,63,53,60,54,55,62,90,91,69,73,96,,,,,,,,,,,,,,,,,,,,,,,,,,,,,,102,110,71,77,79,80,82,63,53,69,76,53,87,76,65,71,97,74,56,72,78,63,72,69,79,77,66,68,65,72,81,64,62,64,67,67,61,101,95,88,106,117,96,105,108,93,97,90,102,100,100,79,81,82,100,89,117,118,111,115,126,118,116,111,84,78,70,79,96,91,74,116,107,66,64,107,108,109,116,110,82,81,108,123,121,87,109,109,118,108,98,89,88,101,93,51,99,60,99,50,41,37,40,27,22,37,26,32,42,43,45,,53,68,54,74,110,35,57,82,,71,69,52,54,66,56,52,47,40,58,50,75,34,79,85,101,105,92,,95,85,76,61,84,85,69,52,78,85,31,,58,,36,,71,85,87,67,93,86,85,92,57,47,36,76,69,123,76,72,99,77,92,78,81,73,86,99,,87,112,51,69,52
20251024,19,CO,0.71,0.88,0.79,1.02,1.35,0.72,0.53,0.84,1.20,0.63,0.95,0.78,0.68,1.03,0.86,1.06,0.63,0.73,0.81,0.48,0.48,0.44,0.46,0.53,0.58,0.42,0.59,0.57,0.52,0.60,0.52,0.56,0.70,0.49,0.37,0.40,0.47,0.43,0.50,0.40,0.50,0.57,0.43,0.43,0.57,0.33,0.40,0.51,0.99,0.42,0.71,0.38,0.43,0.58,0.67,0.40,0.64,0.50,0.57,0.60,0.66,0.48,0.53,0.30,0.52,0.50,0.41,0.53,0.32,0.74,0.55,0.65,0.52,0.80,0.50,0.68,1.48,0.50,0.94,1.03,0.43,1.10,0.35,0.66,0.92,0.80,0.44,0.63,0.55,0.53,0.47,0.54,0.70,0.78,0.34,0.43,0.57,0.67,0.58,0.66,0.68,0.70,1.10,0.60,0.57,0.50,0.78,0.50,0.40,0.45,1.04,1.12,1.05,1.35,1.06,2.22,1.32,1.22,0.74,1.28,0.78,0.76,0.53,0.62,0.50,0.60,0.68,0.60,0.88,0.80,0.66,0.70,0.57,0.47,0.68,0.45,0.33,0.40,0.53,0.46,0.57,0.40,0.60,0.88,0.57,0.43,0.67,0.35,0.58,0.50,0.70,0.75,0.77,0.77,0.75,0.60,0.80,0.92,0.28,0.50,,,,,,,,,,,,,,,,,,,,,,,,,,,,,,0.43,0.50,0.40,0.70,0.48,1.00,0.76,1.20,0.63,0.73,0.70,0.60,0.85,0.38,0.70,0.45,0.95,0.95,0.98,0.93,0.72,0.93,1.55,0.90,0.90,0.70,0.35,0.77,1.18,0.67,1.00,0.78,0.68,1.03,0.60,0.65,0.50,0.43,0.34,0.53,0.35,0.38,0.45,0.28,0.36,0.38,0.35,0.40,0.53,0.35,0.50,0.80,0.67,0.40,0.50,0.73,0.65,0.53,0.33,0.62,0.45,0.36,0.58,0.43,0.62,0.85,0.90,0.73,0.66,0.67,0.55,0.40,0.43,0.90,0.60,0.50,0.54,0.45,0.77,0.20,0.70,0.47,0.77,0.70,0.60,0.50,0.33,0.20,0.78,0.30,0.57,0.50,0.63,0.57,0.47,0.55,0.50,0.70,0.55,0.50,0.75,0.40,0.40,0.60,0.57,0.47,0.38,0.70,0.65,0.47,0.60,,0.90,0.53,0.57,0.63,0.45,0.70,0.50,0.50,,0.45,0.65,0.60,0.70,0.45,0.60,0.65,0.33,0.45,0.60,0.60,0.50,0.60,0.50,0.20,0.30,0.30,0.60,,0.20,0.25,0.50,0.73,0.60,0.70,0.50,0.70,0.70,0.55,0.60,,0.60,,0.60,,0.50,0.80,0.50,0.60,0.40,0.40,0.40,0.40,0.70,0.60,0.63,0.85,0.55,0.90,0.25,0.25,0.15,0.25,0.15,0.40,0.20,0.20,0.55,0.60,,0.45,0.30,0.35,0.92,0.60
20251024,19,CO_24h,0.71,0.94,0.68,0.85,0.50,0.63,0.59,0.64,0.73,0.67,0.70,0.55,0.53,1.04,0.84,0.71,0.54,0.54,0.81,0.46,0.45,0.71,0.43,0.66,0.52,0.36,0.63,0.55,0.48,0.45,0.62,0.52,0.68,0.48,0.42,0.32,0.49,0.47,0.67,0.38,0.50,0.43,0.40,0.37,0.42,0.38,0.38,0.50,0.72,0.33,0.64,0.41,0.39,0.45,0.57,0.38,0.55,0.43,0.47,0.50,0.53,0.38,0.50,0.34,0.44,0.49,0.39,0.53,0.25,0.69,0.70,0.60,0.70,0.96,0.53,0.68,1.41,0.62,1.00,0.55,0.43,0.72,0.33,0.47,0.82,0.75,0.40,0.53,0.47,0.32,0.48,0.38,0.57,0.96,0.36,0.42,0.47,0.59,0.52,0.56,0.50,0.57,0.60,0.47,0.53,0.20,0.52,0.40,0.43,0.50,0.99,1.10,0.95,1.18,0.70,1.52,0.82,1.05,0.86,0.88,0.52,0.44,0.53,0.58,0.50,0.52,0.69,0.64,0.75,0.83,0.62,0.55,0.45,0.50,0.68,0.42,0.30,0.40,0.40,0.44,0.50,0.40,0.62,1.02,0.50,0.43,0.65,0.35,0.50,0.40,0.70,0.95,0.83,0.70,0.70,0.80,0.87,0.84,0.50,0.70,,,,,,,,,,,,,,,,,,,,,,,,,,,,,,0.40,0.60,0.40,0.66,0.57,1.10,0.62,0.93,0.93,1.00,0.73,0.60,0.85,0.82,0.80,0.25,0.80,1.28,0.80,0.60,0.70,0.53,0.80,0.75,0.70,0.45,0.40,0.53,0.70,0.70,0.60,0.52,0.63,0.67,0.55,0.45,0.35,0.35,0.32,0.53,0.58,0.38,0.35,0.25,0.28,0.35,0.30,0.50,0.65,0.33,0.53,0.50,0.50,0.37,0.40,0.67,0.55,0.42,0.38,0.56,0.50,0.40,0.55,0.37,0.88,0.82,0.73,0.63,0.64,0.63,0.63,0.50,0.35,0.73,0.56,0.40,0.42,0.40,0.40,0.20,0.67,0.47,0.72,0.65,0.60,0.40,0.30,0.20,0.55,0.25,0.43,0.37,0.60,0.47,0.40,0.53,0.47,0.60,0.50,0.50,0.60,0.40,0.40,0.55,0.50,0.50,0.38,0.65,0.65,0.45,0.70,,0.90,0.63,0.53,0.50,0.35,0.60,0.45,0.45,,0.50,0.60,0.60,0.60,0.40,0.75,0.75,0.30,0.45,0.55,0.65,0.60,0.55,0.45,0.30,0.30,0.35,0.50,,0.30,0.35,0.50,0.77,0.50,0.50,0.95,0.60,0.90,0.75,0.55,,0.50,,0.80,,0.40,0.80,0.50,0.40,0.60,0.40,0.40,0.40,0.53,0.55,0.57,0.95,0.50,1.05,0.45,0.70,0.25,0.70,0.80,0.50,0.60,0.10,0.50,1.25,,0.45,0.20,0.45,0.70,0.57
20251024,20,AQI,114,86,125,81,88,118,119,91,90,111,89,99,110,121,74,76,71,61,146,34,43,35,35,37,66,53,37,48,43,46,51,44,55,44,28,44,44,41,38,41,29,62,52,44,52,35,24,54,86,56,103,42,52,54,50,52,54,49,54,43,53,35,39,38,45,15,46,34,25,71,43,39,59,129,42,51,80,47,90,59,40,113,35,65,83,94,58,64,66,60,54,91,56,59,27,43,49,42,74,57,43,31,53,50,38,49,54,45,26,88,68,88,99,106,81,111,93,99,75,130,60,85,53,62,51,47,116,99,109,125,108,124,59,60,42,57,56,33,50,53,26,11,34,51,60,41,21,28,37,42,78,64,53,73,123,59,70,100,63,105,,,,,,,,,,,,,,,,,,,,,,,,,,,,,,53,82,31,75,66,129,84,90,68,64,63,25,91,39,47,35,75,126,121,128,76,99,130,54,55,74,58,65,101,79,242,79,73,143,70,89,63,65,68,58,61,46,46,53,66,59,55,67,52,52,43,41,43,23,34,34,54,47,53,51,51,45,56,39,98,118,100,135,140,113,58,95,43,90,125,46,111,35,46,55,54,41,47,42,56,46,53,44,61,39,45,65,52,47,44,43,47,37,49,20,15,33,38,14,16,27,33,10,13,19,29,,15,24,76,133,39,51,55,51,,40,32,33,36,39,36,21,39,24,39,21,34,30,22,26,30,27,60,,28,24,41,29,68,95,40,29,93,58,41,,53,,54,,30,41,44,30,28,28,27,76,60,53,18,96,94,133,75,115,118,105,113,55,66,58,102,114,,47,57,46,124,115
20251024,20,PM2.5,86,64,95,60,65,89,90,68,67,84,66,74,83,92,54,54,52,44,112,12,17,13,15,14,36,24,12,21,23,23,23,20,32,19,9,28,23,17,17,21,9,38,26,20,28,14,16,31,64,30,77,25,26,35,30,33,30,30,29,28,37,20,26,20,26,9,32,20,10,52,29,22,29,98,26,29,59,26,67,41,28,85,16,40,56,69,34,43,44,37,22,68,37,32,12,13,34,27,54,36,28,22,33,30,19,34,37,25,18,65,49,65,74,80,60,84,69,74,55,99,38,63,37,39,23,33,88,74,82,95,81,94,42,43,28,31,40,23,32,33,18,7,24,29,43,22,11,16,26,23,57,46,37,53,93,37,42,56,23,37,,,,,,,,,,,,,,,,,,,,,,,,,,,,,,27,44,18,48,41,98,62,67,30,46,45,13,68,25,32,16,55,96,92,97,56,74,99,32,33,54,33,47,76,46,192,58,53,109,51,66,42,35,39,31,44,29,26,29,40,35,28,46,31,27,8,25,30,15,18,23,37,30,31,28,26,28,35,20,73,89,75,103,107,85,41,71,18,67,95,30,84,24,31,25,30,29,29,28,40,31,34,30,44,19,27,47,31,26,30,28,33,26,34,13,8,7,23,10,4,19,16,7,7,12,14,,5,12,56,101,27,36,39,36,,28,17,12,25,16,25,15,27,17,19,10,14,21,11,5,8,3,42,,3,7,29,20,49,71,20,14,69,30,26,,37,,38,,21,15,31,17,3,19,6,56,43,27,11,61,35,101,39,46,63,50,75,21,3,19,62,70,,33,37,20,94,87
20251024,20,PM2.5_24h,62,61,79,36,27,77,83,42,44,75,55,59,72,72,46,41,31,34,48,11,15,17,11,17,35,19,15,17,18,17,23,16,30,18,13,20,20,19,17,17,9,19,18,19,17,10,15,25,40,17,67,19,27,23,20,23,21,24,23,20,22,17,20,17,18,7,22,21,7,53,21,21,34,106,29,26,53,25,44,29,25,37,12,23,45,58,17,34,26,12,19,52,37,18,10,12,24,19,21,19,19,18,25,19,19,16,19,20,17,65,44,74,72,81,39,57,48,53,37,51,26,32,21,20,16,21,81,76,76,85,79,87,29,46,23,31,30,24,24,24,8,5,23,27,23,18,7,15,16,17,61,50,36,41,79,53,41,51,21,43,,,,,,,,,,,,,,,,,,,,,,,,,,,,,,36,63,17,60,36,75,58,38,50,43,38,10,62,37,30,8,36,31,52,44,35,36,51,36,36,29,29,25,35,30,78,20,36,50,19,38,24,29,28,37,27,21,16,21,36,35,22,50,22,18,7,18,18,13,16,16,23,21,19,24,20,19,21,16,71,68,69,96,93,73,55,68,15,53,77,16,62,26,16,25,33,17,24,27,27,28,28,24,27,22,22,20,23,22,20,23,27,20,26,13,6,6,18,8,3,17,10,4,8,10,16,,5,16,46,56,21,38,26,26,,24,12,9,13,16,22,19,31,16,16,11,19,21,12,8,5,2,16,,4,5,21,25,43,44,34,11,71,57,21,,23,,12,,15,22,19,20,12,11,5,14,17,25,7,45,39,92,40,55,70,77,69,24,16,6,51,130,,24,24,17,79,80
20251024,20,PM10,116,108,133,97,111,113,114,101,116,118,109,110,111,132,83,102,73,66,147,34,43,35,35,37,82,56,37,48,43,46,52,44,60,44,28,44,44,41,38,41,26,74,53,44,54,35,24,57,114,61,90,42,54,58,50,54,58,49,57,43,53,35,39,38,45,15,45,34,21,70,43,39,67,187,42,51,91,47,62,67,40,122,35,80,115,137,66,78,81,69,58,107,62,68,26,43,48,42,57,63,43,27,55,50,38,41,57,45,24,115,60,87,102,121,98,148,120,117,65,151,69,94,53,74,52,47,125,101,112,138,149,99,66,69,42,63,51,31,50,56,26,11,33,51,57,41,21,28,36,42,90,,45,55,102,68,89,149,75,159,,,,,,,,,,,,,,,,,,,,,,,,,,,,,,55,113,31,100,81,144,100,100,85,77,75,25,98,39,47,35,67,140,157,116,63,116,153,57,60,93,65,68,137,108,246,89,81,195,84,105,76,80,86,66,69,46,46,56,81,67,59,83,54,54,43,41,33,20,28,34,58,47,55,52,52,45,62,39,110,122,114,147,188,122,63,138,43,101,162,46,123,35,46,59,57,32,47,42,48,46,55,44,62,39,45,39,53,47,44,43,46,31,42,20,15,33,38,13,16,27,33,10,13,19,29,,10,24,69,90,35,44,47,52,,40,32,33,25,39,17,21,35,22,39,21,34,25,14,10,30,15,70,,11,12,34,28,75,71,40,29,86,65,41,,47,,35,,,41,38,30,28,28,15,58,53,55,18,142,137,179,99,180,186,159,175,59,81,66,154,178,,47,63,46,137,
20251024,20,PM10_24h,88,104,105,72,55,80,99,60,78,104,79,79,85,98,69,65,46,55,81,30,36,39,28,41,65,38,40,40,38,35,47,36,54,36,32,34,38,39,37,34,27,39,39,39,38,24,18,43,71,37,84,32,46,39,35,39,38,39,42,32,34,27,29,31,31,12,33,35,12,79,35,29,56,188,43,43,77,47,68,43,39,71,25,45,81,99,38,60,51,25,47,76,55,37,27,36,36,32,30,35,27,25,37,32,32,26,35,38,25,101,65,80,122,119,63,99,69,80,60,75,58,54,43,39,37,36,117,87,99,112,135,95,44,58,38,55,41,36,37,39,15,6,34,44,38,29,11,24,25,25,96,60,37,36,91,94,95,81,71,164,,,,,,,,,,,,,,,,,,,,,,,,,,,,,,64,102,27,103,62,103,105,49,87,72,63,22,96,51,40,20,47,61,96,58,54,60,98,62,78,51,48,38,60,54,102,32,62,83,46,61,34,59,59,60,48,36,30,38,63,66,45,80,40,37,24,31,28,20,24,27,38,38,39,42,42,38,43,34,95,95,95,145,153,118,78,121,35,69,133,34,97,37,28,40,53,26,41,41,32,43,43,40,42,36,40,32,38,37,28,39,38,26,36,24,11,18,24,10,16,24,26,6,13,16,16,,5,24,59,59,26,46,35,36,,33,25,26,23,35,20,25,35,23,30,17,32,26,21,19,12,12,31,,10,10,28,37,62,57,45,21,97,112,34,,27,,27,,16,32,22,29,27,28,9,27,34,43,10,137,114,179,102,172,197,224,203,70,66,26,127,232,,38,46,18,108,65
20251024,20,SO2,3,9,3,8,13,7,6,8,4,4,3,5,6,12,9,10,8,7,13,6,5,5,4,7,9,5,8,8,6,9,9,14,8,8,6,4,7,7,8,6,4,2,5,4,6,5,2,7,8,7,9,6,7,8,8,7,8,7,8,6,9,6,5,7,7,4,6,4,5,2,5,17,7,12,5,8,15,6,13,9,5,10,3,8,13,7,7,8,9,7,6,6,3,8,4,6,8,9,10,12,10,6,7,7,6,3,6,9,3,7,8,15,6,9,67,15,11,11,10,12,8,8,9,7,5,5,9,4,10,10,8,7,9,9,8,6,7,8,8,9,5,7,6,11,7,5,1,5,7,5,3,3,4,6,4,4,10,13,6,8,,,,,,,,,,,,,,,,,,,,,,,,,,,,,,6,4,6,4,4,11,5,10,3,14,11,5,11,11,8,3,14,19,10,29,8,12,10,12,11,8,6,7,15,13,14,5,7,8,13,7,7,7,8,9,7,8,5,8,7,6,3,8,7,7,5,4,3,8,5,5,14,17,8,7,10,8,4,5,7,9,9,8,8,11,3,6,6,7,10,8,5,9,7,6,5,6,7,8,7,6,5,6,6,9,8,6,5,4,4,11,5,8,9,1,2,7,3,6,5,6,6,5,10,4,5,,6,10,4,14,4,9,4,3,,5,6,3,11,5,7,7,5,5,7,6,8,7,7,3,5,12,17,,10,4,6,5,5,3,13,7,7,8,11,,3,,7,,5,14,6,10,13,11,2,18,10,11,4,8,11,16,9,5,7,7,3,6,4,4,14,12,,56,8,3,10,6
20251024,20,SO2_24h,3,10,3,10,8,7,5,7,6,4,5,7,6,9,8,10,9,8,11,6,5,7,4,8,9,5,8,9,6,10,9,8,8,8,6,4,7,9,8,6,4,3,5,4,6,5,2,8,8,6,10,8,6,7,8,7,8,7,7,5,8,7,6,7,7,4,4,4,5,2,6,12,10,10,5,8,16,10,16,10,7,19,3,8,15,10,5,9,8,6,7,7,4,12,4,6,8,8,9,12,7,6,6,6,6,3,5,8,3,8,10,15,8,10,19,22,11,11,17,9,7,8,10,7,7,4,10,6,10,11,8,11,7,9,9,6,8,7,8,7,4,7,6,38,8,5,2,5,4,5,3,4,4,5,5,5,21,13,7,10,,,,,,,,,,,,,,,,,,,,,,,,,,,,,,6,5,5,6,6,9,9,11,6,19,9,6,13,11,7,5,12,16,9,7,9,8,9,16,13,10,5,7,10,12,11,5,6,7,10,7,5,7,8,8,8,8,5,7,8,8,4,9,8,7,5,4,4,7,6,5,10,15,20,6,11,8,7,7,9,8,10,8,8,11,4,6,7,7,10,8,4,9,4,6,5,6,7,7,7,6,5,7,7,8,9,5,5,4,4,15,4,7,9,3,3,6,5,6,5,6,8,5,9,3,5,,6,12,3,16,4,13,5,4,,4,6,3,11,5,5,12,7,14,7,6,10,6,7,3,4,9,8,,8,4,6,5,5,5,36,8,8,8,10,,3,,6,,4,13,6,10,11,11,2,17,7,7,4,6,11,13,8,5,10,7,6,7,4,4,13,13,,12,9,3,10,7
20251024,20,NO2,46,69,56,57,60,56,42,45,49,35,66,64,54,49,63,94,33,72,58,18,23,32,17,41,53,34,30,29,25,19,28,24,32,31,18,20,29,31,27,17,10,60,38,26,28,12,14,22,65,46,48,31,17,43,22,28,39,31,36,24,23,19,19,10,24,23,16,22,26,30,52,35,67,49,17,22,81,46,63,56,64,81,13,54,78,67,32,53,44,51,41,52,49,63,13,42,13,20,25,23,21,13,25,18,20,7,21,34,10,32,53,32,23,49,80,74,78,72,69,82,30,62,22,34,26,26,42,56,50,45,35,37,28,26,23,12,9,13,11,20,10,12,17,28,14,27,16,14,15,18,25,18,24,29,32,18,24,72,32,29,,,,,,,,,,,,,,,,,,,,,,,,,,,,,,24,29,14,23,40,43,18,45,59,37,41,11,61,28,35,24,16,65,80,72,42,65,77,35,56,30,39,43,61,26,39,35,44,62,25,30,33,25,30,31,29,14,12,28,36,26,33,28,26,33,8,27,26,7,13,10,27,20,16,16,17,16,11,14,32,50,61,39,30,24,38,26,10,25,34,31,21,16,25,27,27,12,17,16,29,23,16,12,14,11,4,11,20,12,10,23,13,19,12,5,23,15,16,25,22,10,29,19,11,13,15,,16,7,11,15,19,11,9,14,,9,9,9,17,8,8,10,8,14,16,13,20,12,8,4,11,17,52,,4,2,13,35,18,29,17,20,32,20,18,,15,,6,,9,15,4,4,11,1,17,26,44,42,15,44,49,43,36,37,19,30,16,39,7,75,50,43,,17,18,11,70,29
20251024,20,NO2_24h,38,54,36,39,43,38,38,27,35,35,46,47,34,41,50,51,24,45,49,17,19,27,14,26,33,18,28,25,23,18,29,19,28,24,17,18,24,25,23,13,9,30,22,19,24,10,11,18,40,23,38,22,17,20,13,19,21,23,24,15,12,15,16,10,20,17,11,23,10,30,25,27,41,52,17,24,53,35,39,25,35,49,9,26,53,42,26,35,20,13,35,34,24,23,12,27,10,14,15,14,12,9,11,13,14,3,16,17,12,30,32,25,33,41,44,56,41,46,39,40,23,33,21,26,22,20,39,35,37,34,29,30,20,20,21,11,9,9,10,10,6,10,17,21,15,16,12,11,8,11,26,20,24,26,29,21,32,37,22,27,,,,,,,,,,,,,,,,,,,,,,,,,,,,,,19,27,11,21,26,36,18,29,43,39,43,15,39,38,26,21,14,38,47,39,36,40,38,32,27,32,37,26,29,19,27,17,37,31,24,31,17,25,27,27,25,13,8,15,28,25,23,24,29,20,8,14,12,6,12,7,16,14,18,11,15,11,8,16,30,32,44,34,26,22,31,23,13,21,29,18,18,19,13,22,21,7,16,13,18,16,9,10,13,12,4,8,14,8,8,20,11,9,8,7,15,9,14,15,15,11,25,13,13,10,11,,10,7,10,11,9,13,7,10,,7,7,9,12,10,7,14,8,14,9,10,13,13,10,6,5,7,19,,11,2,10,32,13,26,30,13,33,30,20,,11,,7,,9,15,9,4,14,3,12,5,23,25,11,38,48,51,25,34,19,49,36,20,13,16,38,61,,18,17,10,46,28
20251024,20,O3,23,20,12,8,20,45,44,16,3,55,20,17,40,42,11,4,71,18,48,90,78,70,86,46,42,62,70,71,79,82,72,77,62,78,82,65,86,81,72,88,94,21,45,44,83,103,77,100,24,44,42,79,114,54,67,79,57,71,72,69,69,66,55,109,31,16,47,47,80,36,21,67,19,95,107,114,11,46,29,22,21,11,89,36,27,20,60,29,46,55,57,38,36,30,87,58,85,54,62,61,43,70,71,86,84,61,55,43,47,69,15,57,66,12,13,15,10,13,21,13,41,17,56,72,84,98,37,37,43,32,68,38,71,84,114,121,94,89,106,65,67,27,26,41,39,21,25,35,38,31,56,60,45,42,42,77,77,29,50,60,,,,,,,,,,,,,,,,,,,,,,,,,,,,,,83,84,54,68,43,58,67,54,12,66,56,35,40,68,35,39,96,23,15,16,50,13,10,29,12,57,34,22,12,54,49,29,32,21,64,71,29,85,65,65,77,109,62,75,75,79,64,64,80,72,107,39,38,73,109,70,89,104,91,121,124,99,109,89,60,39,24,60,66,83,47,85,96,52,49,79,87,92,91,82,59,58,108,112,94,45,94,100,115,104,83,82,79,102,85,38,88,34,82,42,32,26,41,15,21,37,16,30,36,37,19,,47,58,61,59,85,28,53,71,,61,36,37,40,43,41,39,43,33,37,46,43,26,70,82,96,85,55,,88,76,69,35,58,56,64,54,56,82,32,,52,,29,,66,72,92,66,91,87,86,69,47,30,34,64,46,119,58,50,88,77,79,64,78,12,66,85,,73,100,65,25,45
20251024,20,O3_24h,,,,,,,,,,,,,,,,,,,,,,,,,,,,,,,,,,,,,,,,,,,,,,,,,,,,,,,,,,,,,,,,,,,,,,,,,,,,,,,,,,,,,,,,,,,,,,,,,,,,,,,,,,,,,,,,,,,,,,,,,,,,,,,,,,,,,,,,,,,,,,,,,,,,,,,,,,,,,,,,,,,,,,,,,,,,,,,,,,,,,,,,,,,,,,,,,,,,,,,,,,,,,,,,,,,,,,,,,,,,,,,,,,,,,,,,,,,,,,,,,,,,,,,,,,,,,,,,,,,,,,,,,,,,,,,,,,,,,,,,,,,,,,,,,,,,,,,,,,,,,,,,,,,,,,,,,,,,,,,,,,,,,,,,,,,,,,,,,,,,,,,,,,,,,,,,,,,,,,,,,,,,,,,,,,,,,,,
20251024,20,O3_8h,45,51,50,45,59,85,71,44,28,74,83,69,74,72,46,59,85,66,73,100,98,98,97,83,84,96,93,95,96,91,86,98,88,102,97,88,99,106,99,95,97,83,92,73,97,104,86,114,78,85,63,106,119,91,92,118,90,105,104,90,85,86,76,98,45,37,68,74,103,44,66,76,63,106,117,123,47,76,71,71,66,81,94,74,95,78,89,97,91,96,91,86,82,92,88,90,99,81,81,85,81,73,90,101,94,69,72,82,66,104,41,86,76,19,59,53,81,65,75,76,58,70,67,104,105,116,51,82,63,55,85,73,110,114,126,121,117,105,101,90,80,34,31,56,44,37,30,39,54,64,54,61,56,56,63,90,94,69,74,96,,,,,,,,,,,,,,,,,,,,,,,,,,,,,,102,111,73,78,73,83,87,63,55,73,81,58,88,80,68,74,99,79,61,77,79,70,82,74,81,80,69,72,75,78,84,68,65,71,68,68,62,102,95,90,106,118,98,105,110,93,98,90,103,101,102,78,79,84,102,89,117,118,112,118,128,119,116,111,84,79,71,80,96,94,75,117,107,63,64,108,110,109,116,110,84,83,109,123,121,89,109,109,119,109,98,78,89,103,94,51,99,62,99,50,42,37,41,35,40,39,27,39,42,43,45,,54,68,56,74,111,36,59,83,,71,69,52,57,67,56,54,47,40,58,51,75,35,81,87,102,105,92,,96,85,76,62,90,87,75,52,79,91,32,,59,,36,,72,85,90,67,94,88,88,92,59,48,37,81,69,131,80,65,101,85,94,81,86,90,88,106,,88,113,54,70,52
20251024,20,O3_8h_24h,44,49,47,42,44,81,70,38,25,73,73,61,71,71,37,40,84,54,68,99,97,94,95,76,79,92,89,91,95,90,85,96,86,100,96,81,98,104,96,94,97,70,84,70,96,104,83,114,73,76,62,105,119,84,90,117,86,104,101,87,84,80,74,98,41,20,64,74,101,43,65,75,60,105,117,123,44,76,65,54,55,72,94,69,82,70,85,83,85,90,85,82,73,77,86,85,97,78,80,82,75,72,83,100,94,68,70,73,64,102,38,80,76,18,56,42,58,51,67,62,54,59,64,97,103,115,49,78,62,51,84,56,102,111,126,121,111,102,101,87,79,34,30,56,44,33,27,37,50,60,54,60,53,53,60,90,93,67,73,94,,,,,,,,,,,,,,,,,,,,,,,,,,,,,,101,111,68,75,78,83,81,63,50,73,73,50,84,80,61,67,99,68,50,65,77,56,63,63,69,74,62,62,57,69,79,60,59,57,68,67,58,101,93,86,103,118,92,102,104,93,95,88,100,97,102,73,76,81,102,87,114,118,109,118,128,117,115,110,83,74,67,79,96,94,72,114,106,67,64,106,105,109,114,108,79,78,109,123,119,83,108,108,119,107,97,90,89,103,93,50,98,56,99,50,39,36,41,25,21,39,26,32,42,43,43,,53,68,56,73,107,36,59,81,,69,66,51,52,63,54,49,46,40,57,50,73,34,77,87,102,103,86,,96,84,75,58,80,85,70,52,79,91,32,,57,,35,,71,85,90,66,94,88,88,91,59,48,37,81,68,131,80,72,99,85,94,81,86,64,88,106,,88,113,54,66,52
20251024,20,CO,0.76,0.93,0.87,1.11,1.27,0.75,0.53,1.04,1.20,0.63,1.10,0.85,0.75,1.11,0.84,1.06,0.67,0.84,0.87,0.45,0.48,0.46,0.47,0.54,0.58,0.45,0.59,0.57,0.52,0.60,0.52,0.54,0.70,0.53,0.37,0.40,0.46,0.43,0.45,0.40,0.50,0.63,0.43,0.47,0.54,0.35,0.40,0.56,1.18,0.47,0.71,0.39,0.47,0.61,0.67,0.43,0.68,0.50,0.57,0.60,0.67,0.44,0.53,0.28,0.51,0.49,0.41,0.57,0.40,0.74,0.65,0.80,0.66,0.84,0.52,0.72,1.73,0.60,1.02,1.02,0.47,1.50,0.35,0.73,1.04,0.93,0.42,0.65,0.58,0.60,0.48,0.62,0.73,0.90,0.34,0.45,0.63,0.70,0.65,0.76,0.57,0.63,0.80,0.60,0.57,0.40,0.70,0.50,0.37,0.50,1.11,0.98,0.98,1.28,1.00,1.92,1.38,1.33,1.08,1.47,0.60,0.78,0.48,0.55,0.53,0.62,0.71,0.60,0.90,0.83,0.70,0.70,0.53,0.53,0.63,0.45,0.40,0.37,0.57,0.51,0.57,0.44,0.60,0.90,0.53,0.43,0.63,0.40,0.62,0.55,0.70,0.70,0.73,0.75,0.80,0.70,0.83,0.90,0.48,0.57,,,,,,,,,,,,,,,,,,,,,,,,,,,,,,0.43,0.50,0.37,0.63,0.60,1.17,0.68,1.17,0.67,0.80,0.63,0.60,1.05,0.33,0.70,0.35,0.95,1.14,1.05,1.10,0.80,1.23,1.60,0.75,1.15,0.50,0.40,0.87,1.13,0.63,0.87,0.77,0.65,1.07,0.60,0.50,0.60,0.43,0.40,0.53,0.37,0.37,0.40,0.28,0.38,0.38,0.35,0.40,0.50,0.33,0.53,0.75,0.65,0.43,0.45,0.77,0.60,0.53,0.35,0.60,0.53,0.44,0.67,0.47,0.68,0.87,0.97,0.73,0.68,0.68,0.57,0.47,0.40,0.90,0.62,0.57,0.50,0.50,1.43,0.20,0.67,0.47,0.73,0.50,0.70,0.65,0.33,0.20,0.55,0.30,0.57,0.50,0.73,0.57,0.43,0.57,0.53,0.70,0.60,0.50,0.73,0.37,0.40,0.63,0.53,0.50,0.38,0.65,0.65,0.47,0.70,,0.90,0.57,0.60,0.70,0.45,0.65,0.55,0.55,,0.45,0.60,0.60,0.70,0.45,0.60,0.70,0.30,0.45,0.60,0.55,0.60,0.60,0.45,0.20,0.35,0.50,1.40,,0.30,0.25,0.47,0.77,0.60,0.60,0.50,0.80,0.90,0.60,0.65,,0.55,,0.50,,0.50,0.60,0.50,0.40,0.40,0.30,0.40,0.50,0.80,0.65,0.57,1.05,0.80,1.00,0.50,0.40,0.30,0.35,0.15,0.65,0.30,0.40,0.60,0.65,,0.65,0.40,0.30,0.90,0.60
20251024,20,CO_24h,0.72,0.94,0.68,0.85,0.55,0.65,0.57,0.68,0.80,0.67,0.70,0.57,0.57,1.06,0.84,0.75,0.54,0.55,0.80,0.46,0.45,0.70,0.43,0.64,0.52,0.36,0.63,0.55,0.48,0.45,0.62,0.52,0.68,0.48,0.42,0.32,0.49,0.47,0.65,0.38,0.50,0.43,0.40,0.37,0.43,0.38,0.38,0.50,0.75,0.33,0.64,0.41,0.39,0.45,0.57,0.38,0.55,0.43,0.47,0.50,0.53,0.38,0.50,0.34,0.45,0.49,0.39,0.54,0.25,0.70,0.70,0.60,0.70,0.98,0.52,0.68,1.43,0.60,1.02,0.57,0.43,0.77,0.33,0.47,0.84,0.78,0.40,0.53,0.47,0.32,0.48,0.38,0.58,0.96,0.36,0.42,0.47,0.59,0.52,0.58,0.50,0.60,0.60,0.50,0.53,0.20,0.52,0.40,0.43,0.50,1.00,1.10,0.95,1.20,0.74,1.54,0.87,1.10,0.86,0.90,0.54,0.46,0.53,0.58,0.50,0.52,0.69,0.64,0.78,0.83,0.62,0.55,0.45,0.50,0.68,0.42,0.30,0.40,0.43,0.46,0.50,0.40,0.62,1.02,0.50,0.43,0.65,0.35,0.50,0.40,0.70,0.95,0.83,0.70,0.70,0.80,0.87,0.84,0.48,0.70,,,,,,,,,,,,,,,,,,,,,,,,,,,,,,0.40,0.60,0.40,0.66,0.57,1.10,0.62,0.93,0.90,1.00,0.70,0.60,0.85,0.80,0.70,0.25,0.80,1.26,0.82,0.63,0.67,0.55,0.80,0.75,0.70,0.45,0.40,0.53,0.70,0.70,0.60,0.52,0.63,0.67,0.55,0.45,0.40,0.37,0.32,0.53,0.58,0.40,0.35,0.25,0.28,0.35,0.30,0.50,0.65,0.33,0.53,0.50,0.50,0.37,0.40,0.67,0.55,0.42,0.38,0.56,0.47,0.40,0.55,0.37,0.84,0.80,0.77,0.63,0.64,0.65,0.63,0.50,0.35,0.70,0.56,0.40,0.44,0.40,0.47,0.20,0.67,0.47,0.72,0.65,0.60,0.40,0.30,0.15,0.55,0.25,0.43,0.37,0.60,0.47,0.40,0.53,0.47,0.60,0.50,0.50,0.60,0.40,0.40,0.55,0.50,0.50,0.38,0.65,0.65,0.45,0.70,,0.90,0.63,0.53,0.50,0.35,0.60,0.45,0.45,,0.50,0.60,0.60,0.60,0.40,0.75,0.75,0.30,0.45,0.55,0.65,0.60,0.55,0.45,0.30,0.30,0.35,0.50,,0.30,0.30,0.50,0.77,0.50,0.50,0.95,0.70,0.90,0.75,0.55,,0.50,,0.75,,0.45,0.80,0.50,0.40,0.60,0.40,0.40,0.40,0.57,0.55,0.57,0.95,0.50,1.05,0.45,0.70,0.25,0.70,0.80,0.50,0.60,0.10,0.50,1.25,,0.45,0.20,0.45,0.72,0.57
20251024,21,AQI,116,93,130,81,85,129,125,96,93,115,89,98,111,124,57,79,71,81,139,35,44,33,38,39,68,48,36,50,49,48,51,46,60,45,27,43,45,32,37,37,28,58,51,45,51,35,25,53,85,57,109,43,52,55,50,53,55,46,53,46,53,34,42,37,43,19,53,34,26,70,52,32,67,146,45,52,75,50,90,59,47,151,29,68,91,91,60,68,77,64,51,94,56,61,34,45,47,44,89,52,27,31,37,47,36,49,51,45,31,98,66,86,96,111,86,111,111,95,94,121,60,83,53,61,50,52,119,100,110,131,114,118,65,71,50,56,53,34,51,56,21,11,36,49,63,42,21,27,35,40,84,63,51,79,118,63,68,88,66,119,,,,,,,,,,,,,,,,,,,,,,,,,,,,,,59,89,30,63,72,129,81,93,76,64,61,24,94,35,46,28,78,136,135,148,98,96,164,51,64,84,51,60,104,92,212,78,74,143,63,90,60,65,71,59,63,48,31,52,61,66,58,70,56,53,33,37,41,21,30,31,56,49,57,51,52,51,71,41,106,114,103,141,141,116,65,129,47,81,128,46,119,40,51,57,57,46,43,46,66,52,52,42,54,38,50,64,48,45,45,52,41,47,51,21,17,32,38,11,15,28,35,9,16,24,24,,13,22,61,144,40,43,51,56,,46,34,35,26,40,65,24,36,18,48,17,37,27,22,24,29,36,80,,25,24,49,33,63,85,32,31,103,60,36,,58,,32,,24,42,36,24,36,30,20,33,76,58,18,125,83,134,78,133,131,116,113,73,68,70,110,112,,43,68,40,115,119
20251024,21,PM2.5,88,69,99,60,63,98,95,72,69,87,66,73,84,94,39,54,52,60,106,13,15,12,18,19,39,25,14,22,26,25,26,23,37,22,9,28,25,13,17,17,9,37,26,23,24,15,16,32,63,26,82,22,25,36,31,32,29,31,31,29,37,20,28,21,26,11,37,20,9,51,27,21,30,112,29,30,52,27,67,40,33,116,14,41,66,68,34,47,55,42,22,70,39,32,17,17,33,29,66,31,18,22,26,25,18,30,25,23,21,73,48,64,72,84,64,84,84,71,70,92,35,61,22,38,24,31,90,75,83,100,86,89,47,52,29,32,37,24,34,38,15,8,25,29,45,24,12,18,22,24,62,45,36,58,89,43,44,57,25,41,,,,,,,,,,,,,,,,,,,,,,,,,,,,,,27,54,16,41,51,98,60,69,39,44,41,12,70,21,32,12,57,104,103,113,73,72,125,36,34,62,31,43,78,51,162,57,54,109,45,67,41,38,46,38,41,30,17,30,38,40,27,50,36,30,10,23,29,15,18,20,40,31,40,26,30,32,52,19,80,86,77,108,108,88,47,98,24,60,97,29,90,21,35,31,34,32,25,32,48,32,33,28,38,21,30,46,30,27,25,33,29,29,36,13,11,8,26,7,3,18,17,6,11,17,17,,3,11,44,110,28,30,36,40,,32,24,6,15,27,47,17,25,11,21,9,16,19,14,8,8,8,59,,3,9,34,23,45,63,16,17,77,33,25,,41,,14,,17,17,25,15,3,18,7,12,56,38,11,95,35,102,39,68,71,63,85,34,11,7,69,76,,30,49,19,87,90
20251024,21,PM2.5_24h,64,62,80,37,29,79,84,43,45,76,55,59,73,73,46,42,32,36,51,11,15,17,11,17,34,19,15,18,19,18,24,16,30,18,13,21,20,19,17,17,9,20,18,20,18,10,15,25,41,17,68,19,27,24,20,23,21,24,24,21,22,17,21,17,19,7,22,21,7,53,21,21,33,106,29,26,53,25,45,30,26,40,12,23,46,60,18,34,27,13,19,53,37,18,10,13,25,19,23,20,19,19,25,20,19,16,19,20,18,64,44,74,72,81,40,59,49,54,38,52,26,33,21,21,16,21,82,77,76,85,80,88,30,47,23,31,31,24,25,24,8,5,23,28,24,18,7,15,16,17,61,50,36,42,80,52,41,51,21,43,,,,,,,,,,,,,,,,,,,,,,,,,,,,,,35,63,17,59,36,77,59,39,49,43,36,10,61,36,28,8,36,34,55,46,36,37,53,35,35,30,28,26,35,31,83,22,36,52,20,38,24,30,29,37,27,22,16,21,36,35,22,50,22,18,7,19,17,13,16,16,23,21,20,24,20,20,21,16,71,69,69,96,94,74,54,70,15,53,78,17,64,26,17,25,33,18,25,27,28,28,28,24,27,22,22,22,23,22,20,23,27,20,26,13,6,6,18,8,3,17,10,4,8,10,16,,5,16,47,57,21,38,27,26,,24,12,8,13,16,22,19,31,15,16,11,19,21,13,8,5,2,18,,4,5,22,25,43,46,34,11,72,56,21,,24,,12,,15,22,20,20,12,11,5,14,19,26,7,46,39,93,40,54,70,77,71,25,16,6,53,127,,25,25,17,80,81
20251024,21,PM10,118,116,141,95,118,124,118,105,116,120,101,128,111,136,64,107,73,86,146,35,44,33,38,39,86,48,36,50,49,48,52,46,69,45,27,43,45,32,37,37,25,66,52,45,52,35,23,56,111,63,101,43,53,59,50,56,59,46,56,46,56,34,42,37,43,19,48,34,15,71,54,32,83,198,45,53,99,50,92,67,30,176,28,85,132,126,70,85,103,77,51,108,61,72,34,45,45,44,69,54,27,25,37,47,36,49,51,45,31,127,61,79,84,133,98,146,130,115,81,135,69,95,56,72,50,53,124,117,124,132,142,97,66,78,50,61,50,29,52,62,20,11,35,49,62,42,21,27,35,40,87,65,49,51,92,75,85,126,82,187,,,,,,,,,,,,,,,,,,,,,,,,,,,,,,67,128,30,76,93,155,96,96,102,77,71,24,106,35,42,28,69,149,163,152,71,128,186,52,78,67,51,68,151,134,207,74,79,167,70,104,69,79,91,67,75,48,31,53,71,81,66,89,62,56,26,37,33,19,29,31,54,49,64,51,54,51,85,41,112,128,123,160,213,124,67,178,47,99,161,46,136,40,51,64,63,33,43,46,55,53,54,42,57,38,50,59,48,45,45,54,40,47,52,21,17,32,38,9,15,28,35,9,14,19,17,,7,22,52,111,39,36,52,54,,44,28,35,26,40,20,22,30,18,48,17,37,25,17,12,27,36,95,,11,15,37,25,72,65,32,31,101,69,36,,53,,32,,21,42,33,24,36,30,11,33,68,65,18,189,115,191,105,216,212,182,174,95,85,90,170,173,,42,83,40,130,
20251024,21,PM10_24h,90,104,107,72,57,81,100,62,80,105,79,81,87,101,68,67,48,56,83,30,36,39,28,40,65,39,40,41,39,36,47,36,55,36,32,35,38,39,37,34,27,40,39,40,39,24,18,44,73,38,83,33,47,40,35,39,39,40,43,33,35,27,30,31,31,12,33,35,12,78,36,30,57,188,43,44,77,45,69,44,39,74,24,46,82,102,39,60,53,27,48,77,54,38,27,37,36,33,32,35,27,25,38,33,32,27,36,39,26,101,65,80,120,120,65,102,71,82,60,76,58,55,43,40,37,37,117,88,99,113,135,95,45,59,39,56,41,36,38,40,15,6,34,45,39,29,12,24,25,26,96,59,37,37,92,92,95,82,70,164,,,,,,,,,,,,,,,,,,,,,,,,,,,,,,64,102,27,102,63,106,105,51,88,72,60,22,95,50,37,19,48,64,98,61,53,62,101,62,77,52,45,39,63,58,107,34,61,87,47,62,35,60,60,60,49,37,30,38,63,67,46,80,41,37,24,31,29,20,24,27,38,39,39,42,42,38,44,34,95,97,95,145,156,118,76,124,35,69,136,34,99,37,28,40,54,27,41,41,33,43,43,39,43,35,41,35,39,38,29,39,38,28,37,23,11,19,24,10,15,25,27,6,13,16,16,,5,24,59,61,26,46,36,37,,33,25,26,23,35,20,25,34,23,29,17,31,26,21,19,12,12,34,,10,10,29,37,63,58,45,21,97,110,34,,28,,27,,16,33,22,28,27,28,9,27,34,43,11,139,114,179,101,172,197,222,204,70,67,28,129,229,,38,47,17,109,65
20251024,21,SO2,3,9,2,7,13,7,6,8,4,4,3,6,5,13,8,10,8,7,12,6,5,6,4,7,9,5,8,9,6,9,9,12,8,8,6,4,8,7,8,6,4,2,5,4,6,5,2,8,8,7,9,6,7,8,8,7,8,6,8,7,9,7,8,7,7,4,5,4,5,2,5,12,7,11,5,9,14,7,12,8,6,13,3,8,13,8,7,9,12,7,6,7,3,8,4,5,9,10,14,14,7,6,7,6,7,3,5,9,4,7,7,14,6,10,28,14,12,10,11,12,8,33,9,7,5,5,7,4,10,11,8,6,9,9,8,6,8,9,9,9,4,7,6,10,7,5,1,5,6,5,3,3,4,5,3,4,11,14,6,8,,,,,,,,,,,,,,,,,,,,,,,,,,,,,,6,4,6,4,4,12,5,10,3,11,29,5,15,10,7,4,14,20,11,25,8,9,18,12,11,9,6,6,17,12,11,5,7,8,8,6,8,7,9,10,8,8,5,8,8,7,4,9,7,7,5,3,4,9,6,5,9,20,9,7,9,9,5,5,6,8,9,11,7,10,3,6,7,6,14,8,4,9,6,6,5,6,7,7,6,5,5,5,7,10,9,5,5,4,4,13,5,7,9,1,3,6,5,5,5,6,7,5,9,5,5,,6,9,4,20,4,8,3,3,,4,6,3,11,5,7,7,5,5,8,6,7,7,7,3,4,13,16,,10,4,6,6,5,3,15,7,6,7,9,,3,,6,,5,12,12,10,12,12,2,18,10,9,4,8,11,13,8,6,7,7,4,8,6,4,12,11,,17,8,3,10,7
20251024,21,SO2_24h,3,10,3,10,9,7,5,7,6,4,5,7,6,10,8,10,9,7,11,6,5,7,4,8,9,5,9,9,6,10,9,8,9,8,6,4,7,9,8,6,4,3,5,4,6,5,2,8,8,6,10,8,6,7,8,7,8,7,7,5,8,6,6,7,7,4,4,4,5,2,6,12,10,10,5,8,16,10,17,10,7,19,3,8,15,10,5,9,8,6,7,7,4,11,4,6,9,8,10,12,7,6,7,6,6,3,5,8,3,8,10,15,8,10,19,22,11,10,17,9,7,9,9,7,7,4,9,6,10,11,8,11,7,9,9,6,8,7,8,8,4,7,6,38,8,5,2,5,4,5,3,4,4,5,5,5,21,13,7,10,,,,,,,,,,,,,,,,,,,,,,,,,,,,,,6,5,5,6,6,10,8,11,6,19,10,6,13,11,7,5,12,16,9,8,9,8,9,16,13,10,5,7,10,12,11,5,6,7,9,7,5,7,8,8,8,8,5,7,8,8,4,9,8,7,5,4,4,7,6,5,11,15,20,6,11,8,7,6,9,8,10,8,8,11,4,6,7,7,11,8,4,9,4,6,5,6,7,7,7,6,5,7,7,8,9,5,5,4,4,15,4,7,9,3,3,6,5,5,5,6,8,5,9,4,5,,6,12,3,15,4,12,5,4,,5,6,3,11,5,5,12,7,14,7,6,10,6,7,3,4,9,8,,8,4,6,5,5,5,37,8,8,8,10,,3,,6,,4,13,6,10,11,11,2,17,7,7,4,6,10,13,8,5,10,7,6,7,4,4,13,13,,13,9,3,10,7
20251024,21,NO2,45,70,59,57,63,61,51,42,46,38,68,74,56,50,52,88,34,79,55,19,24,31,19,43,61,27,32,32,24,21,28,26,36,39,15,22,30,25,27,15,11,53,37,31,26,11,14,23,68,42,52,27,19,47,25,31,43,33,39,29,23,20,24,9,22,20,15,23,21,30,55,28,79,67,19,22,64,49,64,56,62,87,11,69,84,78,42,49,55,64,51,51,47,59,12,41,12,21,26,19,17,13,14,19,20,8,23,34,15,36,50,30,20,50,77,64,71,65,68,65,22,57,23,31,25,22,40,61,53,42,33,27,23,25,22,11,10,12,11,32,9,11,19,28,18,25,12,13,12,17,25,20,22,29,32,26,22,71,45,54,,,,,,,,,,,,,,,,,,,,,,,,,,,,,,23,36,14,23,48,41,15,45,59,44,36,9,65,25,21,31,16,63,74,59,65,69,70,37,49,29,29,44,62,29,34,34,41,48,30,27,32,25,35,35,35,14,9,18,28,28,32,29,30,39,9,39,27,11,13,10,32,19,23,14,17,16,13,14,29,47,56,44,29,23,46,27,12,23,33,30,20,17,30,42,33,12,15,14,26,28,18,9,12,11,8,11,18,12,12,27,12,21,12,4,24,10,13,22,15,9,29,17,17,14,16,,11,7,11,19,18,11,8,13,,8,6,10,18,7,8,8,7,14,23,13,14,11,7,5,12,39,44,,8,2,14,36,16,24,19,15,49,17,12,,19,,6,,10,11,7,1,16,1,31,11,49,52,15,86,66,100,69,72,69,57,32,87,11,60,59,55,,14,53,9,62,27
20251024,21,NO2_24h,38,54,37,39,43,38,38,27,35,35,47,47,35,41,50,53,24,46,48,17,19,27,14,26,33,18,28,25,23,18,29,19,28,24,17,18,24,25,23,13,9,31,23,20,23,10,11,18,41,23,38,22,17,21,14,20,22,23,25,16,13,15,16,10,20,17,11,22,11,29,27,26,42,52,17,23,53,34,40,27,37,49,9,28,53,43,27,35,21,16,35,34,25,25,12,27,10,15,15,14,12,10,12,13,14,3,17,17,12,30,33,25,32,41,44,56,42,46,40,40,23,34,21,26,22,20,39,36,37,33,29,30,20,20,21,11,9,9,10,11,7,10,16,22,15,17,12,11,8,11,25,20,24,27,29,21,31,37,22,28,,,,,,,,,,,,,,,,,,,,,,,,,,,,,,19,27,11,21,27,37,18,29,44,39,42,14,39,36,24,20,14,38,48,39,36,40,38,33,28,31,35,26,29,20,27,18,36,31,23,30,16,25,27,27,24,13,8,15,28,25,23,24,29,20,8,15,13,6,12,7,16,14,18,11,16,11,8,16,30,32,44,34,26,22,31,23,13,21,28,18,18,18,13,22,21,7,16,13,18,16,9,10,13,11,4,8,14,8,8,20,11,10,8,7,15,9,14,15,15,11,25,13,13,10,10,,10,7,10,11,10,13,8,10,,7,8,9,13,10,7,14,8,14,10,10,13,13,10,6,5,8,19,,11,2,10,33,14,25,29,13,33,29,19,,12,,7,,9,15,9,4,13,3,12,5,24,26,11,39,47,53,26,34,20,48,35,23,13,18,39,61,,17,18,10,46,27
20251024,21,O3,20,16,8,7,15,36,30,14,3,40,14,4,33,34,22,7,62,14,45,87,71,69,84,38,29,65,65,71,76,82,67,66,54,62,86,62,79,79,70,92,90,29,42,28,83,106,79,95,16,45,34,71,107,46,59,65,46,59,60,59,66,63,43,104,29,18,47,37,84,31,15,68,8,66,101,108,26,36,20,15,21,7,92,16,13,12,44,24,27,36,42,38,34,31,87,57,83,49,61,59,54,70,90,77,81,59,51,42,44,61,14,55,62,9,10,18,11,14,7,19,45,16,53,71,82,98,34,28,33,34,64,44,77,75,103,119,107,93,105,53,66,24,23,34,33,20,27,34,46,30,49,58,47,42,38,,76,27,29,26,,,,,,,,,,,,,,,,,,,,,,,,,,,,,,85,69,54,58,31,50,68,50,7,40,60,38,31,66,46,25,95,21,11,22,19,8,11,20,16,58,42,16,8,46,48,23,37,25,54,77,27,79,55,53,64,107,63,84,76,77,61,60,73,58,105,21,36,66,97,70,79,97,82,116,118,94,101,82,55,35,27,50,59,78,36,71,87,54,47,71,82,87,74,53,45,51,108,111,95,34,87,98,119,107,77,76,76,99,80,28,89,32,73,42,32,33,34,19,22,40,9,30,24,34,24,,42,56,58,50,82,25,53,67,,69,36,33,36,38,39,40,39,33,28,44,38,23,71,77,93,50,52,,79,76,63,30,53,76,57,53,35,83,38,,45,,27,,64,72,90,65,81,87,63,71,34,14,33,22,26,42,31,15,31,40,60,10,70,12,47,63,,79,48,69,25,49
20251024,21,O3_24h,,,,,,,,,,,,,,,,,,,,,,,,,,,,,,,,,,,,,,,,,,,,,,,,,,,,,,,,,,,,,,,,,,,,,,,,,,,,,,,,,,,,,,,,,,,,,,,,,,,,,,,,,,,,,,,,,,,,,,,,,,,,,,,,,,,,,,,,,,,,,,,,,,,,,,,,,,,,,,,,,,,,,,,,,,,,,,,,,,,,,,,,,,,,,,,,,,,,,,,,,,,,,,,,,,,,,,,,,,,,,,,,,,,,,,,,,,,,,,,,,,,,,,,,,,,,,,,,,,,,,,,,,,,,,,,,,,,,,,,,,,,,,,,,,,,,,,,,,,,,,,,,,,,,,,,,,,,,,,,,,,,,,,,,,,,,,,,,,,,,,,,,,,,,,,,,,,,,,,,,,,,,,,,,,,,,,,,
20251024,21,O3_8h,45,52,50,45,59,85,71,44,28,74,83,69,74,72,46,59,85,66,73,100,98,98,97,83,84,96,93,95,96,91,86,98,88,102,97,88,99,106,99,95,97,83,92,73,97,105,86,114,78,85,63,106,119,91,92,118,90,105,104,90,85,86,76,102,45,37,68,74,103,44,66,77,63,106,117,123,47,76,71,71,66,81,95,74,95,78,89,97,91,96,91,86,82,92,89,90,99,81,81,85,81,73,90,101,94,69,72,82,66,104,41,86,76,19,59,53,81,65,75,76,58,70,67,104,105,116,51,82,63,55,86,73,110,114,126,122,117,105,104,90,80,34,31,57,44,37,30,39,54,64,54,61,56,56,63,90,96,69,74,96,,,,,,,,,,,,,,,,,,,,,,,,,,,,,,102,111,73,78,73,83,87,64,55,74,81,58,88,81,68,74,100,79,61,77,79,70,82,74,81,80,69,72,75,78,84,68,65,71,68,69,62,102,95,90,106,118,98,105,110,94,98,90,103,101,103,78,79,84,102,89,117,118,112,119,128,119,116,111,84,79,71,80,96,94,75,117,107,62,64,108,110,109,116,110,84,83,110,123,121,89,109,109,119,109,98,78,89,104,94,51,99,62,99,50,42,37,41,35,40,41,27,39,42,43,45,,54,68,57,74,111,36,59,83,,71,69,52,57,67,56,54,47,40,58,51,75,35,81,87,102,105,92,,96,85,76,62,90,87,75,53,79,92,34,,59,,36,,72,85,91,68,94,88,88,92,59,48,37,81,69,131,80,65,101,86,94,81,86,90,88,108,,89,113,57,70,52
20251024,21,O3_8h_24h,41,46,42,38,37,75,65,35,23,71,64,53,66,69,35,32,82,47,64,97,94,91,94,71,72,89,85,88,92,89,82,92,83,96,95,78,96,102,94,93,95,62,78,64,95,105,82,113,65,71,58,101,119,77,86,113,80,99,96,83,81,77,70,102,39,20,62,70,98,42,59,76,55,104,116,123,42,71,58,46,49,62,94,63,71,61,79,73,77,83,79,77,67,69,85,81,95,73,79,78,70,72,83,98,92,67,68,67,60,97,36,76,74,17,49,36,47,43,58,53,53,51,62,94,101,113,48,71,60,49,83,54,98,106,125,122,110,99,104,83,78,33,29,56,44,32,27,37,49,56,54,60,51,51,57,90,94,62,69,86,,,,,,,,,,,,,,,,,,,,,,,,,,,,,,99,107,65,72,72,80,78,62,43,73,70,48,78,81,57,60,100,61,42,56,70,48,53,55,60,71,58,53,47,65,75,52,55,51,67,67,53,99,87,81,98,118,88,99,100,93,91,85,96,92,103,68,71,78,102,85,110,116,106,119,128,114,114,106,78,70,61,77,90,94,67,108,104,65,62,101,102,107,109,102,74,74,110,122,116,77,106,107,119,107,94,89,87,104,92,49,97,55,96,49,38,35,40,24,20,41,26,31,40,42,40,,53,66,57,70,102,36,58,78,,70,62,48,48,59,52,46,45,39,53,50,68,34,74,86,102,95,81,,94,83,74,54,75,84,68,52,76,92,34,,56,,32,,70,84,91,68,94,88,87,89,57,46,37,74,65,125,77,68,93,85,91,75,86,56,84,108,,89,106,57,61,51
20251024,21,CO,0.76,0.98,0.89,1.17,1.32,0.80,0.60,1.08,1.17,0.67,1.03,0.93,0.73,1.14,0.67,1.14,0.67,1.10,0.83,0.48,0.49,0.44,0.56,0.63,0.63,0.46,0.53,0.63,0.60,0.55,0.56,0.54,0.77,0.53,0.37,0.42,0.50,0.38,0.57,0.38,0.50,0.63,0.43,0.47,0.49,0.35,0.38,0.54,1.24,0.49,0.71,0.34,0.46,0.63,0.67,0.43,0.70,0.50,0.57,0.62,0.69,0.44,0.50,0.28,0.50,0.48,0.41,0.59,0.43,0.76,0.80,0.63,0.74,0.96,0.55,0.74,1.40,0.64,1.12,1.05,0.53,1.63,0.30,0.91,1.10,0.93,0.42,0.63,0.67,0.67,0.47,0.62,0.70,0.92,0.40,0.43,0.60,0.73,0.68,0.66,0.47,0.67,0.70,0.57,0.57,0.40,0.70,0.45,0.43,0.50,1.10,0.83,0.95,1.27,1.10,1.72,1.47,1.33,1.28,1.35,0.60,0.80,0.47,0.60,0.50,0.60,0.72,0.58,0.90,0.83,0.76,0.65,0.50,0.53,0.65,0.42,0.40,0.37,0.57,0.54,0.50,0.44,0.58,0.86,0.57,0.43,0.63,0.35,0.58,0.53,0.70,0.70,0.70,0.72,0.70,0.80,0.77,1.12,0.60,1.00,,,,,,,,,,,,,,,,,,,,,,,,,,,,,,0.40,0.60,0.40,0.58,0.70,1.17,0.64,1.07,0.70,0.75,0.50,0.60,1.00,0.35,0.50,0.35,1.00,1.12,1.15,1.25,1.05,1.23,1.60,0.80,1.05,0.50,0.35,0.87,1.30,0.73,0.67,0.70,0.67,1.03,0.60,0.50,0.55,0.42,0.42,0.57,0.53,0.43,0.40,0.28,0.36,0.38,0.35,0.47,0.50,0.33,0.53,0.77,0.60,0.47,0.45,0.77,0.60,0.45,0.38,0.63,0.47,0.46,0.85,0.47,0.74,0.80,0.93,0.70,0.70,0.72,0.63,0.50,0.47,0.83,0.60,0.50,0.52,0.50,0.93,0.30,0.67,0.50,0.72,0.65,0.60,0.50,0.37,0.20,0.53,0.30,0.57,0.50,0.68,0.57,0.47,0.60,0.50,0.75,0.60,0.50,0.70,0.37,0.47,0.60,0.47,0.50,0.38,0.65,0.70,0.47,0.70,,0.90,0.53,0.55,0.77,0.45,0.65,0.50,0.55,,0.45,0.60,0.60,0.70,0.40,0.60,0.70,0.30,0.45,0.65,0.55,0.60,0.55,0.45,0.20,0.35,0.70,1.10,,0.25,0.25,0.50,0.70,0.60,0.60,0.55,0.85,0.80,0.60,0.60,,0.60,,0.55,,0.50,0.60,0.60,0.30,0.50,0.30,0.40,0.50,0.90,0.75,0.57,1.55,0.60,1.45,1.05,0.70,0.55,0.75,0.20,1.50,0.30,0.40,0.70,0.75,,0.40,0.40,0.30,0.85,0.60
20251024,21,CO_24h,0.72,0.93,0.68,0.86,0.55,0.65,0.57,0.68,0.80,0.67,0.70,0.63,0.57,1.06,0.84,0.76,0.58,0.57,0.79,0.46,0.45,0.69,0.41,0.64,0.52,0.38,0.61,0.55,0.48,0.48,0.62,0.52,0.68,0.49,0.42,0.34,0.49,0.47,0.65,0.38,0.50,0.47,0.40,0.37,0.43,0.38,0.38,0.50,0.78,0.34,0.66,0.41,0.39,0.47,0.57,0.38,0.56,0.43,0.47,0.50,0.54,0.38,0.50,0.34,0.45,0.49,0.39,0.54,0.27,0.70,0.70,0.60,0.70,0.99,0.52,0.68,1.41,0.60,1.04,0.65,0.43,0.80,0.33,0.47,0.86,0.80,0.40,0.53,0.50,0.32,0.48,0.38,0.60,0.96,0.34,0.42,0.50,0.60,0.52,0.58,0.50,0.60,0.60,0.50,0.53,0.20,0.54,0.40,0.43,0.50,1.04,1.07,0.95,1.22,0.76,1.58,0.90,1.10,0.88,0.90,0.54,0.46,0.53,0.58,0.53,0.55,0.69,0.64,0.80,0.90,0.62,0.58,0.45,0.50,0.68,0.42,0.30,0.43,0.43,0.47,0.50,0.40,0.62,1.02,0.50,0.43,0.65,0.35,0.50,0.43,0.70,0.95,0.83,0.70,0.70,0.80,0.87,0.86,0.48,0.70,,,,,,,,,,,,,,,,,,,,,,,,,,,,,,0.40,0.60,0.40,0.66,0.58,1.13,0.62,0.93,0.90,1.00,0.67,0.60,0.85,0.77,0.70,0.25,0.80,1.26,0.85,0.68,0.67,0.57,0.80,0.75,0.70,0.45,0.40,0.57,0.72,0.70,0.60,0.52,0.63,0.70,0.55,0.45,0.40,0.37,0.32,0.53,0.55,0.40,0.35,0.25,0.30,0.38,0.30,0.47,0.63,0.33,0.53,0.50,0.50,0.40,0.40,0.70,0.55,0.42,0.38,0.56,0.47,0.40,0.57,0.37,0.84,0.80,0.77,0.63,0.64,0.65,0.63,0.50,0.38,0.68,0.56,0.40,0.48,0.40,0.47,0.20,0.67,0.47,0.72,0.65,0.60,0.40,0.30,0.15,0.55,0.25,0.43,0.37,0.60,0.47,0.40,0.53,0.50,0.60,0.50,0.50,0.60,0.40,0.40,0.55,0.50,0.50,0.38,0.65,0.65,0.45,0.70,,0.90,0.63,0.53,0.53,0.35,0.60,0.45,0.45,,0.50,0.60,0.60,0.65,0.40,0.70,0.75,0.30,0.45,0.55,0.65,0.60,0.55,0.45,0.30,0.30,0.40,0.50,,0.30,0.30,0.50,0.77,0.50,0.50,0.95,0.70,0.90,0.70,0.55,,0.50,,0.75,,0.45,0.70,0.50,0.40,0.60,0.40,0.40,0.40,0.57,0.55,0.57,0.95,0.50,1.05,0.45,0.70,0.25,0.70,0.80,0.60,0.60,0.10,0.55,1.25,,0.45,0.20,0.45,0.73,0.57
20251024,22,AQI,115,94,130,80,91,133,128,88,95,121,90,100,114,128,37,83,68,113,167,36,46,33,42,41,71,45,41,52,52,46,50,47,63,45,28,43,43,32,37,31,28,60,45,45,51,35,25,53,81,57,120,38,51,54,51,54,56,52,53,50,54,34,43,34,40,18,51,36,24,71,54,31,68,154,45,49,71,51,93,56,41,119,30,70,95,90,55,64,84,63,51,96,59,60,42,36,46,46,86,52,42,33,31,43,37,45,41,43,29,110,74,95,86,114,86,104,124,90,110,114,59,71,51,55,48,52,118,109,109,120,125,108,59,80,49,55,64,34,50,55,22,13,40,51,54,37,18,30,36,34,84,64,46,81,123,73,65,91,71,146,,,,,,,,,,,,,,,,,,,,,,,,,,,,,,70,92,29,59,83,134,64,91,82,65,57,19,86,34,42,17,79,116,141,106,126,84,181,53,69,73,43,54,110,81,196,64,78,129,63,120,68,67,70,62,66,50,30,52,62,66,54,70,58,53,33,33,33,23,24,33,55,47,64,50,58,53,101,41,116,116,108,144,148,124,64,131,51,70,120,48,116,31,51,52,56,46,39,49,63,51,57,40,58,38,50,65,48,46,44,55,38,50,54,19,17,29,36,11,13,28,30,9,16,27,17,,13,24,60,130,41,20,47,56,,47,26,30,28,38,43,27,34,15,47,18,35,27,22,23,27,48,65,,26,23,55,36,60,69,26,32,83,56,37,,64,,38,,33,45,31,27,37,31,18,34,88,62,16,133,72,144,84,137,128,146,116,104,61,71,113,129,,47,81,35,123,120
20251024,22,PM2.5,87,70,99,59,68,101,97,65,71,92,67,75,86,97,17,61,49,85,127,13,18,12,20,21,43,25,14,23,29,21,26,25,41,23,9,27,24,13,17,13,8,40,23,23,24,16,15,35,60,36,91,19,26,35,32,33,32,30,33,31,36,21,28,20,25,10,36,21,9,52,35,22,35,118,29,29,44,25,69,36,29,90,12,45,71,67,31,45,62,45,20,72,40,37,21,11,32,32,64,28,19,23,22,25,19,29,26,22,18,83,54,71,64,86,64,78,94,67,83,86,31,52,26,31,23,35,89,82,82,91,95,81,42,59,32,34,46,24,31,38,13,7,28,30,38,24,10,18,21,20,62,46,32,60,93,52,45,68,27,55,,,,,,,,,,,,,,,,,,,,,,,,,,,,,,35,57,15,36,61,102,41,68,39,44,37,11,64,21,26,7,58,88,108,80,96,61,137,34,31,53,23,38,83,45,147,46,57,98,45,91,49,41,45,43,46,34,21,29,42,45,29,51,40,32,11,23,23,16,15,14,35,31,46,25,36,33,76,21,88,88,81,110,113,94,46,100,21,51,91,30,88,22,34,35,37,32,25,34,45,35,40,26,41,23,30,47,30,26,29,34,25,32,38,13,12,9,23,7,3,18,9,5,11,19,12,,5,12,43,99,29,14,33,40,,33,18,3,17,20,30,19,24,9,24,12,18,19,14,8,10,19,46,,3,10,33,24,43,50,17,16,61,30,26,,46,,11,,23,21,19,13,7,22,12,21,65,40,11,76,41,110,41,74,73,95,64,61,10,6,73,98,,32,60,19,93,91
20251024,22,PM2.5_24h,65,62,81,38,30,80,85,43,46,76,56,60,74,75,44,44,33,38,54,11,15,17,11,17,34,20,15,18,19,18,24,16,31,18,12,21,20,19,18,17,9,21,19,20,18,11,15,26,42,18,70,19,27,25,21,24,22,25,24,22,23,17,21,17,19,7,23,21,7,53,22,22,33,106,29,27,52,25,47,30,26,41,12,24,46,61,18,34,28,15,19,53,36,19,11,13,25,20,25,20,19,19,25,20,19,17,20,20,18,63,45,74,72,81,41,60,51,54,39,53,26,34,21,22,16,22,82,77,77,86,81,88,30,47,23,32,31,24,25,25,9,5,23,28,25,18,7,15,17,17,62,51,35,43,81,52,41,52,21,42,,,,,,,,,,,,,,,,,,,,,,,,,,,,,,36,63,17,57,36,78,59,41,49,43,34,10,61,35,26,8,37,35,57,48,38,38,56,35,34,30,26,26,37,32,89,23,36,54,21,40,24,30,30,37,27,22,16,21,36,36,22,51,23,19,7,19,17,13,16,16,23,21,21,24,21,20,22,15,72,70,70,95,95,76,53,71,14,54,80,17,65,26,17,25,34,18,25,27,29,28,29,24,28,22,23,25,23,22,20,24,27,21,26,13,6,6,19,8,3,17,10,4,8,11,15,,4,16,48,59,21,37,27,27,,24,12,8,13,16,22,19,30,15,16,11,18,21,13,8,5,3,18,,4,5,23,25,44,46,33,11,70,55,21,,25,,12,,15,22,20,20,12,11,5,14,21,26,8,46,39,94,40,54,70,76,71,26,15,6,54,126,,26,27,17,80,82
20251024,22,PM10,116,119,137,95,106,134,121,91,114,122,110,130,117,142,37,116,70,116,156,36,46,33,42,41,91,45,41,53,53,46,50,47,75,45,27,43,43,32,37,31,24,69,45,45,52,35,23,56,111,64,109,38,51,57,52,58,61,53,55,50,57,34,43,34,40,18,49,36,22,70,57,31,85,211,45,49,92,51,98,61,39,162,25,90,137,123,60,78,113,75,52,103,68,69,42,36,44,45,69,53,42,31,31,43,37,45,41,43,29,145,67,75,75,136,99,131,154,113,126,121,67,86,52,60,48,54,107,118,120,126,150,94,60,82,49,59,51,31,50,60,20,13,38,51,53,37,18,30,36,34,91,60,42,58,110,95,80,130,92,242,,,,,,,,,,,,,,,,,,,,,,,,,,,,,,90,133,29,67,103,169,78,99,114,79,64,19,103,34,42,17,68,125,167,112,133,117,195,55,87,67,43,56,161,111,184,66,78,157,64,136,78,83,89,73,81,50,29,54,74,82,58,90,65,56,26,33,27,21,20,33,60,47,69,50,66,56,111,41,110,119,138,154,208,125,77,195,51,73,151,48,137,28,51,54,62,36,39,49,56,52,63,40,56,38,50,58,48,46,44,59,38,50,48,15,16,29,36,8,13,28,30,8,15,24,12,,6,24,46,106,33,16,45,48,,43,25,30,28,38,21,22,30,15,47,18,35,26,,14,27,48,79,,9,13,60,36,69,53,26,32,86,62,35,,58,,38,,,45,31,27,37,25,18,34,87,74,16,216,93,223,118,223,205,241,181,158,71,92,176,191,,47,92,35,135,
20251024,22,PM10_24h,91,105,109,73,58,83,101,62,82,105,80,84,88,103,62,69,49,58,85,30,37,39,28,40,65,39,40,41,39,37,47,37,56,37,32,35,38,39,37,34,27,42,40,40,39,24,18,45,75,39,83,33,47,41,36,40,40,40,44,34,36,28,31,31,32,13,33,35,12,78,37,30,57,189,43,44,77,45,71,45,39,76,24,47,84,104,41,61,54,30,48,77,54,40,27,38,37,33,34,37,28,25,38,34,32,28,36,40,26,101,66,79,118,120,67,103,75,84,60,76,59,56,44,41,38,38,117,89,99,113,135,95,45,60,39,56,41,35,39,41,15,6,33,46,39,29,12,24,25,26,97,59,37,38,92,90,94,84,70,163,,,,,,,,,,,,,,,,,,,,,,,,,,,,,,65,104,27,99,64,109,105,52,89,72,58,22,95,48,35,17,49,67,101,63,53,63,104,61,77,52,44,40,66,60,112,35,60,90,47,64,36,60,61,61,50,37,30,39,64,67,46,80,41,38,23,31,29,20,24,27,39,39,40,42,42,38,45,34,95,98,96,142,159,119,75,128,35,68,137,34,102,37,29,40,55,27,40,41,34,44,44,39,43,35,41,37,39,38,30,39,38,29,38,23,11,19,24,10,15,25,27,6,13,16,15,,5,24,60,62,27,45,37,37,,33,25,26,24,35,20,25,34,23,30,16,31,26,20,19,12,13,35,,10,10,31,37,65,58,44,21,96,108,34,,29,,27,,16,34,22,28,27,28,9,27,36,43,11,139,113,180,100,172,195,221,205,73,63,30,130,227,,39,50,16,110,66
20251024,22,SO2,3,9,3,6,12,7,5,7,5,3,4,7,5,15,7,10,7,7,13,6,5,6,4,7,9,5,8,9,6,11,9,10,9,8,5,4,8,8,8,6,4,3,5,4,6,5,2,8,7,7,9,6,7,8,8,7,9,6,8,7,11,7,9,7,7,4,5,4,5,2,5,10,6,10,5,10,12,8,12,10,5,27,3,8,13,8,6,10,12,7,6,7,3,8,5,5,9,14,13,15,7,7,7,7,9,3,5,9,6,7,7,9,6,8,18,14,13,10,11,12,12,7,9,7,5,5,6,4,9,10,8,6,8,9,11,6,8,10,8,10,5,7,6,13,7,6,2,5,5,4,3,3,4,5,4,3,10,13,6,8,,,,,,,,,,,,,,,,,,,,,,,,,,,,,,6,4,5,3,5,12,5,12,4,10,31,10,10,9,6,4,14,22,9,21,9,8,6,13,11,8,5,5,14,12,11,5,7,8,11,7,6,7,9,10,9,8,5,8,8,9,3,9,8,7,5,3,4,10,6,5,10,17,9,6,9,10,6,8,6,6,9,12,8,10,3,6,7,6,11,8,4,10,5,6,5,6,7,7,6,5,7,5,8,8,9,5,4,4,4,12,6,8,8,1,3,6,4,6,6,6,8,5,9,4,5,,6,10,3,15,4,8,3,3,,4,6,3,11,5,6,7,5,5,8,6,8,7,7,3,4,14,12,,9,3,6,6,5,4,16,8,7,5,9,,3,,6,,5,11,8,10,12,12,2,18,8,7,4,6,10,11,9,5,7,10,4,11,6,3,12,11,,7,8,3,9,7
20251024,22,SO2_24h,3,10,3,10,9,7,6,7,6,4,5,7,6,10,8,10,9,7,11,6,5,7,4,8,9,5,9,9,6,10,9,8,9,8,6,4,7,9,8,6,4,3,5,4,6,5,2,8,8,6,10,8,6,7,8,7,8,7,7,6,8,7,6,7,7,4,4,4,5,2,6,12,10,10,5,8,16,10,17,10,7,20,3,8,15,10,5,9,8,6,7,7,4,11,4,6,9,8,10,12,7,6,7,6,7,3,5,8,3,8,10,15,8,10,19,22,11,10,17,10,7,9,9,7,7,4,9,6,10,11,8,10,7,9,9,6,8,8,8,8,4,7,6,38,8,5,2,5,4,5,3,4,4,5,5,5,21,13,7,10,,,,,,,,,,,,,,,,,,,,,,,,,,,,,,6,5,5,5,6,10,8,12,5,19,11,6,13,11,7,5,12,16,9,9,9,8,9,16,13,11,5,7,10,12,11,5,6,7,9,7,5,7,8,9,8,8,5,7,8,8,4,9,8,7,5,4,4,7,6,5,11,15,20,6,11,8,7,7,9,8,10,8,8,11,4,6,7,7,11,8,4,9,4,6,5,6,7,7,7,6,5,7,7,8,9,5,5,4,4,15,4,7,9,3,3,6,5,5,5,6,8,5,9,4,5,,6,12,3,15,4,12,5,4,,5,6,3,11,5,5,12,7,14,7,6,10,6,7,3,4,10,8,,8,4,6,5,5,5,37,8,8,8,10,,3,,6,,4,13,6,10,11,11,2,17,7,7,4,6,11,13,8,5,10,7,6,7,4,4,13,13,,13,9,3,10,7
20251024,22,NO2,46,69,56,53,60,58,61,37,47,43,74,75,66,58,36,82,34,73,55,22,31,28,19,36,67,22,34,27,29,21,31,27,38,41,14,26,31,24,27,13,9,61,32,31,29,11,13,21,66,45,47,24,21,48,28,35,45,36,43,34,22,22,25,9,20,20,13,23,24,30,47,26,74,89,21,24,55,53,76,52,44,77,10,70,90,75,38,45,55,57,45,52,54,58,13,39,12,22,26,17,16,11,12,23,17,9,19,36,10,43,47,27,20,48,72,60,68,62,70,58,25,54,23,33,24,22,33,58,57,42,35,26,21,24,24,12,10,9,10,27,8,12,19,26,19,24,14,11,11,14,25,21,21,27,28,36,32,62,47,75,,,,,,,,,,,,,,,,,,,,,,,,,,,,,,22,31,12,17,49,59,12,46,60,57,37,9,63,25,18,30,16,54,70,47,70,68,68,40,48,24,20,40,61,25,28,26,28,39,28,29,37,24,37,39,40,15,10,19,33,29,32,30,32,34,9,40,26,10,13,11,35,17,26,14,19,17,16,17,29,37,62,49,29,22,55,29,25,16,29,30,18,17,31,36,29,13,16,15,21,31,21,11,13,10,7,11,13,10,15,27,13,23,12,4,22,9,14,22,16,9,27,15,21,14,14,,12,8,10,16,12,8,6,13,,8,6,10,16,7,9,7,8,16,16,11,14,12,6,5,15,44,45,,6,2,13,51,15,24,15,13,37,24,12,,20,,11,,8,7,4,1,21,2,35,4,68,53,15,73,76,127,69,73,56,88,43,87,9,51,70,72,,11,58,10,62,28
20251024,22,NO2_24h,38,55,37,39,43,39,38,27,36,35,48,48,36,41,48,55,25,47,48,18,20,27,14,26,33,18,29,25,23,18,29,19,27,25,17,18,24,25,23,13,9,33,23,20,23,10,11,18,42,24,38,23,17,22,14,21,23,23,25,17,13,15,16,10,20,17,11,22,11,29,28,26,42,53,17,23,52,33,42,28,37,50,9,29,54,45,28,35,22,18,36,34,25,26,12,28,11,15,16,14,12,10,12,14,14,4,17,19,12,30,33,25,30,41,45,56,43,47,40,41,23,34,20,26,22,20,38,36,38,34,29,30,20,20,20,11,8,9,10,12,7,10,16,22,15,17,12,11,8,11,25,20,23,26,28,21,31,37,22,28,,,,,,,,,,,,,,,,,,,,,,,,,,,,,,19,28,11,20,27,37,17,29,43,40,40,14,39,35,23,20,14,38,49,39,37,41,39,34,28,29,32,27,30,20,27,18,35,30,23,30,17,24,27,27,24,13,7,14,28,24,23,24,29,21,8,16,13,6,12,7,16,14,18,11,16,11,8,16,29,32,44,35,27,22,32,24,13,21,28,18,18,18,14,22,21,7,16,13,18,16,10,10,13,11,4,8,14,9,9,20,11,10,8,6,15,9,14,16,15,11,24,13,13,10,9,,10,7,10,11,10,13,8,10,,7,8,9,13,10,7,14,9,14,9,10,13,12,10,6,6,10,20,,11,2,10,33,14,25,27,13,33,27,18,,12,,7,,9,15,8,4,13,3,13,5,25,27,12,39,48,55,27,34,20,47,35,25,12,20,39,62,,17,20,10,46,27
20251024,22,O3,17,13,7,8,15,34,19,13,2,29,10,4,17,20,44,9,58,15,45,83,56,73,83,43,14,68,64,76,65,83,59,57,50,51,89,57,68,77,63,94,91,12,45,22,78,103,80,92,11,39,35,69,100,43,56,52,39,52,51,48,60,59,36,101,30,19,48,30,76,28,11,66,5,40,93,101,27,26,4,12,36,5,95,13,7,9,45,29,22,35,47,29,25,27,83,52,80,49,62,59,55,70,96,68,84,53,53,36,45,50,9,52,59,5,7,16,13,12,6,20,39,12,50,66,80,96,43,29,24,32,52,46,80,70,93,114,99,96,104,53,69,23,22,34,32,23,24,34,51,30,46,55,46,42,37,,64,32,25,4,,,,,,,,,,,,,,,,,,,,,,,,,,,,,,86,63,55,60,21,24,66,44,3,24,53,34,34,60,45,25,89,23,14,24,9,5,14,17,14,60,52,16,7,50,50,26,52,27,55,78,13,74,51,43,53,99,42,73,65,74,59,57,64,56,106,18,29,64,76,69,62,95,73,108,110,85,92,74,55,42,20,41,57,75,20,62,68,60,50,62,84,87,61,47,47,37,107,106,100,27,75,91,118,109,77,71,78,97,75,26,82,17,66,40,35,32,27,19,15,41,6,30,11,28,41,,43,51,57,53,85,25,53,68,,64,35,36,37,31,31,40,35,27,19,46,34,20,70,73,82,38,53,,82,72,61,12,52,77,54,57,44,72,39,,40,,22,,65,77,100,57,69,91,51,82,9,10,34,22,11,9,17,11,41,6,50,6,70,15,32,35,,77,42,70,20,44
20251024,22,O3_24h,,,,,,,,,,,,,,,,,,,,,,,,,,,,,,,,,,,,,,,,,,,,,,,,,,,,,,,,,,,,,,,,,,,,,,,,,,,,,,,,,,,,,,,,,,,,,,,,,,,,,,,,,,,,,,,,,,,,,,,,,,,,,,,,,,,,,,,,,,,,,,,,,,,,,,,,,,,,,,,,,,,,,,,,,,,,,,,,,,,,,,,,,,,,,,,,,,,,,,,,,,,,,,,,,,,,,,,,,,,,,,,,,,,,,,,,,,,,,,,,,,,,,,,,,,,,,,,,,,,,,,,,,,,,,,,,,,,,,,,,,,,,,,,,,,,,,,,,,,,,,,,,,,,,,,,,,,,,,,,,,,,,,,,,,,,,,,,,,,,,,,,,,,,,,,,,,,,,,,,,,,,,,,,,,,,,,,,
20251024,22,O3_8h,46,52,50,45,59,85,71,44,28,74,83,69,74,72,46,59,85,66,73,100,98,98,97,83,84,96,93,95,96,91,86,98,88,102,97,88,99,106,99,95,97,83,92,73,97,105,86,114,78,85,63,106,119,91,92,118,90,105,104,90,85,86,76,104,46,37,68,74,103,44,66,78,63,106,117,123,47,76,71,71,66,81,95,74,95,78,89,97,91,96,91,86,82,92,89,90,99,81,81,85,81,73,90,101,94,69,72,82,66,104,41,86,76,19,59,53,81,65,75,76,58,70,67,104,105,116,51,82,63,55,86,73,110,114,127,122,117,105,105,90,80,34,31,57,44,37,30,39,55,64,54,62,56,56,63,90,96,69,74,96,,,,,,,,,,,,,,,,,,,,,,,,,,,,,,102,111,73,78,79,83,87,64,55,74,81,58,88,81,68,74,100,79,61,77,79,70,82,74,81,80,69,72,75,78,84,68,65,71,68,69,62,102,95,90,106,118,98,105,110,94,98,90,103,101,104,78,79,84,102,89,117,118,112,119,128,119,116,111,84,79,71,80,96,94,75,117,107,61,64,108,110,109,116,110,84,83,110,123,121,89,109,109,120,109,98,78,89,104,94,51,99,62,99,50,42,37,41,35,40,42,27,39,42,43,45,,54,68,58,74,111,36,59,83,,71,69,52,57,67,56,54,47,40,58,51,75,35,81,87,102,105,92,,96,85,76,62,90,87,75,53,79,92,34,,59,,36,,72,85,93,68,94,88,88,92,59,48,37,81,69,131,80,65,101,86,94,81,86,90,88,108,,89,113,60,70,52
20251024,22,O3_8h_24h,37,40,35,33,31,68,58,31,18,64,53,44,60,63,35,25,78,40,59,94,88,87,92,65,62,84,80,84,88,87,78,87,77,89,94,73,91,98,89,93,94,52,71,57,91,105,80,111,55,65,53,95,117,70,79,103,73,91,88,76,78,73,65,104,37,19,60,64,95,40,52,75,48,96,113,120,39,64,49,38,45,51,95,55,60,51,72,63,68,75,73,68,59,60,84,76,92,68,76,75,67,71,82,94,91,65,65,60,56,88,32,70,72,15,41,31,37,35,49,45,48,41,59,89,98,110,47,63,55,45,79,52,95,100,123,122,107,98,105,77,77,32,28,53,42,30,27,36,49,51,53,60,49,48,53,90,90,57,63,75,,,,,,,,,,,,,,,,,,,,,,,,,,,,,,96,100,61,69,63,72,75,60,35,70,65,45,71,78,52,53,100,53,34,49,60,39,43,46,51,67,54,44,38,61,71,46,49,44,65,68,46,95,82,75,91,115,81,94,93,90,85,81,91,86,104,58,63,75,99,82,102,113,100,119,126,110,112,101,74,64,52,72,84,92,61,101,99,63,60,94,97,103,101,94,68,67,110,120,112,69,101,105,119,106,91,87,86,104,90,46,94,48,92,47,37,34,39,22,18,42,24,31,36,39,39,,51,62,58,68,99,34,58,76,,69,57,45,46,53,48,45,43,36,50,50,62,32,72,84,99,84,75,,92,81,72,47,69,82,65,52,72,91,34,,53,,30,,68,83,93,66,91,88,84,88,51,42,37,67,58,112,69,62,86,76,85,66,84,48,77,101,,87,98,60,53,50
20251024,22,CO,0.75,0.96,0.89,1.20,1.25,0.73,0.61,0.90,1.13,0.80,1.03,0.85,0.80,1.17,0.48,1.32,0.68,1.26,0.86,0.51,0.52,0.46,0.56,0.64,0.68,0.42,0.59,0.63,0.62,0.58,0.52,0.56,0.83,0.53,0.39,0.42,0.45,0.33,0.60,0.35,0.50,0.67,0.43,0.43,0.49,0.35,0.38,0.56,1.15,0.53,0.73,0.35,0.44,0.61,0.69,0.48,0.71,0.50,0.60,0.65,0.69,0.44,0.53,0.28,0.49,0.47,0.39,0.58,0.40,0.74,0.80,0.50,0.82,1.15,0.57,0.77,1.11,0.58,1.26,1.05,0.47,1.43,0.30,1.03,1.12,0.93,0.42,0.62,0.67,0.70,0.50,0.58,0.75,0.96,0.46,0.40,0.60,0.74,0.70,0.88,0.47,0.63,0.50,0.57,0.60,0.40,0.66,0.50,0.43,0.55,1.18,0.65,0.87,1.22,1.02,1.28,1.55,1.32,1.38,1.28,0.68,0.80,0.52,0.73,0.50,0.58,0.74,0.60,0.88,0.90,0.76,0.63,0.47,0.60,0.68,0.42,0.37,0.43,0.53,0.47,0.50,0.44,0.58,0.92,0.50,0.40,0.65,0.30,0.54,0.50,0.70,0.70,0.63,0.70,0.70,1.00,0.77,1.12,0.64,1.30,,,,,,,,,,,,,,,,,,,,,,,,,,,,,,0.40,0.60,0.37,0.56,0.74,1.27,0.52,1.10,0.70,0.78,0.50,0.60,0.90,0.35,0.50,0.40,1.00,0.96,1.45,0.95,1.32,0.83,1.45,0.80,1.00,0.45,0.30,0.80,1.27,0.67,0.63,0.62,0.63,0.90,0.55,0.55,0.65,0.40,0.38,0.63,0.73,0.43,0.45,0.28,0.40,0.43,0.38,0.50,0.60,0.33,0.53,0.67,0.60,0.50,0.40,0.77,0.63,0.42,0.43,0.60,0.55,0.46,0.97,0.43,0.76,0.77,0.83,0.73,0.72,0.75,0.67,0.53,0.43,0.73,0.56,0.60,0.50,0.55,0.57,0.30,0.67,0.53,0.73,0.65,0.60,0.53,0.43,0.20,0.55,0.30,0.57,0.50,0.55,0.53,0.47,0.65,0.53,0.75,0.60,0.50,0.70,0.33,0.42,0.60,0.47,0.50,0.40,0.65,0.65,0.47,0.60,,0.65,0.57,0.55,0.80,0.40,0.60,0.45,0.55,,0.45,0.55,0.60,0.70,0.45,0.60,0.70,0.30,0.45,0.70,0.55,0.65,0.55,0.40,0.20,0.35,0.85,1.10,,0.30,0.25,0.50,0.80,0.60,0.55,0.45,0.90,0.70,0.55,0.65,,0.60,,0.55,,0.50,0.60,0.40,0.30,0.70,0.30,0.50,0.40,1.10,0.70,0.57,1.35,0.70,1.85,0.90,1.00,0.40,1.90,0.30,1.55,0.30,0.40,0.80,1.00,,0.40,0.50,0.25,0.92,0.60
20251024,22,CO_24h,0.71,0.93,0.68,0.89,0.57,0.67,0.57,0.68,0.83,0.67,0.72,0.63,0.60,1.07,0.79,0.78,0.60,0.60,0.79,0.47,0.47,0.66,0.43,0.64,0.48,0.38,0.63,0.55,0.48,0.50,0.62,0.52,0.68,0.49,0.42,0.34,0.50,0.47,0.65,0.38,0.50,0.50,0.40,0.37,0.44,0.37,0.38,0.50,0.79,0.32,0.66,0.43,0.39,0.48,0.58,0.38,0.57,0.43,0.47,0.50,0.54,0.38,0.50,0.34,0.46,0.49,0.39,0.55,0.27,0.70,0.70,0.60,0.72,0.98,0.52,0.68,1.40,0.56,1.06,0.65,0.43,0.80,0.33,0.50,0.86,0.80,0.40,0.53,0.52,0.35,0.48,0.40,0.60,0.94,0.34,0.42,0.50,0.60,0.52,0.60,0.50,0.60,0.60,0.50,0.53,0.20,0.54,0.40,0.43,0.50,1.06,1.03,0.95,1.23,0.78,1.56,0.92,1.13,0.90,0.90,0.56,0.46,0.53,0.58,0.53,0.55,0.69,0.66,0.80,0.90,0.62,0.60,0.45,0.53,0.68,0.42,0.30,0.43,0.43,0.49,0.50,0.40,0.58,1.02,0.50,0.40,0.65,0.35,0.50,0.43,0.70,0.90,0.80,0.70,0.70,0.80,0.87,0.88,0.48,0.73,,,,,,,,,,,,,,,,,,,,,,,,,,,,,,0.40,0.60,0.40,0.66,0.58,1.13,0.62,0.93,0.87,1.00,0.60,0.60,0.85,0.75,0.60,0.25,0.80,1.22,0.90,0.68,0.70,0.57,0.80,0.75,0.70,0.40,0.35,0.57,0.72,0.70,0.60,0.53,0.60,0.70,0.55,0.45,0.40,0.38,0.34,0.53,0.58,0.40,0.35,0.25,0.30,0.38,0.30,0.47,0.63,0.33,0.53,0.50,0.50,0.40,0.40,0.70,0.57,0.42,0.38,0.56,0.47,0.40,0.57,0.37,0.84,0.80,0.77,0.63,0.64,0.65,0.63,0.50,0.38,0.70,0.56,0.40,0.48,0.40,0.47,0.20,0.67,0.47,0.72,0.65,0.60,0.37,0.30,0.20,0.55,0.25,0.47,0.40,0.63,0.47,0.40,0.53,0.50,0.60,0.50,0.50,0.63,0.40,0.40,0.55,0.50,0.50,0.38,0.65,0.65,0.45,0.70,,0.90,0.63,0.53,0.53,0.35,0.60,0.50,0.45,,0.55,0.60,0.60,0.65,0.40,0.70,0.75,0.30,0.45,0.55,0.65,0.60,0.55,0.45,0.30,0.30,0.40,0.50,,0.30,0.30,0.50,0.77,0.50,0.50,0.95,0.70,0.90,0.70,0.55,,0.50,,0.75,,0.45,0.70,0.50,0.40,0.60,0.40,0.40,0.40,0.57,0.55,0.57,0.95,0.50,1.10,0.50,0.70,0.25,0.80,0.80,0.60,0.50,0.20,0.60,1.20,,0.45,0.20,0.45,0.73,0.57
20251024,23,AQI,115,98,128,80,88,131,134,79,101,125,99,93,110,126,25,98,64,108,217,39,51,36,41,44,70,50,47,55,53,40,48,47,63,44,28,42,36,32,37,30,29,55,40,41,51,34,26,54,84,57,126,34,51,53,52,55,53,51,54,52,51,35,42,32,39,15,52,34,27,70,54,34,64,161,45,47,63,46,93,57,41,108,30,72,108,95,59,68,85,60,52,99,64,56,37,30,47,48,90,47,27,32,31,41,37,53,36,41,31,116,73,75,85,109,84,95,120,89,110,109,65,73,51,53,44,49,99,110,109,160,138,80,54,90,51,56,51,32,48,52,23,12,43,49,51,46,17,31,33,33,88,65,43,83,126,62,58,100,70,159,,,,,,,,,,,,,,,,,,,,,,,,,,,,,,72,89,28,51,89,141,55,96,79,75,56,19,84,30,34,14,76,113,114,98,109,73,200,44,79,64,39,48,101,75,191,64,81,108,64,111,61,65,66,65,68,51,34,49,65,65,54,71,55,56,32,39,38,25,23,34,51,50,56,51,55,52,125,40,120,118,105,157,151,125,67,131,54,64,106,48,108,40,41,53,55,46,46,48,63,52,56,41,51,42,43,65,45,46,43,53,39,46,54,20,24,27,40,9,13,26,27,10,15,31,19,,15,26,51,100,33,12,49,50,,44,26,31,26,38,33,33,27,18,38,16,36,29,22,22,24,47,46,,26,20,41,34,60,50,35,29,71,65,34,,63,,36,,29,57,31,26,43,29,21,33,89,68,15,107,83,143,87,128,123,261,107,108,90,65,111,138,,49,78,33,125,121
20251024,23,PM2.5,87,73,97,59,65,100,102,58,76,95,74,69,83,96,11,73,46,81,167,14,22,14,22,24,46,29,18,27,31,19,26,23,41,22,9,25,18,13,17,12,8,35,21,23,23,17,15,38,62,30,96,19,30,33,33,33,33,32,33,34,33,22,29,19,25,7,35,21,9,51,32,24,37,123,30,27,32,25,69,38,29,77,13,49,81,71,39,49,63,43,21,74,44,33,21,10,33,32,67,27,19,22,22,23,20,23,25,24,22,88,53,55,63,82,62,71,91,66,83,82,39,53,24,30,23,29,74,83,82,122,105,59,38,67,35,39,36,22,32,35,11,6,30,32,36,25,10,17,21,19,65,47,30,61,96,42,36,75,26,56,,,,,,,,,,,,,,,,,,,,,,,,,,,,,,38,54,15,25,66,108,26,72,38,52,37,13,62,19,24,10,56,85,86,73,82,53,150,31,36,46,20,29,71,39,144,46,60,81,46,84,44,41,43,47,49,35,19,28,43,46,25,52,37,31,12,23,23,17,15,14,35,35,37,30,35,32,95,19,91,89,79,120,116,95,42,100,25,46,80,24,81,19,29,36,37,32,27,33,45,36,40,27,35,24,28,47,29,27,30,33,25,32,38,13,17,8,24,4,3,18,10,5,8,22,13,,3,14,36,75,23,8,34,35,,31,18,3,14,22,23,23,19,9,25,11,20,20,10,7,9,23,30,,3,5,29,24,43,35,23,19,52,41,22,,45,,10,,20,27,18,11,11,17,14,22,66,41,10,45,46,109,40,68,71,147,66,60,8,18,75,105,,32,57,20,95,92
20251024,23,PM2.5_24h,67,63,82,39,32,81,86,44,48,77,56,60,74,77,42,45,34,40,60,12,16,16,12,17,34,20,15,19,20,18,24,17,31,19,12,21,20,19,18,17,9,22,19,20,18,11,15,26,42,18,71,20,27,26,22,24,22,25,24,22,24,18,22,17,19,7,23,21,7,53,23,22,33,107,29,27,51,25,48,31,26,42,12,24,47,62,19,35,30,16,20,54,37,20,11,13,26,21,28,21,20,19,26,21,19,18,20,21,18,63,46,73,73,81,42,61,52,55,40,54,27,34,21,22,16,22,82,78,77,88,82,87,30,48,23,32,31,24,25,25,9,5,23,29,26,19,8,15,17,17,63,51,35,44,82,51,40,53,21,42,,,,,,,,,,,,,,,,,,,,,,,,,,,,,,35,63,17,55,37,80,58,42,48,44,33,10,60,34,25,8,38,37,58,49,40,38,58,34,34,31,24,26,38,33,93,24,36,55,22,42,25,31,30,36,28,22,17,21,37,36,22,50,23,19,7,19,17,13,16,16,24,22,21,24,22,21,25,15,73,71,70,96,97,77,53,73,14,54,81,17,67,26,18,25,34,19,25,28,30,28,29,24,28,22,23,27,24,23,21,24,27,22,27,13,7,6,19,8,3,17,10,4,8,11,15,,4,15,48,60,22,37,27,27,,25,12,7,13,16,22,19,30,15,16,11,18,21,12,8,5,4,19,,4,5,24,25,45,47,33,11,68,53,21,,27,,12,,15,22,20,20,12,11,6,14,23,26,8,46,39,95,40,54,69,78,70,28,13,7,54,124,,26,29,18,81,83
20251024,23,PM10,116,122,134,96,103,124,127,83,113,127,117,109,115,147,25,136,65,113,183,39,51,36,41,44,89,50,47,60,55,40,48,47,76,44,27,42,36,32,37,30,24,59,40,41,51,34,22,56,111,64,112,34,51,55,53,60,55,52,58,53,52,35,42,32,39,15,54,34,17,71,58,31,78,221,45,47,75,46,101,64,,165,27,93,136,121,68,76,106,67,54,105,77,62,37,30,45,48,74,47,26,32,30,41,37,55,31,41,30,147,71,60,72,128,99,120,152,110,144,114,80,87,51,55,44,49,90,107,105,160,163,71,54,94,52,62,45,32,48,54,17,12,39,49,51,46,17,31,33,33,100,56,36,60,112,73,66,122,90,268,,,,,,,,,,,,,,,,,,,,,,,,,,,,,,94,127,28,52,100,172,59,93,107,99,62,19,99,30,27,14,64,115,142,94,114,94,209,43,107,65,39,48,151,100,165,59,88,148,69,122,70,80,82,80,82,52,34,49,80,80,57,87,59,61,27,39,38,25,23,34,52,50,61,51,59,54,130,40,120,115,153,166,209,116,84,179,57,72,127,48,129,40,41,55,60,38,46,48,49,53,62,41,52,42,43,36,45,46,43,55,39,42,47,20,20,27,40,6,13,26,27,9,15,26,,,6,26,50,80,27,12,43,48,,41,22,31,26,38,21,28,27,18,38,16,36,26,12,12,24,47,46,,8,10,35,34,67,38,35,29,74,79,34,,58,,36,,14,64,31,26,43,29,21,33,101,86,15,164,116,226,124,205,196,393,164,166,129,80,171,217,,49,92,33,134,
20251024,23,PM10_24h,93,106,110,74,60,84,102,63,84,106,81,85,90,106,61,73,50,60,89,31,38,38,29,39,64,40,40,42,40,37,47,37,57,37,32,35,39,39,38,33,27,43,40,40,40,25,18,45,76,40,83,33,47,42,37,42,41,41,44,35,37,28,32,31,32,12,34,35,12,77,38,30,58,190,43,44,76,44,73,47,37,78,24,49,85,106,42,62,56,32,49,77,55,41,27,38,37,34,37,37,28,25,38,34,32,30,36,40,26,101,67,78,116,121,68,104,78,85,61,77,60,57,44,42,39,38,114,89,98,114,136,94,45,62,39,57,41,35,39,42,16,7,33,47,40,30,12,24,26,27,98,59,37,39,92,88,93,84,69,165,,,,,,,,,,,,,,,,,,,,,,,,,,,,,,66,106,27,96,66,113,104,55,90,74,56,21,95,47,32,16,50,69,103,64,55,64,107,60,78,52,42,41,69,63,117,37,59,93,47,66,37,61,62,61,50,38,30,39,65,67,47,80,42,39,24,31,29,20,24,27,39,40,41,43,43,39,47,34,96,98,97,142,160,120,75,130,36,69,138,35,104,36,30,40,56,28,41,42,34,44,45,39,44,35,42,39,40,39,30,39,38,30,38,23,12,20,25,9,15,25,27,7,13,15,15,,5,24,60,63,27,44,37,38,,34,25,26,24,36,20,25,33,23,29,16,31,26,19,19,13,14,35,,9,10,31,37,66,57,45,22,93,105,34,,30,,27,,16,36,23,28,27,28,10,27,38,44,12,139,113,182,100,172,194,226,204,75,66,32,132,226,,39,52,17,111,67
20251024,23,SO2,3,9,3,5,11,8,5,7,4,4,4,8,5,19,6,12,6,7,14,6,5,6,4,6,9,6,9,9,6,12,8,11,9,8,6,4,7,7,8,6,4,2,5,6,6,6,2,8,8,7,8,6,7,8,8,7,9,7,8,8,10,7,9,7,6,4,6,4,6,2,5,12,7,9,5,9,10,8,12,9,5,27,4,9,14,10,6,9,11,6,6,7,3,10,5,5,10,16,16,19,7,6,6,7,9,3,6,8,4,7,7,7,6,7,16,15,11,10,12,10,10,6,8,7,6,5,5,4,9,11,9,7,8,9,13,6,8,10,10,9,5,7,6,12,8,6,2,5,6,4,3,3,4,5,4,6,11,13,6,8,,,,,,,,,,,,,,,,,,,,,,,,,,,,,,6,4,5,3,6,16,5,14,3,9,7,7,12,10,7,4,14,17,9,13,8,7,9,11,9,7,5,6,14,12,10,4,6,11,7,7,5,7,9,9,9,8,5,8,8,9,4,9,7,7,5,3,4,12,5,5,13,19,9,6,9,8,5,8,7,5,10,8,8,10,3,5,7,6,8,7,5,10,4,6,4,6,7,6,8,5,7,6,8,8,8,6,4,4,5,14,5,8,8,1,3,6,5,6,5,6,8,5,10,4,5,,6,10,3,11,4,8,3,3,,4,5,3,10,5,5,7,5,5,8,6,8,7,7,3,4,12,7,,9,4,6,6,5,6,11,8,7,5,9,,3,,6,,5,24,6,10,12,12,2,16,8,7,4,5,9,10,10,6,7,12,5,8,4,3,11,11,,7,8,3,9,6
20251024,23,SO2_24h,3,10,3,10,9,7,5,7,6,5,5,7,6,10,8,10,9,7,11,6,5,7,4,8,9,5,9,9,6,10,9,8,9,8,6,4,7,9,8,6,4,3,5,4,6,5,2,8,8,6,10,8,6,8,8,7,8,7,7,6,8,6,6,7,7,4,4,4,5,2,6,12,10,10,5,8,16,10,17,10,7,20,3,8,15,10,5,9,8,6,7,7,4,11,4,6,9,8,10,12,7,6,7,6,7,3,5,8,3,7,10,15,8,10,19,22,12,11,18,10,7,8,9,7,7,4,9,6,10,11,8,10,7,9,10,6,8,8,8,8,4,7,6,38,8,5,2,5,4,5,3,4,4,5,5,5,21,13,7,10,,,,,,,,,,,,,,,,,,,,,,,,,,,,,,6,5,5,5,6,10,8,12,5,19,11,6,13,11,7,5,12,17,9,9,9,8,9,16,13,10,4,7,10,12,11,5,6,7,9,7,5,7,8,9,8,8,5,7,8,7,4,9,8,7,5,4,4,8,6,5,11,15,20,6,11,8,7,7,9,8,10,8,8,11,4,6,7,8,11,8,4,9,4,6,5,6,7,7,7,6,5,7,8,8,9,5,5,4,4,15,4,7,9,3,3,6,5,5,5,6,9,5,9,4,5,,6,12,3,15,4,12,5,4,,4,6,3,11,5,5,12,7,13,8,6,10,6,7,3,4,10,8,,8,4,6,5,5,5,37,8,8,8,10,,3,,6,,4,13,6,10,11,11,2,17,7,7,4,6,11,13,8,5,10,7,5,7,4,4,13,13,,13,9,3,10,7
20251024,23,NO2,45,73,55,51,55,61,63,30,47,43,81,75,74,58,35,83,29,71,55,24,35,33,20,41,69,22,36,28,31,20,31,25,41,34,13,25,26,26,26,13,10,51,33,33,30,11,12,22,62,49,37,23,26,48,29,36,44,38,44,35,20,24,28,9,20,20,11,24,17,28,44,24,73,90,20,25,50,52,78,43,38,73,12,72,89,73,36,40,53,45,47,56,53,46,12,37,12,22,24,18,16,10,12,22,16,7,18,48,11,38,44,20,19,45,66,58,63,60,67,59,25,51,24,29,24,22,24,50,53,47,35,26,19,23,23,12,10,9,10,19,7,13,17,24,16,22,13,10,12,14,24,15,26,26,23,23,21,53,38,69,,,,,,,,,,,,,,,,,,,,,,,,,,,,,,23,32,11,14,49,65,10,45,56,62,21,8,49,24,10,13,16,57,66,43,60,62,62,27,45,21,23,34,55,23,31,23,29,39,28,29,26,23,29,42,27,15,8,22,32,26,29,26,29,32,9,33,29,12,11,14,21,18,27,12,18,16,17,17,25,33,77,57,27,21,61,29,28,15,22,23,18,15,22,22,33,10,16,14,20,32,19,11,13,13,5,10,13,10,17,29,10,20,11,5,23,9,15,18,18,8,25,13,18,12,13,,8,10,9,14,11,7,6,11,,8,6,9,17,7,8,7,6,13,13,13,13,11,6,5,14,35,18,,4,2,13,57,14,20,14,12,36,48,13,,16,,6,,8,12,7,1,55,2,20,9,70,51,16,47,81,102,55,59,46,89,47,52,14,24,65,57,,9,48,9,60,30
20251024,23,NO2_24h,38,55,38,39,42,39,39,27,36,34,48,48,38,42,46,56,26,48,47,18,20,27,14,27,34,18,29,25,23,18,28,19,27,25,17,18,24,25,23,13,9,33,23,21,23,10,11,18,43,25,38,23,18,23,15,21,24,24,26,18,14,15,16,10,20,17,11,22,12,28,29,26,43,53,17,24,51,33,43,29,36,50,9,31,54,46,29,35,23,19,36,34,26,27,12,29,11,15,16,13,12,10,12,14,14,4,17,20,12,29,34,25,29,42,44,57,44,48,41,41,23,35,20,25,22,20,37,36,38,34,29,30,20,20,20,11,8,9,10,12,7,11,16,23,15,17,12,11,8,11,25,19,22,26,26,20,31,37,22,28,,,,,,,,,,,,,,,,,,,,,,,,,,,,,,19,28,11,20,28,39,17,30,44,41,37,13,39,33,22,19,14,39,50,39,38,42,39,34,29,27,30,27,30,20,27,18,34,30,23,30,17,24,27,27,24,13,7,14,28,24,23,24,29,21,8,16,13,7,12,8,16,14,17,11,16,11,8,16,29,32,45,35,27,22,32,24,13,20,28,19,18,18,15,21,22,6,15,13,18,16,10,10,13,11,4,8,14,9,9,20,10,11,8,6,16,9,14,16,16,11,24,13,13,11,9,,10,7,10,11,10,13,8,10,,7,8,9,13,9,7,14,9,14,9,10,13,12,10,6,6,12,20,,10,2,9,33,14,25,27,13,32,27,17,,12,,7,,9,15,8,4,14,3,14,5,27,27,11,37,48,55,28,34,20,48,34,27,11,21,40,62,,17,22,10,47,28
20251024,23,O3,13,4,6,5,20,26,13,15,2,22,5,2,9,15,44,6,60,13,46,80,47,68,80,36,8,66,62,70,62,78,57,52,46,54,90,59,68,72,64,89,92,19,44,14,73,96,82,85,12,34,49,68,90,42,53,47,37,48,45,43,65,53,30,99,29,20,50,26,87,27,9,69,4,34,92,93,26,22,4,14,39,4,97,9,7,10,44,28,19,42,40,23,24,39,83,51,75,44,58,57,55,70,92,65,84,53,50,18,42,50,11,56,55,3,5,15,9,11,6,13,35,10,47,66,73,92,64,29,25,29,44,52,74,72,92,109,91,99,99,62,73,22,22,31,32,25,24,33,46,28,43,57,33,43,41,58,75,38,37,6,,,,,,,,,,,,,,,,,,,,,,,,,,,,,,79,48,55,62,20,17,68,36,2,15,63,36,45,60,53,43,88,18,13,25,10,6,13,22,13,62,42,16,9,53,40,29,48,26,56,69,17,69,58,35,63,92,40,63,59,73,60,55,65,52,103,19,21,59,73,60,82,90,65,107,107,77,81,74,53,41,15,25,55,73,11,55,63,57,65,63,85,83,68,60,42,38,105,107,94,21,76,88,120,102,80,66,73,93,69,19,83,18,62,38,36,33,26,27,13,43,6,33,12,32,35,,49,45,55,58,88,30,48,74,,56,32,41,33,27,31,44,36,31,21,36,29,19,70,69,73,41,67,,84,65,57,4,55,77,53,62,44,40,37,,38,,31,,66,76,95,67,19,90,67,69,4,6,32,37,7,25,23,26,42,4,45,30,37,37,35,46,,81,45,71,18,40
20251024,23,O3_24h,,,,,,,,,,,,,,,,,,,,,,,,,,,,,,,,,,,,,,,,,,,,,,,,,,,,,,,,,,,,,,,,,,,,,,,,,,,,,,,,,,,,,,,,,,,,,,,,,,,,,,,,,,,,,,,,,,,,,,,,,,,,,,,,,,,,,,,,,,,,,,,,,,,,,,,,,,,,,,,,,,,,,,,,,,,,,,,,,,,,,,,,,,,,,,,,,,,,,,,,,,,,,,,,,,,,,,,,,,,,,,,,,,,,,,,,,,,,,,,,,,,,,,,,,,,,,,,,,,,,,,,,,,,,,,,,,,,,,,,,,,,,,,,,,,,,,,,,,,,,,,,,,,,,,,,,,,,,,,,,,,,,,,,,,,,,,,,,,,,,,,,,,,,,,,,,,,,,,,,,,,,,,,,,,,,,,,,
20251024,23,O3_8h,46,52,50,45,59,85,71,44,28,74,83,69,74,72,42,59,85,66,73,100,98,98,97,83,84,96,93,95,96,91,86,98,88,102,97,88,99,106,99,95,97,83,92,73,97,105,86,114,78,85,63,106,119,91,92,118,90,105,104,90,85,86,76,104,46,37,67,74,103,44,66,78,63,106,117,123,47,76,71,71,66,81,95,74,95,78,89,97,91,96,91,86,82,92,89,90,99,81,81,85,81,73,90,101,94,69,72,82,66,104,41,86,76,19,59,53,81,65,75,76,58,70,67,104,105,116,51,82,63,55,86,73,110,114,127,122,117,105,105,90,80,34,31,57,44,37,30,39,55,64,54,62,56,56,63,90,96,69,74,96,,,,,,,,,,,,,,,,,,,,,,,,,,,,,,102,111,73,78,79,83,87,64,55,74,81,58,88,81,68,74,100,79,61,77,79,70,82,74,81,80,69,72,75,78,84,68,65,71,68,69,62,102,95,90,106,118,98,105,110,94,98,90,103,101,104,78,79,84,102,89,117,118,112,120,128,119,116,111,84,79,71,80,96,94,75,117,107,60,64,108,110,109,116,110,84,83,110,123,121,89,109,109,120,109,98,78,89,104,94,51,99,62,99,50,42,37,41,35,40,42,27,39,42,43,45,,54,68,58,74,111,36,59,83,,71,69,52,57,67,56,54,47,40,58,51,75,35,81,87,102,105,92,,96,85,76,62,90,87,75,54,79,92,34,,59,,36,,72,85,93,68,94,88,88,92,59,48,37,81,69,131,80,65,101,86,94,81,86,90,88,108,,89,113,63,70,52
20251024,23,O3_8h_24h,31,32,28,25,27,59,50,26,14,57,42,33,51,54,32,18,74,32,54,91,80,81,90,58,51,79,76,80,82,85,74,80,70,82,92,69,86,92,82,91,93,42,65,49,87,103,79,106,44,58,50,88,113,63,73,91,65,81,78,70,74,69,59,104,35,18,56,57,92,38,43,74,39,87,109,115,34,55,39,30,40,39,95,45,48,42,65,52,57,68,66,59,50,52,83,71,89,62,71,71,61,70,82,88,89,62,61,52,52,80,27,66,68,12,31,25,28,26,39,36,44,31,56,82,93,106,47,55,49,41,74,49,89,93,118,120,104,97,105,73,75,30,27,50,38,28,26,35,48,47,52,59,45,46,50,84,87,52,58,63,,,,,,,,,,,,,,,,,,,,,,,,,,,,,,92,90,58,66,54,61,72,55,27,63,62,42,63,73,49,48,98,44,26,41,50,30,33,38,41,63,49,35,28,57,62,39,45,36,63,68,39,89,76,67,84,111,73,88,85,87,78,76,86,79,104,44,55,72,95,77,97,108,92,119,123,104,108,95,68,56,42,64,76,89,52,92,92,59,59,87,93,99,94,87,63,61,109,116,108,59,96,102,119,105,88,84,83,103,87,41,91,42,86,45,34,34,37,22,17,41,21,30,33,37,37,,50,58,58,65,95,32,56,74,,66,52,42,43,48,44,43,42,35,45,48,56,29,71,81,95,73,72,,90,78,70,39,64,80,62,53,66,83,33,,51,,30,,67,81,93,66,82,87,82,85,43,36,36,60,49,98,62,54,79,65,77,60,78,43,69,91,,86,88,63,44,49
20251024,23,CO,0.77,0.99,0.92,1.28,1.15,0.77,0.61,0.80,1.13,0.77,1.05,0.80,0.77,1.17,0.42,1.39,0.63,1.20,0.91,0.51,0.55,0.47,0.56,0.64,0.70,0.42,0.75,0.69,0.60,0.50,0.48,0.54,0.90,0.48,0.39,0.40,0.42,0.33,0.55,0.35,0.50,0.57,0.43,0.40,0.51,0.47,0.40,0.60,1.10,0.55,0.69,0.34,0.44,0.59,0.69,0.48,0.70,0.50,0.58,0.65,0.63,0.46,0.57,0.33,0.48,0.47,0.35,0.54,0.28,0.71,0.75,0.53,0.80,1.16,0.55,0.73,0.91,0.56,1.32,1.07,0.53,1.35,0.33,1.09,1.06,0.98,0.56,0.58,0.65,0.60,0.50,0.54,0.77,0.90,0.42,0.38,0.57,0.76,0.70,0.90,0.47,0.67,0.60,0.57,0.60,0.30,0.62,0.55,0.43,0.55,1.18,0.58,1.00,1.25,1.02,1.36,1.40,1.32,1.30,1.20,0.86,0.82,0.60,0.65,0.50,0.57,0.66,0.62,0.80,1.20,0.82,0.47,0.43,0.53,0.68,0.45,0.37,0.43,0.55,0.49,0.50,0.42,0.58,1.00,0.50,0.40,0.65,0.30,0.58,0.45,0.67,0.65,0.67,0.68,0.70,0.80,0.70,1.02,0.62,1.13,,,,,,,,,,,,,,,,,,,,,,,,,,,,,,0.40,0.60,0.40,0.50,0.78,1.63,0.44,1.13,0.70,0.88,0.47,0.60,0.85,0.30,0.40,0.25,0.90,0.98,1.25,0.88,1.23,0.65,1.60,0.65,0.95,0.45,0.30,0.67,1.18,0.87,0.67,0.60,0.60,0.80,0.60,0.55,0.55,0.42,0.38,0.63,0.63,0.43,0.40,0.28,0.40,0.40,0.32,0.47,0.67,0.35,0.53,0.70,0.60,0.60,0.40,0.67,0.60,0.42,0.45,0.60,0.55,0.44,1.00,0.37,0.78,0.77,0.77,0.75,0.70,0.75,0.68,0.53,0.48,0.70,0.52,0.57,0.50,0.50,0.50,0.30,0.67,0.53,0.73,0.60,0.60,0.53,0.37,0.20,0.55,0.30,0.50,0.50,0.60,0.57,0.43,0.63,0.53,0.70,0.55,0.50,0.63,0.33,0.42,0.55,0.50,0.47,0.38,0.60,0.65,0.40,0.60,,0.60,0.60,0.53,0.70,0.40,0.60,0.45,0.55,,0.45,0.55,0.50,0.70,0.45,0.60,0.75,0.27,0.45,0.70,0.55,0.55,0.50,0.40,0.15,0.40,0.65,0.60,,0.25,0.25,0.47,0.93,0.50,0.50,0.45,1.05,0.60,0.65,0.65,,0.55,,0.55,,0.50,0.90,0.30,0.30,0.70,0.30,0.50,0.40,1.17,0.75,0.57,0.95,0.80,1.35,0.80,0.95,0.55,2.65,0.40,0.85,0.30,0.30,0.80,0.95,,0.45,0.40,0.30,0.87,0.60
20251024,23,CO_24h,0.71,0.91,0.69,0.91,0.63,0.67,0.60,0.68,0.83,0.67,0.75,0.63,0.60,1.07,0.76,0.81,0.60,0.64,0.78,0.48,0.50,0.66,0.44,0.64,0.50,0.38,0.63,0.55,0.48,0.50,0.62,0.52,0.70,0.50,0.42,0.34,0.49,0.47,0.65,0.38,0.50,0.50,0.40,0.37,0.44,0.37,0.38,0.51,0.81,0.35,0.66,0.43,0.39,0.48,0.59,0.38,0.57,0.43,0.47,0.50,0.54,0.38,0.50,0.32,0.46,0.48,0.39,0.54,0.27,0.70,0.70,0.60,0.72,0.96,0.52,0.68,1.40,0.54,1.08,0.68,0.43,0.80,0.33,0.53,0.86,0.80,0.42,0.53,0.52,0.38,0.48,0.40,0.62,0.92,0.36,0.42,0.53,0.60,0.52,0.56,0.50,0.60,0.60,0.53,0.53,0.20,0.54,0.40,0.43,0.50,1.06,1.03,0.98,1.25,0.78,1.58,0.93,1.15,0.90,0.90,0.58,0.46,0.53,0.58,0.53,0.55,0.69,0.66,0.80,0.90,0.62,0.60,0.45,0.53,0.68,0.42,0.30,0.43,0.43,0.47,0.50,0.40,0.58,1.02,0.50,0.40,0.65,0.35,0.50,0.45,0.73,0.85,0.80,0.70,0.70,0.80,0.83,0.88,0.48,0.73,,,,,,,,,,,,,,,,,,,,,,,,,,,,,,0.40,0.60,0.40,0.66,0.58,1.13,0.62,0.93,0.87,1.02,0.60,0.60,0.85,0.70,0.60,0.25,0.80,1.20,0.93,0.70,0.75,0.60,0.85,0.75,0.75,0.40,0.35,0.57,0.72,0.70,0.57,0.53,0.60,0.70,0.55,0.45,0.40,0.38,0.34,0.53,0.57,0.40,0.35,0.25,0.34,0.38,0.30,0.47,0.63,0.33,0.53,0.57,0.50,0.40,0.40,0.70,0.55,0.42,0.38,0.58,0.47,0.40,0.60,0.37,0.82,0.80,0.80,0.63,0.64,0.67,0.63,0.50,0.38,0.70,0.56,0.40,0.48,0.45,0.47,0.20,0.67,0.47,0.72,0.65,0.60,0.37,0.33,0.20,0.55,0.25,0.50,0.40,0.65,0.47,0.40,0.53,0.50,0.65,0.55,0.50,0.63,0.37,0.40,0.55,0.47,0.50,0.38,0.65,0.65,0.45,0.70,,0.90,0.63,0.55,0.53,0.35,0.60,0.50,0.50,,0.50,0.60,0.60,0.65,0.40,0.65,0.70,0.30,0.45,0.55,0.65,0.60,0.55,0.45,0.30,0.30,0.45,0.50,,0.30,0.30,0.50,0.77,0.50,0.50,0.90,0.70,0.90,0.70,0.55,,0.50,,0.75,,0.45,0.80,0.50,0.40,0.60,0.40,0.40,0.40,0.60,0.55,0.57,0.95,0.50,1.10,0.50,0.70,0.25,0.85,0.75,0.60,0.50,0.20,0.60,1.20,,0.45,0.20,0.40,0.73,0.57